Gen   ID    Origin   Composition    Enthalpy   Volume  Density   Fitness   KPOINTS  SYMM  Q_entr A_order S_order
                                      (eV)     (A^3)  (g/cm^3)
  1    3   Random    [  10 10 30 ] -1490.294   703.291   4.332  -1490.294 [ 1  1  1]   8  0.235  3.444  2.315
  2   61 keptBest    [  10 10 30 ] -1490.294   703.291   4.332  -1490.294 [ 1  1  1]   8  0.235  3.444  2.315
  3   94 keptBest    [  10 10 30 ] -1490.294   703.291   4.332  -1490.294 [ 1  1  1]   8  0.235  3.444  2.315
  4  124 keptBest    [  10 10 30 ] -1490.294   703.291   4.332  -1490.294 [ 1  1  1]   8  0.235  3.444  2.315
  5  164 softmutate  [  10 10 30 ] -1490.795   967.562   3.149  -1490.795 [ 1  1  1]   1  0.222  3.652  2.580
  6  201 keptBest    [  10 10 30 ] -1490.795   967.562   3.149  -1490.795 [ 1  1  1]   1  0.222  3.652  2.580
  7  235 softmutate  [  10 10 30 ] -1491.655   695.630   4.380  -1491.655 [ 1  1  1]   1  0.228  3.187  2.211
  8  269 keptBest    [  10 10 30 ] -1491.655   695.630   4.380  -1491.655 [ 1  1  1]   1  0.228  3.187  2.211
  9  305 keptBest    [  10 10 30 ] -1491.655   695.630   4.380  -1491.655 [ 1  1  1]   1  0.228  3.187  2.211
 10  334 keptBest    [  10 10 30 ] -1491.655   695.630   4.380  -1491.655 [ 1  1  1]   1  0.228  3.187  2.211
 11  375 keptBest    [  10 10 30 ] -1491.655   695.630   4.380  -1491.655 [ 1  1  1]   1  0.228  3.187  2.211
 12  394  Heredity   [  10 10 30 ] -1493.588   634.533   4.802  -1493.588 [ 1  1  1]   1  0.185  3.991  3.188
 13  455 softmutate  [  10 10 30 ] -1500.332   599.866   5.079  -1500.332 [ 1  1  1]   6  0.000  6.542  6.578
 14  487 softmutate  [  10 10 30 ] -1500.332   599.866   5.079  -1500.332 [ 1  1  1]   6  0.000  6.542  6.578
 15  517 keptBest    [  10 10 30 ] -1500.332   599.866   5.079  -1500.332 [ 1  1  1]   6  0.000  6.542  6.578
 16  556 keptBest    [  10 10 30 ] -1500.332   599.866   5.079  -1500.332 [ 1  1  1]   6  0.000  6.542  6.578
 17  587 softmutate  [  10 10 30 ] -1500.332   599.866   5.079  -1500.332 [ 1  1  1]   6  0.000  6.542  6.578
 18  608  Heredity   [  10 10 30 ] -1500.332   599.866   5.079  -1500.332 [ 1  1  1]   6  0.000  6.542  6.578
 19  656 keptBest    [  10 10 30 ] -1500.332   599.866   5.079  -1500.332 [ 1  1  1]   6  0.000  6.542  6.578
 20  697 softmutate  [  10 10 30 ] -1500.332   599.866   5.079  -1500.332 [ 1  1  1]   6  0.000  6.542  6.578
 21  709  Heredity   [  10 10 30 ] -1500.332   599.866   5.079  -1500.332 [ 1  1  1]   6  0.000  6.542  6.578
 22  765 keptBest    [  10 10 30 ] -1500.332   599.866   5.079  -1500.332 [ 1  1  1]   6  0.000  6.542  6.578
 23  801 keptBest    [  10 10 30 ] -1500.332   599.866   5.079  -1500.332 [ 1  1  1]   6  0.000  6.542  6.578
 24  835 keptBest    [  10 10 30 ] -1500.332   599.866   5.079  -1500.332 [ 1  1  1]   6  0.000  6.542  6.578
 25  874 softmutate  [  10 10 30 ] -1500.332   599.866   5.079  -1500.332 [ 1  1  1]   6  0.000  6.542  6.578
 26  905 softmutate  [  10 10 30 ] -1500.332   599.866   5.079  -1500.332 [ 1  1  1]   6  0.000  6.542  6.578
 27  920  Heredity   [  10 10 30 ] -1500.332   599.866   5.079  -1500.332 [ 1  1  1]   6  0.000  6.542  6.578
 28  952  Heredity   [  10 10 30 ] -1500.332   599.866   5.079  -1500.332 [ 1  1  1]   6  0.000  6.542  6.578
 29 1010 softmutate  [  10 10 30 ] -1500.332   599.866   5.079  -1500.332 [ 1  1  1]   6  0.000  6.542  6.578
 30 1023  Heredity   [  10 10 30 ] -1500.332   599.866   5.079  -1500.332 [ 1  1  1]  25  0.000  6.542  6.578
 31 1056  Heredity   [  10 10 30 ] -1500.332   599.866   5.079  -1500.332 [ 1  1  1]   6  0.000  6.542  6.578
 32 1098  Heredity   [  10 10 30 ] -1500.332   599.866   5.079  -1500.332 [ 1  1  1]   6  0.000  6.542  6.578
 33 1133  Heredity   [  10 10 30 ] -1500.332   599.866   5.079  -1500.332 [ 1  1  1]   6  0.000  6.542  6.578
 34 1194 softmutate  [  10 10 30 ] -1500.332   599.866   5.079  -1500.332 [ 1  1  1]   6  0.000  6.542  6.578
 35 1196  Heredity   [  10 10 30 ] -1500.332   599.866   5.079  -1500.332 [ 1  1  1]   6  0.000  6.542  6.578
 36 1239  Heredity   [  10 10 30 ] -1500.332   599.866   5.079  -1500.332 [ 1  1  1]   6  0.000  6.542  6.578
 37 1270  Heredity   [  10 10 30 ] -1500.332   599.866   5.079  -1500.332 [ 1  1  1]  25  0.000  6.542  6.578
 38 1320 Permutate   [  10 10 30 ] -1500.332   599.866   5.079  -1500.332 [ 1  1  1]  25  0.000  6.542  6.578
 39 1338  Heredity   [  10 10 30 ] -1500.332   599.866   5.079  -1500.332 [ 1  1  1]  25  0.000  6.542  6.578
 40 1381  Heredity   [  10 10 30 ] -1500.332   599.866   5.079  -1500.332 [ 1  1  1]   6  0.000  6.542  6.578
 41 1433 keptBest    [  10 10 30 ] -1500.332   599.866   5.079  -1500.332 [ 1  1  1]   6  0.000  6.542  6.578
 42 1445  Heredity   [  10 10 30 ] -1500.332   599.866   5.079  -1500.332 [ 1  1  1]  25  0.000  6.542  6.578
