-1479.124 -1482.728 -1482.743 -1482.849
-1482.203 -1486.427 -1486.446 -1486.545
-1484.826 -1490.196 -1490.218 -1490.294
-1481.884 -1486.054 -1486.071 -1486.172
-1482.602 -1486.832 -1486.851 -1486.949
-1473.095 -1478.223 -1478.243 -1478.324
-1481.298 -1485.484 -1485.502 -1485.596
-1480.594 -1484.528 -1484.545 -1484.644
-1478.006 -1481.998 -1482.013 -1482.108
-1442.366 -1485.265 -1485.284 -1485.370
-1480.261 -1484.744 -1484.760 -1484.855
-1478.243 -1482.127 -1482.143 -1482.245
-1480.349 -1484.739 -1484.759 -1484.857
-1481.751 -1486.483 -1486.502 -1486.587
-1484.031 -1488.859 -1488.880 -1488.970
-1481.923 -1487.386 -1487.406 -1487.497
-1479.020 -1483.079 -1483.097 -1483.196
-1479.665 -1483.695 -1483.712 -1483.812
-1484.090 -1488.643 -1488.661 -1488.750
-1481.754 -1486.678 -1486.699 -1486.782
-1480.315 -1484.437 -1484.455 -1484.556
-1480.856 -1485.436 -1485.455 -1485.548
-1481.545 -1485.710 -1485.727 -1485.825
-1480.418 -1485.374 -1485.394 -1485.480
-1479.013 -1482.567 -1482.582 -1482.692
-1481.209 -1485.521 -1485.538 -1485.625
-1478.352 -1485.465 -1485.482 -1485.566
-1479.115 -1483.057 -1483.074 -1483.175
-1477.209 -1482.937 -1484.485 -1484.558
-1482.119 -1487.133 -1487.152 -1487.234
-1478.118 -1482.292 -1482.308 -1482.404
-1480.282 -1484.007 -1484.024 -1484.130
-1481.044 -1485.345 -1485.365 -1485.464
-1482.905 -1488.446 -1488.469 -1488.542
-1479.297 -1483.961 -1483.980 -1484.073
-1478.855 -1483.897 -1483.918 -1483.996
-1479.357 -1483.654 -1483.670 -1483.757
-1482.418 -1486.749 -1486.767 -1486.863
-1478.440 -1482.301 -1482.317 -1482.418
-1476.141 -1479.966 -1479.981 -1480.080
-1480.949 -1484.967 -1484.985 -1485.088
-1482.239 -1487.561 -1487.583 -1487.657
-1479.608 -1484.340 -1484.358 -1484.446
-1478.850 -1483.151 -1483.168 -1483.266
-1482.751 -1487.938 -1487.959 -1488.035
-1479.744 -1483.337 -1483.351 -1483.453
-1481.136 -1485.509 -1485.528 -1485.624
-1475.661 -1479.866 -1479.883 -1479.975
-1475.078 -1478.625 -1478.639 -1478.739
-1482.114 -1486.652 -1486.671 -1486.756
-1482.908 -1487.259 -1487.278 -1487.372
-1476.342 -1485.842 -1485.864 -1485.937
-1482.114 -1486.285 -1486.303 -1486.402
-1481.773 -1487.126 -1487.147 -1487.223
-1484.923 -1488.963 -1488.981 -1489.082
-1482.872 -1487.410 -1487.429 -1487.518
-1482.872 -1487.410 -1487.429 -1487.518
-1482.872 -1487.410 -1487.429 -1487.518
-1478.543 -1483.264 -1483.283 -1483.376
-1481.861 -1486.406 -1486.424 -1486.518
-1484.826 -1490.196 -1490.218 -1490.294
-1484.031 -1488.859 -1488.880 -1488.970
-1481.754 -1486.678 -1486.699 -1486.782
-1481.751 -1486.483 -1486.502 -1486.587
-1481.209 -1485.521 -1485.538 -1485.625
-1479.237 -1483.565 -1483.583 -1483.677
-1480.179 -1484.363 -1484.381 -1484.478
-1480.012 -1484.425 -1484.444 -1484.541
-1481.247 -1486.057 -1486.076 -1486.162
-1481.511 -1486.822 -1486.844 -1486.922
-1480.742 -1485.424 -1485.443 -1485.533
-1482.570 -1486.686 -1486.705 -1486.803
-1482.427 -1486.687 -1486.705 -1486.798
-1478.965 -1483.387 -1483.404 -1483.503
-1479.878 -1483.682 -1483.698 -1483.808
-1481.655 -1486.965 -1486.985 -1487.061
-1482.303 -1485.972 -1485.989 -1486.091
-1476.878 -1481.514 -1481.532 -1481.616
-1481.680 -1486.301 -1486.321 -1486.407
-1481.007 -1487.138 -1487.158 -1487.239
-1479.186 -1483.937 -1483.955 -1484.035
-1476.538 -1480.309 -1480.326 -1480.428
-1482.481 -1487.605 -1487.626 -1487.707
-1481.268 -1485.744 -1485.762 -1485.855
-1482.660 -1486.863 -1486.881 -1486.979
-1482.613 -1487.486 -1487.506 -1487.586
-1482.416 -1487.428 -1487.450 -1487.530
-1483.369 -1488.865 -1488.887 -1488.963
-1481.793 -1485.795 -1485.813 -1485.913
-1482.044 -1486.431 -1486.449 -1486.539
-1484.013 -1490.169 -1490.191 -1490.275
-1484.432 -1489.797 -1489.820 -1489.895
-1479.852 -1483.521 -1483.536 -1483.646
-1484.826 -1490.196 -1490.218 -1490.294
-1484.923 -1488.963 -1488.981 -1489.082
-1480.693 -1484.265 -1484.281 -1484.395
-1482.751 -1487.938 -1487.959 -1488.035
-1481.773 -1487.126 -1487.147 -1487.223
-1482.047 -1486.917 -1486.937 -1487.021
-1481.751 -1486.483 -1486.502 -1486.587
-1481.754 -1486.678 -1486.699 -1486.782
-1482.045 -1487.610 -1487.632 -1487.705
-1480.838 -1485.762 -1485.781 -1485.868
-1482.275 -1487.032 -1487.052 -1487.131
-1476.809 -1481.285 -1481.304 -1481.391
-1478.934 -1483.825 -1483.845 -1483.928
-1477.890 -1482.791 -1482.811 -1482.894
-1479.765 -1483.887 -1483.903 -1484.000
-1483.572 -1488.759 -1488.779 -1488.854
-1481.305 -1486.321 -1486.342 -1486.427
-1480.386 -1485.113 -1485.132 -1485.216
-1482.354 -1485.917 -1485.933 -1486.039
-1480.759 -1486.868 -1486.889 -1486.962
-1481.629 -1486.396 -1486.415 -1486.502
-1477.093 -1485.523 -1485.544 -1485.626
-1477.940 -1483.022 -1483.039 -1483.136
-1481.500 -1486.693 -1486.713 -1486.812
-1480.035 -1484.591 -1484.609 -1484.698
-1485.030 -1489.321 -1489.340 -1489.429
-1481.272 -1485.816 -1485.834 -1485.925
-1480.651 -1485.488 -1485.507 -1485.593
-1479.982 -1484.741 -1484.761 -1484.846
-1481.442 -1486.387 -1486.407 -1486.487
-1484.826 -1490.196 -1490.218 -1490.294
-1484.013 -1490.169 -1490.191 -1490.275
-1484.923 -1488.963 -1488.981 -1489.082
-1482.751 -1487.938 -1487.959 -1488.035
-1481.511 -1486.822 -1486.844 -1486.922
-1481.639 -1486.754 -1486.774 -1486.851
-1481.024 -1488.136 -1488.159 -1488.235
-1475.484 -1480.691 -1480.710 -1480.802
-1483.779 -1489.255 -1489.277 -1489.350
-1482.934 -1488.170 -1488.191 -1488.270
-1484.923 -1488.963 -1488.981 -1489.082
-1484.923 -1488.963 -1488.981 -1489.082
-1477.211 -1482.469 -1482.488 -1482.571
-1479.385 -1484.823 -1484.845 -1484.926
-1479.758 -1484.741 -1484.761 -1484.841
-1477.674 -1482.806 -1482.827 -1482.906
-1479.176 -1483.837 -1483.855 -1483.937
-1479.191 -1484.009 -1484.027 -1484.109
-1478.629 -1483.982 -1484.003 -1484.077
-1479.028 -1484.095 -1484.114 -1484.191
-1477.677 -1482.370 -1482.389 -1482.472
-1482.479 -1487.566 -1487.586 -1487.667
-1481.887 -1487.070 -1487.092 -1487.172
-1480.319 -1484.638 -1484.656 -1484.752
-1479.732 -1483.198 -1483.214 -1483.329
-1484.220 -1489.784 -1489.806 -1489.875
-1481.620 -1486.357 -1486.377 -1486.464
-1480.927 -1486.149 -1486.168 -1486.246
-1483.026 -1487.289 -1487.308 -1487.399
-1477.744 -1486.693 -1486.710 -1486.811
-1483.862 -1489.243 -1489.264 -1489.338
-1480.264 -1484.063 -1484.079 -1484.178
-1482.254 -1486.138 -1486.156 -1486.257
-1480.355 -1484.563 -1484.581 -1484.681
-1478.488 -1481.922 -1481.938 -1482.041
-1482.120 -1486.742 -1486.762 -1486.852
-1485.429 -1489.353 -1489.371 -1489.466
-1484.071 -1487.885 -1487.902 -1488.008
-1485.089 -1490.169 -1490.191 -1490.275
-1484.139 -1489.195 -1489.217 -1489.300
-1486.862 -1490.686 -1490.702 -1490.795
-1484.826 -1490.196 -1490.218 -1490.294
-1484.013 -1490.169 -1490.191 -1490.275
-1485.030 -1489.321 -1489.340 -1489.429
-1483.572 -1488.759 -1488.779 -1488.854
-1482.751 -1487.938 -1487.959 -1488.035
-1484.319 -1487.696 -1487.712 -1487.813
-1479.797 -1484.929 -1484.951 -1485.033
-1479.842 -1486.271 -1486.288 -1486.369
-1476.600 -1483.133 -1483.151 -1483.240
-1476.595 -1480.707 -1480.722 -1480.818
-1484.222 -1489.579 -1489.599 -1489.672
-1481.936 -1486.972 -1486.992 -1487.077
-1480.604 -1485.369 -1485.389 -1485.473
-1482.806 -1487.354 -1487.373 -1487.463
-1482.467 -1486.540 -1486.557 -1486.656
-1480.743 -1484.466 -1484.483 -1484.594
-1479.740 -1484.291 -1484.310 -1484.402
-1478.878 -1483.917 -1483.937 -1484.015
-1479.370 -1483.948 -1483.967 -1484.057
-1478.252 -1482.445 -1482.462 -1482.565
-1477.926 -1482.099 -1482.118 -1482.216
-1478.777 -1482.084 -1482.098 -1482.214
-1482.155 -1486.830 -1486.849 -1486.936
-1480.788 -1486.023 -1486.044 -1486.126
-1482.428 -1486.434 -1486.452 -1486.555
-1480.526 -1484.597 -1484.614 -1484.711
-1470.800 -1487.877 -1487.899 -1487.975
-1482.487 -1486.496 -1486.513 -1486.615
-1481.988 -1487.047 -1487.068 -1487.152
-1480.294 -1483.959 -1483.976 -1484.077
-1483.906 -1487.639 -1487.657 -1487.759
-1480.902 -1487.390 -1487.411 -1487.494
-1481.376 -1487.606 -1487.626 -1487.714
-1483.708 -1488.786 -1488.808 -1488.890
-1483.480 -1488.521 -1488.543 -1488.626
-1480.406 -1484.481 -1484.499 -1484.599
-1486.862 -1490.686 -1490.702 -1490.795
-1481.701 -1486.747 -1486.767 -1486.856
-1484.826 -1490.196 -1490.218 -1490.294
-1484.220 -1489.784 -1489.806 -1489.875
-1482.751 -1487.938 -1487.959 -1488.035
-1479.797 -1484.929 -1484.951 -1485.033
-1483.460 -1487.532 -1487.551 -1487.647
-1482.305 -1485.996 -1486.012 -1486.116
-1478.921 -1483.176 -1483.194 -1483.292
-1481.862 -1486.157 -1486.175 -1486.270
-1482.255 -1487.047 -1487.066 -1487.150
-1483.002 -1487.887 -1487.906 -1487.985
-1481.554 -1487.301 -1487.321 -1487.406
-1480.475 -1487.181 -1487.200 -1487.288
-1480.409 -1483.612 -1483.626 -1483.732
-1483.194 -1487.574 -1487.593 -1487.684
-1475.546 -1479.625 -1479.640 -1479.736
-1479.905 -1483.933 -1483.950 -1484.048
-1479.769 -1484.714 -1484.732 -1484.827
-1480.860 -1484.926 -1484.943 -1485.035
-1478.636 -1483.792 -1483.811 -1483.906
-1480.406 -1484.759 -1484.777 -1484.871
-1481.112 -1484.936 -1484.951 -1485.052
-1477.184 -1481.475 -1481.492 -1481.589
-1475.980 -1480.781 -1480.799 -1480.882
-1481.147 -1485.751 -1485.769 -1485.856
-1478.504 -1483.586 -1483.607 -1483.686
-1472.605 -1476.857 -1476.874 -1476.966
-1481.998 -1486.408 -1486.428 -1486.520
-1480.458 -1483.936 -1483.953 -1484.059
-1481.516 -1487.707 -1487.729 -1487.805
-1479.092 -1486.605 -1486.628 -1486.707
-1470.786 -1486.365 -1486.386 -1486.463
-1478.274 -1487.177 -1487.198 -1487.275
-1486.202 -1491.553 -1491.576 -1491.655
-1486.862 -1490.686 -1490.702 -1490.795
-1484.826 -1490.196 -1490.218 -1490.294
-1484.220 -1489.784 -1489.806 -1489.875
-1484.222 -1489.579 -1489.599 -1489.672
-1483.708 -1488.786 -1488.808 -1488.890
-1480.165 -1485.684 -1485.704 -1485.788
-1483.133 -1486.842 -1486.860 -1486.964
-1482.828 -1487.064 -1487.084 -1487.180
-1480.627 -1485.569 -1485.590 -1485.671
-1482.603 -1486.455 -1486.473 -1486.578
-1483.445 -1487.326 -1487.343 -1487.437
-1480.127 -1486.045 -1486.065 -1486.151
-1477.613 -1482.955 -1482.976 -1483.057
-1482.160 -1486.670 -1486.689 -1486.783
-1479.971 -1484.289 -1484.307 -1484.405
-1481.405 -1486.750 -1486.772 -1486.849
-1481.078 -1485.948 -1485.968 -1486.050
-1476.896 -1483.293 -1483.311 -1483.403
-1479.175 -1483.668 -1483.687 -1483.773
-1481.738 -1485.991 -1486.009 -1486.105
-1479.675 -1484.601 -1484.621 -1484.699
-1476.261 -1481.059 -1481.076 -1481.163
-1481.794 -1485.851 -1485.868 -1485.961
-1480.202 -1486.101 -1486.118 -1486.212
-1478.307 -1482.653 -1482.670 -1482.769
-1478.449 -1481.932 -1481.947 -1482.055
-1482.608 -1487.601 -1487.621 -1487.699
-1480.202 -1488.122 -1488.145 -1488.212
-1482.256 -1487.947 -1487.968 -1488.042
-1487.085 -1490.277 -1490.293 -1490.397
-1484.306 -1488.217 -1488.234 -1488.328
-1483.001 -1488.403 -1488.424 -1488.499
-1482.069 -1486.038 -1486.055 -1486.149
-1486.202 -1491.553 -1491.576 -1491.655
-1486.862 -1490.686 -1490.702 -1490.795
-1484.220 -1489.784 -1489.806 -1489.875
-1482.530 -1486.475 -1486.493 -1486.597
-1483.708 -1488.786 -1488.808 -1488.890
-1483.002 -1487.887 -1487.906 -1487.985
-1481.251 -1485.383 -1485.401 -1485.493
-1485.051 -1490.457 -1490.479 -1490.553
-1483.892 -1489.167 -1489.188 -1489.261
-1483.315 -1488.027 -1488.047 -1488.134
-1479.131 -1483.913 -1483.933 -1484.023
-1481.068 -1485.244 -1485.262 -1485.358
-1482.343 -1486.350 -1486.368 -1486.463
-1480.691 -1485.231 -1485.250 -1485.336
-1477.527 -1482.355 -1482.372 -1482.467
-1480.782 -1484.726 -1484.743 -1484.842
-1478.488 -1482.970 -1482.990 -1483.082
-1477.188 -1481.360 -1481.377 -1481.470
-1479.895 -1484.492 -1484.512 -1484.605
-1478.831 -1483.209 -1483.228 -1483.319
-1477.169 -1481.091 -1481.106 -1481.202
-1480.794 -1484.961 -1484.979 -1485.073
-1482.699 -1486.605 -1486.623 -1486.716
-1481.655 -1485.741 -1485.758 -1485.856
-1479.852 -1484.804 -1484.824 -1484.902
-1475.861 -1480.331 -1480.345 -1480.426
-1483.533 -1488.224 -1488.243 -1488.329
-1468.994 -1472.572 -1472.596 -1472.704
-1478.206 -1482.186 -1482.202 -1482.307
-1482.961 -1487.703 -1487.723 -1487.809
-1480.202 -1488.122 -1488.145 -1488.212
-1483.186 -1488.267 -1488.289 -1488.370
-1481.329 -1485.446 -1485.465 -1485.562
-1480.786 -1486.029 -1486.050 -1486.128
-1483.145 -1488.416 -1488.437 -1488.518
-1481.898 -1486.928 -1486.949 -1487.032
-1486.202 -1491.553 -1491.576 -1491.655
-1478.427 -1485.224 -1485.248 -1485.322
-1486.862 -1490.686 -1490.702 -1490.795
-1487.085 -1490.277 -1490.293 -1490.397
-1484.220 -1489.784 -1489.806 -1489.875
-1483.708 -1488.786 -1488.808 -1488.890
-1481.807 -1486.853 -1486.872 -1486.963
-1484.734 -1488.928 -1488.945 -1489.041
-1482.674 -1487.478 -1487.497 -1487.582
-1476.638 -1481.373 -1481.391 -1481.479
-1482.704 -1486.536 -1486.554 -1486.657
-1482.033 -1486.638 -1486.656 -1486.748
-1478.027 -1481.876 -1481.891 -1481.997
-1478.512 -1483.711 -1483.733 -1483.815
-1482.046 -1485.724 -1485.741 -1485.848
-1484.146 -1488.372 -1488.390 -1488.484
-1481.008 -1485.742 -1485.761 -1485.845
-1482.242 -1487.259 -1487.280 -1487.366
-1482.592 -1486.437 -1486.454 -1486.556
-1478.177 -1482.993 -1483.013 -1483.094
-1475.471 -1481.146 -1481.166 -1481.246
-1476.437 -1479.792 -1479.807 -1479.922
-1478.909 -1484.940 -1484.960 -1485.042
-1479.376 -1484.347 -1484.369 -1484.455
-1477.303 -1481.213 -1481.228 -1481.327
-1480.152 -1485.243 -1485.264 -1485.345
-1479.632 -1484.295 -1484.312 -1484.393
-1479.875 -1484.492 -1484.510 -1484.598
-1479.357 -1483.721 -1483.740 -1483.842
-1486.202 -1491.553 -1491.576 -1491.655
-1486.862 -1490.686 -1490.702 -1490.795
-1484.171 -1489.602 -1489.624 -1489.696
-1480.202 -1488.122 -1488.145 -1488.212
-1481.109 -1485.054 -1485.071 -1485.170
-1487.085 -1490.277 -1490.293 -1490.397
-1483.646 -1487.595 -1487.613 -1487.713
-1483.524 -1489.307 -1489.329 -1489.398
-1480.190 -1484.443 -1484.461 -1484.563
-1482.950 -1488.667 -1488.689 -1488.762
-1480.769 -1486.036 -1486.058 -1486.134
-1484.220 -1489.784 -1489.806 -1489.875
-1484.273 -1487.299 -1488.167 -1488.271
-1483.708 -1488.786 -1488.808 -1488.890
-1487.333 -1490.555 -1490.571 -1490.674
-1486.593 -1489.844 -1489.860 -1489.964
-1478.503 -1483.376 -1483.395 -1483.481
-1482.718 -1486.541 -1486.558 -1486.665
-1478.295 -1482.411 -1482.427 -1482.519
-1478.296 -1483.374 -1483.395 -1483.475
-1485.446 -1491.063 -1491.086 -1491.160
-1479.119 -1482.840 -1482.856 -1482.962
-1479.506 -1487.175 -1487.196 -1487.278
-1479.556 -1486.919 -1486.938 -1487.035
-1482.682 -1487.882 -1487.903 -1487.978
-1482.940 -1487.235 -1487.255 -1487.353
-1477.908 -1485.033 -1485.051 -1485.155
-1482.269 -1486.496 -1486.515 -1486.614
-1478.369 -1481.971 -1481.987 -1482.094
-1484.169 -1488.404 -1488.438 -1488.528
-1479.323 -1483.635 -1483.653 -1483.741
-1481.609 -1485.874 -1485.892 -1485.987
-1477.150 -1480.244 -1480.259 -1480.374
-1481.698 -1486.439 -1486.458 -1486.548
-1480.993 -1486.096 -1486.116 -1486.191
-1476.265 -1487.271 -1487.292 -1487.371
-1484.171 -1489.602 -1489.624 -1489.696
-1482.105 -1486.301 -1486.320 -1486.420
-1483.439 -1488.551 -1488.573 -1488.652
-1482.177 -1486.195 -1486.212 -1486.315
-1481.079 -1485.742 -1485.759 -1485.845
-1486.202 -1491.553 -1491.576 -1491.655
-1486.862 -1490.686 -1490.702 -1490.795
-1484.220 -1489.784 -1489.806 -1489.875
-1483.708 -1488.786 -1488.808 -1488.890
-1482.950 -1488.667 -1488.689 -1488.762
-1481.491 -1486.952 -1486.974 -1487.048
-1485.749 -1490.686 -1490.702 -1490.795
-1484.831 -1490.496 -1490.520 -1490.596
-1485.088 -1491.044 -1491.066 -1491.134
-1479.318 -1483.284 -1483.299 -1483.413
-1478.821 -1482.932 -1482.949 -1483.050
-1483.870 -1489.399 -1489.421 -1489.496
-1477.927 -1482.332 -1482.349 -1482.440
-1484.300 -1489.675 -1489.697 -1489.777
-1480.118 -1485.665 -1485.714 -1485.794
-1482.767 -1488.192 -1488.213 -1488.285
-1480.790 -1485.625 -1485.643 -1485.727
-1482.027 -1487.348 -1487.369 -1487.446
-1480.344 -1485.584 -1485.605 -1485.681
-1487.442 -1493.491 -1493.515 -1493.588
-1479.922 -1484.134 -1484.152 -1484.248
-1478.617 -1484.246 -1486.742 -1486.820
-1481.485 -1485.159 -1485.175 -1485.288
-1482.909 -1486.813 -1486.830 -1486.939
-1479.809 -1485.145 -1485.164 -1485.252
-1481.549 -1485.625 -1485.642 -1485.746
-1480.208 -1483.673 -1483.688 -1483.801
-1478.378 -1482.372 -1482.389 -1482.493
-1485.986 -1491.387 -1491.408 -1491.483
-1482.256 -1487.947 -1487.968 -1488.042
-1475.602 -1485.980 -1486.000 -1486.080
-1485.072 -1490.353 -1490.375 -1490.452
-1482.015 -1487.271 -1487.292 -1487.371
-1482.015 -1487.271 -1487.292 -1487.371
-1481.023 -1490.017 -1490.039 -1490.112
-1483.944 -1489.666 -1489.689 -1489.758
-1482.508 -1488.226 -1488.248 -1488.321
-1486.344 -1492.066 -1492.089 -1492.159
-1485.753 -1492.414 -1492.438 -1492.508
-1481.567 -1485.865 -1485.884 -1485.984
-1486.202 -1491.553 -1491.576 -1491.655
-1485.446 -1491.063 -1491.086 -1491.160
-1485.088 -1491.044 -1491.066 -1491.134
-1485.749 -1490.686 -1490.702 -1490.795
-1484.220 -1489.784 -1489.806 -1489.875
-1479.666 -1483.745 -1483.763 -1483.868
-1475.873 -1482.024 -1485.003 -1485.084
-1480.666 -1486.158 -1486.179 -1486.250
-1478.668 -1483.103 -1483.121 -1483.220
-1481.420 -1486.851 -1486.869 -1486.955
-1483.035 -1487.133 -1487.151 -1487.249
-1484.644 -1490.150 -1490.173 -1490.245
-1478.889 -1484.092 -1484.114 -1484.192
-1481.827 -1486.723 -1486.744 -1486.833
-1482.516 -1488.951 -1490.481 -1490.551
-1476.121 -1481.145 -1481.161 -1481.257
-1476.300 -1485.121 -1485.964 -1486.044
-1480.595 -1490.270 -1490.292 -1490.364
-1485.798 -1491.385 -1491.407 -1491.480
-1482.614 -1488.596 -1488.616 -1488.697
-1480.008 -1485.230 -1485.252 -1485.330
-1481.451 -1485.955 -1485.974 -1486.067
-1479.519 -1484.026 -1484.045 -1484.133
-1468.891 -1487.601 -1487.620 -1487.723
-1481.970 -1487.365 -1487.386 -1487.457
-1469.889 -1481.441 -1482.107 -1484.944
-1482.506 -1486.558 -1486.575 -1486.672
-1481.295 -1487.152 -1487.172 -1487.249
-1484.310 -1489.953 -1489.976 -1490.048
-1487.442 -1493.491 -1493.515 -1493.588
-1485.753 -1492.414 -1492.438 -1492.508
-1476.024 -1486.971 -1486.993 -1487.070
-1485.108 -1490.749 -1490.772 -1490.846
-1486.202 -1491.553 -1491.576 -1491.655
-1485.446 -1491.063 -1491.086 -1491.160
-1482.950 -1488.667 -1488.689 -1488.762
-1485.749 -1490.686 -1490.702 -1490.795
-1480.808 -1486.190 -1486.213 -1486.298
-1480.968 -1486.045 -1487.292 -1487.371
-1482.208 -1487.467 -1487.488 -1487.566
-1493.642 -1500.255 -1500.272 -1500.332
-1485.504 -1491.010 -1491.031 -1491.102
-1481.702 -1485.693 -1485.711 -1485.816
-1481.611 -1485.965 -1485.984 -1486.082
-1483.416 -1488.491 -1488.511 -1488.588
-1481.831 -1487.213 -1487.234 -1487.311
-1489.541 -1495.766 -1495.789 -1495.853
-1482.390 -1487.210 -1487.229 -1487.320
-1478.670 -1484.648 -1485.245 -1485.325
-1485.419 -1491.896 -1491.919 -1491.985
-1478.959 -1487.315 -1487.522 -1487.604
-1483.032 -1488.511 -1488.533 -1488.604
-1483.912 -1490.724 -1490.746 -1490.822
-1482.988 -1489.133 -1491.275 -1491.351
-1487.420 -1495.985 -1496.009 -1496.070
-1479.158 -1485.300 -1485.596 -1485.680
-1483.321 -1488.678 -1488.698 -1488.775
-1478.334 -1488.533 -1488.556 -1488.629
-1479.544 -1484.622 -1484.643 -1484.721
-1482.603 -1486.873 -1486.892 -1486.988
-1480.082 -1484.807 -1484.825 -1484.903
-1480.911 -1484.593 -1484.610 -1484.715
-1476.631 -1485.352 -1485.371 -1485.445
-1493.642 -1500.255 -1500.272 -1500.332
-1478.992 -1484.422 -1486.893 -1486.970
-1476.118 -1486.150 -1487.398 -1487.475
-1485.753 -1492.414 -1492.438 -1492.508
-1486.202 -1491.553 -1491.576 -1491.655
-1481.160 -1486.137 -1486.157 -1486.249
-1480.595 -1490.270 -1490.292 -1490.364
-1480.659 -1486.336 -1486.357 -1486.433
-1477.420 -1489.864 -1489.887 -1489.958
-1493.642 -1500.255 -1500.272 -1500.332
-1481.476 -1487.164 -1487.186 -1487.260
-1482.734 -1486.147 -1486.165 -1486.280
-1487.698 -1493.762 -1493.787 -1493.851
-1468.891 -1487.601 -1487.620 -1487.723
-1485.198 -1490.639 -1490.662 -1490.735
-1484.016 -1490.764 -1490.787 -1490.857
-1483.714 -1490.116 -1490.139 -1490.212
-1480.802 -1486.259 -1486.281 -1486.350
-1487.897 -1493.893 -1495.575 -1495.639
-1491.817 -1498.378 -1498.402 -1498.461
-1485.389 -1490.898 -1490.919 -1490.994
-1485.502 -1491.135 -1491.158 -1491.233
-1478.544 -1484.371 -1484.389 -1484.479
-1484.203 -1489.804 -1489.827 -1489.898
-1479.336 -1486.424 -1486.447 -1486.520
-1483.953 -1489.901 -1489.924 -1489.993
-1487.140 -1492.936 -1492.959 -1493.029
-1480.269 -1485.853 -1485.871 -1485.948
-1471.554 -1476.940 -1477.972 -1481.979
-1480.010 -1485.245 -1485.263 -1485.362
-1472.107 -1485.894 -1486.224 -1486.300
-1485.110 -1490.430 -1490.452 -1490.532
-1484.122 -1490.126 -1490.147 -1490.218
-1482.367 -1487.475 -1487.496 -1487.576
-1481.713 -1486.597 -1486.617 -1486.702
-1480.392 -1485.478 -1485.498 -1485.579
-1484.171 -1489.602 -1489.624 -1489.696
-1486.217 -1491.447 -1491.469 -1491.549
-1486.305 -1491.766 -1491.789 -1491.867
-1493.642 -1500.255 -1500.272 -1500.332
-1481.925 -1487.715 -1487.738 -1487.813
-1484.104 -1488.803 -1488.823 -1488.911
-1482.151 -1486.993 -1487.012 -1487.102
-1489.541 -1495.766 -1495.789 -1495.853
-1487.698 -1493.762 -1493.787 -1493.851
-1486.202 -1491.553 -1491.576 -1491.655
-1480.595 -1490.270 -1490.292 -1490.364
-1482.196 -1486.299 -1486.317 -1486.419
-1468.891 -1487.601 -1487.620 -1487.723
-1484.379 -1488.579 -1488.597 -1488.700
-1482.551 -1487.999 -1488.020 -1488.098
-1482.550 -1490.281 -1490.302 -1490.380
-1480.775 -1485.046 -1485.064 -1485.159
-1477.436 -1481.758 -1481.775 -1481.871
-1486.273 -1492.001 -1492.023 -1492.091
-1485.663 -1491.209 -1491.231 -1491.311
-1480.515 -1484.543 -1484.560 -1484.655
-1485.889 -1491.525 -1491.547 -1491.620
-1486.149 -1491.793 -1491.816 -1491.884
-1485.657 -1491.680 -1491.704 -1491.770
-1478.643 -1483.408 -1483.424 -1483.526
-1479.100 -1483.628 -1483.645 -1483.735
-1478.687 -1484.636 -1484.657 -1484.730
-1479.994 -1485.440 -1487.440 -1487.516
-1481.855 -1486.901 -1486.922 -1487.003
-1481.126 -1485.606 -1485.625 -1485.712
-1480.166 -1484.517 -1484.535 -1484.633
-1486.202 -1492.801 -1494.424 -1494.488
-1477.901 -1495.484 -1495.508 -1495.575
-1483.703 -1489.219 -1489.241 -1489.314
-1486.202 -1494.400 -1494.424 -1494.488
-1485.032 -1492.927 -1492.950 -1493.020
-1485.033 -1492.927 -1492.950 -1493.020
-1486.072 -1491.926 -1491.949 -1492.018
-1483.394 -1487.601 -1487.620 -1487.723
-1483.422 -1487.410 -1487.428 -1487.529
-1483.290 -1488.738 -1488.760 -1488.838
-1483.876 -1489.223 -1489.246 -1489.322
-1493.642 -1500.255 -1500.272 -1500.332
-1489.365 -1495.551 -1495.575 -1495.639
-1487.698 -1493.762 -1493.787 -1493.851
-1486.305 -1491.766 -1491.789 -1491.867
-1485.389 -1490.898 -1490.919 -1490.994
-1483.953 -1489.901 -1489.924 -1489.993
-1480.873 -1485.934 -1490.423 -1490.501
-1484.864 -1490.381 -1490.403 -1490.483
-1479.622 -1484.555 -1484.573 -1484.652
-1483.649 -1488.664 -1488.683 -1488.767
-1485.258 -1491.362 -1491.385 -1491.454
-1482.435 -1487.634 -1487.655 -1487.734
-1481.416 -1486.459 -1486.480 -1486.564
-1486.152 -1491.756 -1491.779 -1491.849
-1485.313 -1492.028 -1492.052 -1492.121
-1478.881 -1483.514 -1483.533 -1483.620
-1483.970 -1488.020 -1488.038 -1488.136
-1483.274 -1489.027 -1489.050 -1489.120
-1479.749 -1483.793 -1483.810 -1483.916
-1480.654 -1484.690 -1484.707 -1484.801
-1480.640 -1486.108 -1486.127 -1486.228
-1478.517 -1482.918 -1482.935 -1483.028
-1481.483 -1485.923 -1485.942 -1486.037
-1477.344 -1480.709 -1480.724 -1480.826
-1481.255 -1487.016 -1487.038 -1487.111
-1479.306 -1484.907 -1484.928 -1485.006
-1482.340 -1488.185 -1488.207 -1488.280
-1484.791 -1490.605 -1490.628 -1490.698
-1483.529 -1488.235 -1488.255 -1488.337
-1480.256 -1484.643 -1484.660 -1484.755
-1487.189 -1495.551 -1495.575 -1495.639
-1490.277 -1500.255 -1500.272 -1500.332
-1489.365 -1495.551 -1495.575 -1495.639
-1493.642 -1500.255 -1500.272 -1500.332
-1486.202 -1492.801 -1494.424 -1494.488
-1486.072 -1491.926 -1491.949 -1492.018
-1486.149 -1491.793 -1491.816 -1491.884
-1486.305 -1491.766 -1491.789 -1491.867
-1491.817 -1498.378 -1498.402 -1498.461
-1486.329 -1492.349 -1492.372 -1492.440
-1488.129 -1494.483 -1494.508 -1494.571
-1482.910 -1487.405 -1487.423 -1487.513
-1485.836 -1491.421 -1491.443 -1491.515
-1481.856 -1485.567 -1485.584 -1485.684
-1481.742 -1486.834 -1486.855 -1486.936
-1485.886 -1491.569 -1491.591 -1491.660
-1478.284 -1486.387 -1486.408 -1486.496
-1484.544 -1490.296 -1491.037 -1491.107
-1489.365 -1495.551 -1495.575 -1495.639
-1478.543 -1486.746 -1486.766 -1486.843
-1483.058 -1488.449 -1488.470 -1488.546
-1490.096 -1496.595 -1496.619 -1496.677
-1493.642 -1500.255 -1500.272 -1500.332
-1483.562 -1488.173 -1488.194 -1488.294
-1482.302 -1491.328 -1491.350 -1491.426
-1477.364 -1486.191 -1486.213 -1486.286
-1481.412 -1487.491 -1487.513 -1487.591
-1481.941 -1486.457 -1486.476 -1486.572
-1478.956 -1483.429 -1483.448 -1483.534
-1478.042 -1481.915 -1481.932 -1482.039
-1479.218 -1483.778 -1483.797 -1483.885
-1488.998 -1494.906 -1494.929 -1495.001
-1483.033 -1491.176 -1491.198 -1491.278
-1483.665 -1488.085 -1488.105 -1488.195
-1490.277 -1500.255 -1500.272 -1500.332
-1488.129 -1494.483 -1494.508 -1494.571
-1486.072 -1491.926 -1491.949 -1492.018
-1486.149 -1491.793 -1491.816 -1491.884
-1482.195 -1488.405 -1488.428 -1488.501
-1486.305 -1491.766 -1491.789 -1491.867
-1476.023 -1481.110 -1482.684 -1484.533
-1484.770 -1490.381 -1490.403 -1490.483
-1479.668 -1485.123 -1485.143 -1485.221
-1484.770 -1490.381 -1490.403 -1490.483
-1479.682 -1485.889 -1486.296 -1486.376
-1481.200 -1486.236 -1487.261 -1487.342
-1483.368 -1488.619 -1488.639 -1488.723
-1484.227 -1488.386 -1488.404 -1488.494
-1480.343 -1486.432 -1486.454 -1486.526
-1486.190 -1491.764 -1491.786 -1491.857
-1485.862 -1491.457 -1491.479 -1491.558
-1480.957 -1485.405 -1485.424 -1485.513
-1485.718 -1491.303 -1491.714 -1491.789
-1484.816 -1490.201 -1490.229 -1490.302
-1480.867 -1485.054 -1485.072 -1485.170
-1477.198 -1482.543 -1484.331 -1484.409
-1478.876 -1487.528 -1487.550 -1487.627
-1478.276 -1483.844 -1485.910 -1486.460
-1485.290 -1490.694 -1490.735 -1490.807
-1474.828 -1479.767 -1479.787 -1479.872
-1482.599 -1487.934 -1489.766 -1489.839
-1479.251 -1483.675 -1483.692 -1483.781
-1479.024 -1482.896 -1482.910 -1483.018
-1481.323 -1485.723 -1485.742 -1485.836
-1482.365 -1485.752 -1485.767 -1485.875
-1474.858 -1478.612 -1478.628 -1478.740
-1479.536 -1485.292 -1485.314 -1485.387
-1475.962 -1484.679 -1484.697 -1484.800
-1481.106 -1489.778 -1489.895 -1489.966
-1484.502 -1489.894 -1489.916 -1489.994
-1493.642 -1500.255 -1500.272 -1500.332
-1476.724 -1490.022 -1490.045 -1490.121
-1481.607 -1487.063 -1487.085 -1487.160
-1488.998 -1494.906 -1494.929 -1495.001
-1487.859 -1494.134 -1494.159 -1494.220
-1481.605 -1487.185 -1487.208 -1487.284
-1484.683 -1490.028 -1490.049 -1490.126
-1486.072 -1491.926 -1491.949 -1492.018
-1486.149 -1491.793 -1491.816 -1491.884
-1481.296 -1484.930 -1484.947 -1485.045
-1486.305 -1491.766 -1491.789 -1491.867
-1482.804 -1488.258 -1488.279 -1488.360
-1481.427 -1486.659 -1487.807 -1487.884
-1487.242 -1492.788 -1492.811 -1492.891
-1482.132 -1487.756 -1487.778 -1487.853
-1491.817 -1498.378 -1498.402 -1498.461
-1482.319 -1488.644 -1488.666 -1488.741
-1485.466 -1491.083 -1491.106 -1491.181
-1483.134 -1488.700 -1488.722 -1488.795
-1482.378 -1487.343 -1487.363 -1487.446
-1483.499 -1489.790 -1489.811 -1489.895
-1483.400 -1488.737 -1488.758 -1488.832
-1483.365 -1491.856 -1491.879 -1491.949
-1482.948 -1487.066 -1487.084 -1487.182
-1479.301 -1484.092 -1485.291 -1485.374
-1480.127 -1484.575 -1487.645 -1487.728
-1484.148 -1490.426 -1490.449 -1490.518
-1480.674 -1484.784 -1484.802 -1484.905
-1481.907 -1486.512 -1486.532 -1486.621
-1481.443 -1485.541 -1485.558 -1485.660
-1479.129 -1483.477 -1483.496 -1483.596
-1480.009 -1484.016 -1484.034 -1484.139
-1479.951 -1484.124 -1484.140 -1484.232
-1487.442 -1493.491 -1493.515 -1493.588
-1493.642 -1500.255 -1500.272 -1500.332
-1488.998 -1494.906 -1494.929 -1495.001
-1481.466 -1486.754 -1486.774 -1486.850
-1486.072 -1491.926 -1491.949 -1492.018
-1486.149 -1491.793 -1491.816 -1491.884
-1486.305 -1491.766 -1491.789 -1491.867
-1480.522 -1488.620 -1488.642 -1488.719
-1493.642 -1500.255 -1500.272 -1500.332
-1480.373 -1485.877 -1485.898 -1485.974
-1484.816 -1490.209 -1490.229 -1490.302
-1488.221 -1494.679 -1494.703 -1494.763
-1481.683 -1488.581 -1488.602 -1488.680
-1484.808 -1489.956 -1489.977 -1490.057
-1487.934 -1492.601 -1492.620 -1492.715
-1478.707 -1485.850 -1486.461 -1486.541
-1490.110 -1496.610 -1496.635 -1496.693
-1484.539 -1490.153 -1490.177 -1490.250
-1481.727 -1486.645 -1486.664 -1486.747
-1489.541 -1495.766 -1495.789 -1495.853
-1493.642 -1500.255 -1500.272 -1500.332
-1484.860 -1488.783 -1488.801 -1488.907
-1483.201 -1487.794 -1487.814 -1487.905
-1479.282 -1484.424 -1487.558 -1487.634
-1489.501 -1495.816 -1495.841 -1495.903
-1484.575 -1490.153 -1490.175 -1490.252
-1480.209 -1486.231 -1486.251 -1486.330
-1476.566 -1483.302 -1483.320 -1483.397
-1481.923 -1487.397 -1487.419 -1487.489
-1486.385 -1491.109 -1491.128 -1491.221
-1481.476 -1486.241 -1486.260 -1486.346
-1482.822 -1487.688 -1487.708 -1487.789
-1477.901 -1500.255 -1500.272 -1500.332
-1487.442 -1493.491 -1493.515 -1493.588
-1482.465 -1488.174 -1488.197 -1488.273
-1485.157 -1495.484 -1495.508 -1495.575
-1473.696 -1482.796 -1483.352 -1483.425
-1493.642 -1500.255 -1500.272 -1500.332
-1481.073 -1485.617 -1485.634 -1485.728
-1488.998 -1494.906 -1494.929 -1495.001
-1484.531 -1494.055 -1494.079 -1494.141
-1487.242 -1492.788 -1492.811 -1492.891
-1487.934 -1492.601 -1492.620 -1492.715
-1483.365 -1491.856 -1491.879 -1491.949
-1491.069 -1497.431 -1497.454 -1497.516
-1488.998 -1494.906 -1494.929 -1495.001
-1490.091 -1496.588 -1496.613 -1496.671
-1489.501 -1495.816 -1495.841 -1495.903
-1486.438 -1492.210 -1492.233 -1492.303
-1478.910 -1484.564 -1484.585 -1484.663
-1486.995 -1492.736 -1492.759 -1492.827
-1485.713 -1491.571 -1491.595 -1491.665
-1487.023 -1493.042 -1493.065 -1493.129
-1482.307 -1487.744 -1489.466 -1489.549
-1485.092 -1490.586 -1490.607 -1490.678
-1491.069 -1497.431 -1497.454 -1497.516
-1481.296 -1485.927 -1485.946 -1486.031
-1486.883 -1493.166 -1493.190 -1493.255
-1486.959 -1492.879 -1492.902 -1492.968
-1491.817 -1498.378 -1498.402 -1498.461
-1483.664 -1488.098 -1488.115 -1488.203
-1483.891 -1489.563 -1489.586 -1489.658
-1483.079 -1488.362 -1488.383 -1488.457
-1481.890 -1489.513 -1489.535 -1489.607
-1484.046 -1490.095 -1490.117 -1490.187
-1486.963 -1493.003 -1493.026 -1493.091
-1477.436 -1483.775 -1483.792 -1483.892
-1480.251 -1485.854 -1485.873 -1485.954
-1478.711 -1482.484 -1482.498 -1482.600
-1477.456 -1481.645 -1481.661 -1481.761
-1483.779 -1488.222 -1488.241 -1488.337
-1491.784 -1498.378 -1498.402 -1498.461
-1486.465 -1492.821 -1492.863 -1492.925
-1483.214 -1497.283 -1497.454 -1497.516
-1489.679 -1495.842 -1495.866 -1495.930
-1481.937 -1490.901 -1490.933 -1491.425
-1493.642 -1500.255 -1500.272 -1500.332
-1488.998 -1494.906 -1494.929 -1495.001
-1487.242 -1492.788 -1492.811 -1492.891
-1486.995 -1492.736 -1492.759 -1492.827
-1484.860 -1488.783 -1488.801 -1488.907
-1482.970 -1488.227 -1488.249 -1488.330
-1491.817 -1498.378 -1498.402 -1498.461
-1486.108 -1491.856 -1491.879 -1491.949
-1489.501 -1495.817 -1495.841 -1495.903
-1491.069 -1497.431 -1497.454 -1497.516
-1491.069 -1497.431 -1497.454 -1497.516
-1486.774 -1492.654 -1492.677 -1492.744
-1486.603 -1492.453 -1492.475 -1492.542
-1486.980 -1493.056 -1493.080 -1493.145
-1483.139 -1489.425 -1489.447 -1489.515
-1491.817 -1498.378 -1498.402 -1498.461
-1486.705 -1492.572 -1492.595 -1492.661
-1491.069 -1497.431 -1497.454 -1497.516
-1491.817 -1498.378 -1498.402 -1498.461
-1482.121 -1486.668 -1486.687 -1486.777
-1481.118 -1484.922 -1484.939 -1485.042
-1481.605 -1486.088 -1486.108 -1486.195
-1480.412 -1486.450 -1486.471 -1486.552
-1478.147 -1485.910 -1485.932 -1486.011
-1485.269 -1490.940 -1491.575 -1491.642
-1480.873 -1485.493 -1485.510 -1485.593
-1477.675 -1481.243 -1481.259 -1481.359
-1477.807 -1481.832 -1481.846 -1481.940
-1481.708 -1486.076 -1486.094 -1486.197
-1483.311 -1487.602 -1487.620 -1487.720
-1480.431 -1484.364 -1484.380 -1484.476
-1482.840 -1488.884 -1488.907 -1488.974
-1482.285 -1487.669 -1487.689 -1487.766
-1476.325 -1488.407 -1490.351 -1490.569
-1481.642 -1486.883 -1486.904 -1486.987
-1484.666 -1490.656 -1490.679 -1490.745
-1493.642 -1500.255 -1500.272 -1500.332
-1488.998 -1494.906 -1494.929 -1495.001
-1487.242 -1492.788 -1492.811 -1492.891
-1486.108 -1491.856 -1491.879 -1491.949
-1488.561 -1494.766 -1494.791 -1494.862
-1487.637 -1494.055 -1494.079 -1494.141
-1487.023 -1493.042 -1493.065 -1493.129
-1473.198 -1477.412 -1477.426 -1477.509
-1484.860 -1488.783 -1488.801 -1488.907
-1487.023 -1493.042 -1493.065 -1493.129
-1489.939 -1496.462 -1496.486 -1496.545
-1485.743 -1491.372 -1491.394 -1491.468
-1481.843 -1486.875 -1486.894 -1486.974
-1484.596 -1490.885 -1490.908 -1490.977
-1485.826 -1491.589 -1491.612 -1491.679
-1480.646 -1487.507 -1487.529 -1487.611
-1477.210 -1483.627 -1488.061 -1488.144
-1476.675 -1480.880 -1480.898 -1480.996
-1480.108 -1485.733 -1485.752 -1485.843
-1481.337 -1488.597 -1488.618 -1488.690
-1478.942 -1484.214 -1484.235 -1484.309
-1479.803 -1485.027 -1485.704 -1485.781
-1479.876 -1486.095 -1486.115 -1486.203
-1476.293 -1481.590 -1481.607 -1481.696
-1480.560 -1485.560 -1485.581 -1485.663
-1480.817 -1490.224 -1490.745 -1490.810
-1479.682 -1488.270 -1488.292 -1488.367
-1481.875 -1487.322 -1487.343 -1487.421
-1478.841 -1483.900 -1488.279 -1488.359
-1485.322 -1490.890 -1490.913 -1490.984
-1485.157 -1495.484 -1495.508 -1495.575
-1483.937 -1489.653 -1489.676 -1489.745
-1484.509 -1490.603 -1490.627 -1490.695
-1483.385 -1488.800 -1488.823 -1488.903
-1493.642 -1500.255 -1500.272 -1500.332
-1488.998 -1494.906 -1494.929 -1495.001
-1488.998 -1494.906 -1494.929 -1495.001
-1488.998 -1494.906 -1494.929 -1495.001
-1487.242 -1492.788 -1492.811 -1492.891
-1486.108 -1491.856 -1491.879 -1491.949
-1484.860 -1488.783 -1488.801 -1488.907
-1488.998 -1494.898 -1494.929 -1495.001
-1488.998 -1494.906 -1494.929 -1495.001
-1486.980 -1493.056 -1493.080 -1493.145
-1486.980 -1493.056 -1493.080 -1493.145
-1479.389 -1486.650 -1487.610 -1487.691
-1481.504 -1485.619 -1485.637 -1485.735
-1484.860 -1488.783 -1488.801 -1488.907
-1481.606 -1486.661 -1486.680 -1486.759
-1483.962 -1489.569 -1489.590 -1489.659
-1489.939 -1496.462 -1496.486 -1496.545
-1483.453 -1487.467 -1487.485 -1487.583
-1485.476 -1491.455 -1491.479 -1491.548
-1486.493 -1492.257 -1492.279 -1492.349
-1478.537 -1483.859 -1484.418 -1485.461
-1479.324 -1484.142 -1484.944 -1485.026
-1484.991 -1493.146 -1493.169 -1493.235
-1481.035 -1489.808 -1489.830 -1489.901
-1485.912 -1491.598 -1491.621 -1491.694
-1478.105 -1484.937 -1484.961 -1485.042
-1477.487 -1486.784 -1486.806 -1486.883
-1478.879 -1482.756 -1482.772 -1482.876
-1480.871 -1484.627 -1484.644 -1484.752
-1479.889 -1486.531 -1486.552 -1486.622
-1483.306 -1489.156 -1489.180 -1489.250
-1482.140 -1487.617 -1487.651 -1487.725
-1476.724 -1492.357 -1492.382 -1492.454
-1493.642 -1500.255 -1500.272 -1500.332
-1488.998 -1494.906 -1494.929 -1495.001
-1487.242 -1492.788 -1492.811 -1492.891
-1479.539 -1486.068 -1486.090 -1486.168
-1480.877 -1486.556 -1486.579 -1486.654
-1479.082 -1494.279 -1494.304 -1494.373
-1493.642 -1500.255 -1500.272 -1500.332
-1486.108 -1491.856 -1491.879 -1491.949
-1484.860 -1488.783 -1488.801 -1488.907
-1484.538 -1490.009 -1490.030 -1490.104
-1482.025 -1487.274 -1487.295 -1487.379
-1485.826 -1494.249 -1494.272 -1494.338
-1477.986 -1483.769 -1483.790 -1483.867
-1491.817 -1498.378 -1498.402 -1498.461
-1480.988 -1486.436 -1486.457 -1486.534
-1484.217 -1489.873 -1489.895 -1489.969
-1485.162 -1492.973 -1492.996 -1493.060
-1485.055 -1490.628 -1490.651 -1490.730
-1485.456 -1491.139 -1491.162 -1491.234
-1482.519 -1486.368 -1486.386 -1486.489
-1485.064 -1490.720 -1490.742 -1490.815
-1481.813 -1487.099 -1487.120 -1487.194
-1482.682 -1487.619 -1487.639 -1487.725
-1477.651 -1481.856 -1481.872 -1481.971
-1482.619 -1487.479 -1487.500 -1487.585
-1478.334 -1484.097 -1484.117 -1484.197
-1478.974 -1485.980 -1486.000 -1486.082
-1480.639 -1485.511 -1485.737 -1485.840
-1482.627 -1490.083 -1490.106 -1490.178
-1481.815 -1486.921 -1486.943 -1487.021
-1479.814 -1484.580 -1486.197 -1486.280
-1485.700 -1491.615 -1491.640 -1491.713
-1482.343 -1487.858 -1487.880 -1487.956
-1482.081 -1491.146 -1491.169 -1491.236
-1484.363 -1490.062 -1490.084 -1490.160
-1486.939 -1493.106 -1493.130 -1493.195
-1485.791 -1492.019 -1492.043 -1492.106
-1493.642 -1500.255 -1500.272 -1500.332
-1484.351 -1492.237 -1492.260 -1492.327
-1486.812 -1492.554 -1492.577 -1492.647
-1493.642 -1500.255 -1500.272 -1500.332
-1488.998 -1494.906 -1494.929 -1495.001
-1487.242 -1492.788 -1492.811 -1492.891
-1486.493 -1492.257 -1492.279 -1492.349
-1484.860 -1488.783 -1488.801 -1488.907
-1479.242 -1484.452 -1484.473 -1484.555
-1488.062 -1494.249 -1494.272 -1494.338
-1488.062 -1494.249 -1494.272 -1494.338
-1491.817 -1498.378 -1498.402 -1498.461
-1482.285 -1487.764 -1487.785 -1487.861
-1485.626 -1491.058 -1491.080 -1491.160
-1485.240 -1490.815 -1490.838 -1490.913
-1493.642 -1500.255 -1500.272 -1500.332
-1405.035 -1478.670 -1484.947 -1485.035
-1479.433 -1486.760 -1486.782 -1486.859
-1485.383 -1495.842 -1495.866 -1495.930
-1482.862 -1488.214 -1488.236 -1488.311
-1487.111 -1493.190 -1493.213 -1493.278
-1484.488 -1492.311 -1492.334 -1492.402
-1480.004 -1485.417 -1487.676 -1487.760
-1487.227 -1493.206 -1493.228 -1493.293
-1483.413 -1488.614 -1488.635 -1488.714
-1482.525 -1487.888 -1487.908 -1487.983
-1482.426 -1486.727 -1486.745 -1486.840
-1480.670 -1485.472 -1485.491 -1485.575
-1484.060 -1488.536 -1488.555 -1488.642
-1485.125 -1492.426 -1492.451 -1492.519
-1482.305 -1487.841 -1487.864 -1487.936
-1484.635 -1490.788 -1490.811 -1490.880
-1480.495 -1486.138 -1486.161 -1486.228
-1482.574 -1487.879 -1487.900 -1487.978
-1483.126 -1489.139 -1489.163 -1489.233
-1484.781 -1490.931 -1490.955 -1491.023
-1493.642 -1500.255 -1500.272 -1500.332
-1481.015 -1485.850 -1485.869 -1485.951
-1487.242 -1492.788 -1492.811 -1492.891
-1488.998 -1494.906 -1494.929 -1495.001
-1493.642 -1500.255 -1500.272 -1500.332
-1487.242 -1492.788 -1492.811 -1492.891
-1486.493 -1492.257 -1492.279 -1492.349
-1493.642 -1500.255 -1500.272 -1500.332
-1484.860 -1488.783 -1488.801 -1488.907
-1481.758 -1486.626 -1486.645 -1486.733
-1484.086 -1489.914 -1489.937 -1490.008
-1493.642 -1500.255 -1500.272 -1500.332
-1484.681 -1490.584 -1490.606 -1490.684
-1493.642 -1500.255 -1500.272 -1500.332
-1481.660 -1486.985 -1487.006 -1487.081
-1483.319 -1488.715 -1488.737 -1488.817
-1493.642 -1500.255 -1500.272 -1500.332
-1485.614 -1491.625 -1491.648 -1491.715
-1484.358 -1490.196 -1490.218 -1490.291
-1485.568 -1493.451 -1493.475 -1493.538
-1487.770 -1493.539 -1493.562 -1493.629
-1485.079 -1490.772 -1490.794 -1490.863
-1477.841 -1488.619 -1488.640 -1488.725
-1477.622 -1482.260 -1482.277 -1482.360
-1478.424 -1483.584 -1483.604 -1483.682
-1476.593 -1480.393 -1480.407 -1480.511
-1479.999 -1484.043 -1484.059 -1484.162
-1484.221 -1489.021 -1489.041 -1489.126
-1481.043 -1485.223 -1485.240 -1485.339
-1482.150 -1485.880 -1485.896 -1485.999
-1480.201 -1484.988 -1485.008 -1485.090
-1482.740 -1486.778 -1486.796 -1486.898
-1485.649 -1491.545 -1491.567 -1491.634
-1493.642 -1500.255 -1500.272 -1500.332
-1469.763 -1484.890 -1485.173 -1485.250
-1488.129 -1494.483 -1494.508 -1494.571
-1482.913 -1488.199 -1488.219 -1488.296
-1482.597 -1487.788 -1487.808 -1487.886
-1486.378 -1492.381 -1492.405 -1492.477
-1486.637 -1492.724 -1492.747 -1492.817
-1493.642 -1500.255 -1500.272 -1500.332
-1488.998 -1494.906 -1494.929 -1495.001
-1487.242 -1492.788 -1492.811 -1492.891
-1484.860 -1488.783 -1488.801 -1488.907
-1484.060 -1488.536 -1488.555 -1488.642
-1484.875 -1490.620 -1490.652 -1490.723
-1486.789 -1492.657 -1492.681 -1492.748
-1483.810 -1489.683 -1489.706 -1489.783
-1489.171 -1498.378 -1498.402 -1498.461
-1479.909 -1483.863 -1483.879 -1483.977
-1482.425 -1487.715 -1487.737 -1487.812
-1485.452 -1491.015 -1491.037 -1491.114
-1486.140 -1490.877 -1490.896 -1490.990
-1476.108 -1479.326 -1479.337 -1479.447
-1482.043 -1486.013 -1486.030 -1486.130
-1479.800 -1484.102 -1484.121 -1484.219
-1482.870 -1487.648 -1487.670 -1487.760
-1478.883 -1483.158 -1483.176 -1483.273
-1479.062 -1483.507 -1483.525 -1483.615
-1479.647 -1483.540 -1483.557 -1483.655
-1481.366 -1485.209 -1485.227 -1485.334
-1483.080 -1487.638 -1487.657 -1487.747
-1481.587 -1486.035 -1486.054 -1486.146
-1483.488 -1487.648 -1487.667 -1487.767
-1487.442 -1493.491 -1493.515 -1493.588
-1476.133 -1485.477 -1487.470 -1487.547
-1487.565 -1493.809 -1493.834 -1493.904
-1479.615 -1483.343 -1483.361 -1483.466
-1482.193 -1487.692 -1487.714 -1487.790
-1493.642 -1500.255 -1500.272 -1500.332
-1487.637 -1494.055 -1494.079 -1494.141
-1493.642 -1500.255 -1500.272 -1500.332
-1482.758 -1487.432 -1487.452 -1487.540
-1488.998 -1494.906 -1494.929 -1495.001
-1487.242 -1492.788 -1492.811 -1492.891
-1485.079 -1490.772 -1490.794 -1490.863
-1484.221 -1489.021 -1489.041 -1489.126
-1485.013 -1490.869 -1490.892 -1490.964
-1486.264 -1493.147 -1493.171 -1493.239
-1487.620 -1494.018 -1494.424 -1494.488
-1487.514 -1493.527 -1493.550 -1493.611
-1480.349 -1484.797 -1484.816 -1484.907
-1493.642 -1500.255 -1500.272 -1500.332
-1484.718 -1492.836 -1492.859 -1492.925
-1482.815 -1488.327 -1488.349 -1488.423
-1483.007 -1498.378 -1498.402 -1498.461
-1480.672 -1485.421 -1485.441 -1485.532
-1485.392 -1490.976 -1490.998 -1491.073
-1482.932 -1488.246 -1488.267 -1488.347
-1482.619 -1487.882 -1487.903 -1487.975
-1482.677 -1485.949 -1485.965 -1486.075
-1482.218 -1486.460 -1486.478 -1486.566
-1481.417 -1485.096 -1485.113 -1485.224
-1478.304 -1482.793 -1482.810 -1482.902
-1481.049 -1487.995 -1491.838 -1491.911
-1480.207 -1483.807 -1483.824 -1483.936
-1480.980 -1484.615 -1484.633 -1484.743
-1478.301 -1484.986 -1485.005 -1485.084
-1481.958 -1486.360 -1486.379 -1486.475
-1478.684 -1482.425 -1482.441 -1482.543
-1484.531 -1488.981 -1489.000 -1489.090
-1487.442 -1493.491 -1493.515 -1493.588
-1484.531 -1493.351 -1493.375 -1493.434
-1493.642 -1500.255 -1500.272 -1500.332
-1486.202 -1494.400 -1494.424 -1494.488
-1481.416 -1486.313 -1486.333 -1486.418
-1491.069 -1497.431 -1497.454 -1497.516
-1493.642 -1500.255 -1500.272 -1500.332
-1488.998 -1494.906 -1494.929 -1495.001
-1488.998 -1494.906 -1494.929 -1495.001
-1487.637 -1494.055 -1494.079 -1494.141
-1487.242 -1492.788 -1492.811 -1492.891
-1486.789 -1492.657 -1492.681 -1492.748
-1484.028 -1491.164 -1491.186 -1491.258
-1483.047 -1491.359 -1491.381 -1491.465
-1493.642 -1500.255 -1500.272 -1500.332
-1485.849 -1491.500 -1491.523 -1491.598
-1493.642 -1500.255 -1500.272 -1500.332
-1480.120 -1485.025 -1485.065 -1485.149
-1488.498 -1494.498 -1494.522 -1494.588
-1474.980 -1479.036 -1479.051 -1479.152
-1493.642 -1500.255 -1500.272 -1500.332
-1477.193 -1481.085 -1481.101 -1481.198
-1481.200 -1486.337 -1486.358 -1486.436
-1480.017 -1485.643 -1485.666 -1485.740
-1491.069 -1497.431 -1497.454 -1497.516
-1476.423 -1481.380 -1482.282 -1482.371
-1482.207 -1488.163 -1488.186 -1488.259
-1480.117 -1488.888 -1488.912 -1488.990
-1479.715 -1484.834 -1484.854 -1484.934
-1480.341 -1484.220 -1484.236 -1484.342
-1483.719 -1487.713 -1487.730 -1487.834
-1480.163 -1483.791 -1483.807 -1483.915
-1480.897 -1484.971 -1484.989 -1485.086
-1481.232 -1484.703 -1484.718 -1484.829
-1472.310 -1489.765 -1489.787 -1489.864
-1481.520 -1485.766 -1485.784 -1485.881
-1493.642 -1500.255 -1500.272 -1500.332
-1493.642 -1500.255 -1500.272 -1500.332
-1488.998 -1494.906 -1494.929 -1495.001
-1487.242 -1492.788 -1492.811 -1492.891
-1484.531 -1488.981 -1489.000 -1489.090
-1482.393 -1486.086 -1486.103 -1486.211
-1482.932 -1488.246 -1488.267 -1488.347
-1482.865 -1489.059 -1489.080 -1489.163
-1484.826 -1490.444 -1490.466 -1490.539
-1484.707 -1490.106 -1490.128 -1490.208
-1477.479 -1482.667 -1485.019 -1485.101
-1486.757 -1494.906 -1494.929 -1495.001
-1486.446 -1492.772 -1493.144 -1493.209
-1478.480 -1483.879 -1483.897 -1483.981
-1486.023 -1491.516 -1491.538 -1491.616
-1491.069 -1497.420 -1497.454 -1497.516
-1483.023 -1488.387 -1488.409 -1488.492
-1478.116 -1482.899 -1482.916 -1483.017
-1484.711 -1490.061 -1490.083 -1490.167
-1487.084 -1493.054 -1493.077 -1493.142
-1493.642 -1500.255 -1500.272 -1500.332
-1479.680 -1485.592 -1485.615 -1485.687
-1485.995 -1491.555 -1491.577 -1491.653
-1480.508 -1487.553 -1487.574 -1487.653
-1480.298 -1485.329 -1485.349 -1485.430
-1484.090 -1490.038 -1490.060 -1490.125
-1482.375 -1487.452 -1487.472 -1487.552
-1481.437 -1485.601 -1485.619 -1485.723
-1481.644 -1486.046 -1486.064 -1486.159
-1482.449 -1486.157 -1486.174 -1486.283
-1466.971 -1488.142 -1488.164 -1488.240
-1487.460 -1493.317 -1493.340 -1493.409
-1488.079 -1494.013 -1494.036 -1494.104
-1493.642 -1500.255 -1500.272 -1500.332
-1486.757 -1494.906 -1494.929 -1495.001
-1435.729 -1479.588 -1482.813 -1484.866
-1487.242 -1492.788 -1492.811 -1492.891
-1488.005 -1494.525 -1494.550 -1494.614
-1484.826 -1490.444 -1490.466 -1490.539
-1484.531 -1488.981 -1489.000 -1489.090
-1479.147 -1484.695 -1485.468 -1485.548
-1487.460 -1493.317 -1493.340 -1493.409
-1488.998 -1494.906 -1494.929 -1495.001
-1486.094 -1492.591 -1492.614 -1492.682
-1475.245 -1481.143 -1482.200 -1482.283
-1479.429 -1484.714 -1484.734 -1484.816
-1482.339 -1488.649 -1488.670 -1488.754
-1486.797 -1492.679 -1492.702 -1492.774
-1489.365 -1495.551 -1495.575 -1495.639
-1478.964 -1483.322 -1484.069 -1486.694
-1488.809 -1494.891 -1494.916 -1494.980
-1485.238 -1491.013 -1491.036 -1491.109
-1479.663 -1485.265 -1485.286 -1485.361
-1481.258 -1485.389 -1485.408 -1485.507
-1491.069 -1497.431 -1497.454 -1497.516
-1493.642 -1500.255 -1500.272 -1500.332
-1493.642 -1500.255 -1500.272 -1500.332
-1480.861 -1484.778 -1484.796 -1484.898
-1481.195 -1489.835 -1489.858 -1489.935
-1479.799 -1487.775 -1487.796 -1487.863
-1493.642 -1500.255 -1500.272 -1500.332
-1484.115 -1489.760 -1489.782 -1489.857
-1478.022 -1482.994 -1483.016 -1483.100
-1479.902 -1484.715 -1484.735 -1484.817
-1480.845 -1485.502 -1485.522 -1485.614
-1481.222 -1485.905 -1485.925 -1486.012
-1478.737 -1500.255 -1500.272 -1500.332
-1481.425 -1490.644 -1490.667 -1490.746
-1483.040 -1488.313 -1488.334 -1488.415
-1481.802 -1486.922 -1486.944 -1487.025
-1489.679 -1495.842 -1495.866 -1495.930
-1485.887 -1493.450 -1493.473 -1493.547
-1493.642 -1500.255 -1500.272 -1500.332
-1488.998 -1494.906 -1494.929 -1495.001
-1487.476 -1493.409 -1493.432 -1493.501
-1487.242 -1492.788 -1492.811 -1492.891
-1484.826 -1490.444 -1490.466 -1490.539
-1484.531 -1488.981 -1489.000 -1489.090
-1488.079 -1494.013 -1494.036 -1494.104
-1484.801 -1492.679 -1492.702 -1492.774
-1485.995 -1491.555 -1491.577 -1491.653
-1485.820 -1491.558 -1491.580 -1491.656
-1474.735 -1481.179 -1482.536 -1485.180
-1481.678 -1485.577 -1485.593 -1485.694
-1485.981 -1491.631 -1491.655 -1491.728
-1480.976 -1487.633 -1487.654 -1487.730
-1489.251 -1495.484 -1495.508 -1495.575
-1489.397 -1495.696 -1495.720 -1495.781
-1483.881 -1489.560 -1490.105 -1490.177
-1483.879 -1489.544 -1489.566 -1489.638
-1485.016 -1490.676 -1490.698 -1490.770
-1484.646 -1490.202 -1490.224 -1490.297
-1488.036 -1498.378 -1498.402 -1498.461
-1480.855 -1485.713 -1485.734 -1485.832
-1479.794 -1483.819 -1483.837 -1483.936
-1483.499 -1488.953 -1488.974 -1489.052
-1480.643 -1484.732 -1484.750 -1484.849
-1481.029 -1487.455 -1487.472 -1487.581
-1482.315 -1487.081 -1487.101 -1487.191
-1483.169 -1489.624 -1489.647 -1489.722
-1485.743 -1491.957 -1491.981 -1492.049
-1484.089 -1488.415 -1488.434 -1488.528
-1482.174 -1488.164 -1488.211 -1488.284
-1480.502 -1486.020 -1486.040 -1486.114
-1481.766 -1487.159 -1487.181 -1487.257
-1483.845 -1491.978 -1492.001 -1492.071
-1481.498 -1486.915 -1486.936 -1487.010
-1478.737 -1495.484 -1495.508 -1495.575
-1489.365 -1495.551 -1495.575 -1495.639
-1482.540 -1487.708 -1487.728 -1487.800
-1493.642 -1500.255 -1500.272 -1500.332
-1488.998 -1494.906 -1494.929 -1495.001
-1487.242 -1492.788 -1492.811 -1492.891
-1484.826 -1490.444 -1490.466 -1490.539
-1484.531 -1488.981 -1489.000 -1489.090
-1482.199 -1487.775 -1487.796 -1487.863
-1493.642 -1500.255 -1500.272 -1500.332
-1493.642 -1500.255 -1500.272 -1500.332
-1493.642 -1500.255 -1500.272 -1500.332
-1487.144 -1493.061 -1493.085 -1493.158
-1487.023 -1493.042 -1493.065 -1493.129
-1484.271 -1489.889 -1489.911 -1489.984
-1484.871 -1490.296 -1490.318 -1490.391
-1479.770 -1484.451 -1484.470 -1484.561
-1482.970 -1488.594 -1488.616 -1488.689
-1484.283 -1489.541 -1489.561 -1489.637
-1483.129 -1486.988 -1487.005 -1487.105
-1482.344 -1487.465 -1487.486 -1487.565
-1481.198 -1485.770 -1485.790 -1485.883
-1482.963 -1489.677 -1489.699 -1489.773
-1478.854 -1488.358 -1488.381 -1488.451
-1483.283 -1488.843 -1488.864 -1488.939
-1475.683 -1480.228 -1480.244 -1480.327
-1479.812 -1483.317 -1483.332 -1483.445
-1465.473 -1488.551 -1489.853 -1489.924
-1488.707 -1494.726 -1494.749 -1494.815
-1480.881 -1487.133 -1487.155 -1487.226
-1485.286 -1491.202 -1491.226 -1491.302
-1486.110 -1492.103 -1492.125 -1492.194
-1484.531 -1493.774 -1493.798 -1493.860
-1480.301 -1486.039 -1486.062 -1486.136
-1485.331 -1491.307 -1491.331 -1491.399
-1480.190 -1486.332 -1486.600 -1486.670
-1481.858 -1487.034 -1487.056 -1487.140
-1493.642 -1500.255 -1500.272 -1500.332
-1489.397 -1495.696 -1495.720 -1495.781
-1487.242 -1492.788 -1492.811 -1492.891
-1493.642 -1500.255 -1500.272 -1500.332
-1484.826 -1490.444 -1490.466 -1490.539
-1484.531 -1488.981 -1489.000 -1489.090
-1493.642 -1500.255 -1500.272 -1500.332
-1488.998 -1494.906 -1494.929 -1495.001
-1488.998 -1494.906 -1494.929 -1495.001
-1481.992 -1488.512 -1488.532 -1488.610
-1478.364 -1485.113 -1485.133 -1485.209
-1477.780 -1483.005 -1484.035 -1484.120
-1489.982 -1496.505 -1496.529 -1496.588
-1485.679 -1491.436 -1491.458 -1491.530
-1491.817 -1498.378 -1498.402 -1498.461
-1482.966 -1489.702 -1489.721 -1489.796
-1482.366 -1487.452 -1487.470 -1487.548
-1493.642 -1500.255 -1500.272 -1500.332
-1487.724 -1493.653 -1493.677 -1493.742
-1485.702 -1491.136 -1491.158 -1491.235
-1481.032 -1485.669 -1485.687 -1485.774
-1480.164 -1483.879 -1483.894 -1483.995
-1481.428 -1484.715 -1484.730 -1484.839
-1485.306 -1490.766 -1490.799 -1490.872
-1482.569 -1486.310 -1486.328 -1486.436
-1478.649 -1482.698 -1482.715 -1482.813
-1480.966 -1486.233 -1486.252 -1486.328
-1483.214 -1487.628 -1487.647 -1487.742
-1477.679 -1482.722 -1486.202 -1486.281
-1489.848 -1496.379 -1496.404 -1496.462
-1487.442 -1493.491 -1493.515 -1493.588
-1485.137 -1490.695 -1490.718 -1490.794
-1467.361 -1485.393 -1485.414 -1485.491
-1480.143 -1486.227 -1486.249 -1486.323
-1493.642 -1500.255 -1500.272 -1500.332
-1493.642 -1500.255 -1500.272 -1500.332
-1481.864 -1486.892 -1486.913 -1486.999
-1493.642 -1500.255 -1500.272 -1500.332
-1489.397 -1495.696 -1495.720 -1495.781
-1487.242 -1492.788 -1492.811 -1492.891
-1484.826 -1490.444 -1490.466 -1490.539
-1479.244 -1485.703 -1485.723 -1485.801
-1484.531 -1488.981 -1489.000 -1489.090
-1481.705 -1486.431 -1486.451 -1486.540
-1482.239 -1488.338 -1488.360 -1488.439
-1481.353 -1488.195 -1488.215 -1488.296
-1476.487 -1480.662 -1480.681 -1480.778
-1480.870 -1485.648 -1485.767 -1485.853
-1493.642 -1500.255 -1500.272 -1500.332
-1480.903 -1487.391 -1489.646 -1489.724
-1481.046 -1486.838 -1486.860 -1486.937
-1484.876 -1490.155 -1490.192 -1490.273
-1478.999 -1482.951 -1482.968 -1483.071
-1485.010 -1490.485 -1490.507 -1490.578
-1493.642 -1500.255 -1500.272 -1500.332
-1476.811 -1480.919 -1480.936 -1481.029
-1477.044 -1483.775 -1483.796 -1483.879
-1477.607 -1482.922 -1484.129 -1484.209
-1480.800 -1489.712 -1489.735 -1489.809
-1479.427 -1483.548 -1483.566 -1483.668
-1481.291 -1485.087 -1485.104 -1485.211
-1480.186 -1484.393 -1484.411 -1484.509
-1483.158 -1490.977 -1491.000 -1491.070
-1481.259 -1487.744 -1487.767 -1487.839
-1479.786 -1484.717 -1484.737 -1484.821
-1472.107 -1485.323 -1486.406 -1486.483
-1481.818 -1487.629 -1487.651 -1487.726
-1488.110 -1494.340 -1494.366 -1494.435
-1478.395 -1490.577 -1490.600 -1490.674
-1479.791 -1483.313 -1483.329 -1483.443
-1493.642 -1500.255 -1500.272 -1500.332
-1489.397 -1495.696 -1495.720 -1495.781
-1487.724 -1493.653 -1493.677 -1493.742
-1480.301 -1485.462 -1485.509 -1485.583
-1487.242 -1492.788 -1492.811 -1492.891
-1484.531 -1488.981 -1489.000 -1489.090
-1483.418 -1487.402 -1487.420 -1487.527
-1485.679 -1491.436 -1491.458 -1491.530
-1483.214 -1487.628 -1487.647 -1487.742
-1483.212 -1487.628 -1487.647 -1487.742
-1483.189 -1488.715 -1488.737 -1488.811
-1487.174 -1493.146 -1493.169 -1493.235
-1481.777 -1486.036 -1486.054 -1486.146
-1484.976 -1490.555 -1490.577 -1490.651
-1487.198 -1492.797 -1492.820 -1492.889
-1483.634 -1488.851 -1488.870 -1488.949
-1489.441 -1495.741 -1495.765 -1495.827
-1483.049 -1487.290 -1487.309 -1487.403
-1478.218 -1484.486 -1484.507 -1484.580
-1483.577 -1487.288 -1487.306 -1487.421
-1482.880 -1487.942 -1487.961 -1488.045
-1476.049 -1482.948 -1482.967 -1483.047
-1479.086 -1483.555 -1483.572 -1483.668
-1487.307 -1493.103 -1493.126 -1493.193
-1482.000 -1486.562 -1486.580 -1486.673
-1478.062 -1482.528 -1482.547 -1482.643
-1487.023 -1493.042 -1493.065 -1493.129
-1476.365 -1484.109 -1485.266 -1485.340
-1478.737 -1500.255 -1500.272 -1500.332
-1484.040 -1489.584 -1489.606 -1489.684
-1483.742 -1489.203 -1489.225 -1489.302
-1484.468 -1490.471 -1490.899 -1490.968
-1479.257 -1487.553 -1487.572 -1487.653
-1481.924 -1487.936 -1487.955 -1488.052
-1475.483 -1481.827 -1482.133 -1483.259
-1484.508 -1489.843 -1489.864 -1489.942
-1493.642 -1500.255 -1500.272 -1500.332
-1489.397 -1495.696 -1495.720 -1495.781
-1493.642 -1500.255 -1500.272 -1500.332
-1487.724 -1493.653 -1493.677 -1493.742
-1493.642 -1500.255 -1500.272 -1500.332
-1487.242 -1492.788 -1492.811 -1492.891
-1484.531 -1488.981 -1489.000 -1489.090
-1483.479 -1491.710 -1491.733 -1491.812
-1490.140 -1496.648 -1496.673 -1496.731
-1488.498 -1494.498 -1494.522 -1494.588
-1493.642 -1500.255 -1500.272 -1500.332
-1486.091 -1491.828 -1491.851 -1491.921
-1484.808 -1493.147 -1493.170 -1493.235
-1486.542 -1496.610 -1496.635 -1496.693
-1491.817 -1498.378 -1498.402 -1498.461
-1476.734 -1481.280 -1481.298 -1481.393
-1482.138 -1487.371 -1487.392 -1487.476
-1482.734 -1487.664 -1487.685 -1487.774
-1476.896 -1481.105 -1481.123 -1481.215
-1481.062 -1486.063 -1486.080 -1486.180
-1478.777 -1485.492 -1485.510 -1485.590
-1478.518 -1484.430 -1484.452 -1484.531
-1484.913 -1491.841 -1491.863 -1491.938
-1476.707 -1482.712 -1483.249 -1483.329
-1478.752 -1487.385 -1487.406 -1487.483
-1479.923 -1483.699 -1483.716 -1483.826
-1479.782 -1483.686 -1483.702 -1483.803
-1483.091 -1489.178 -1489.202 -1489.269
-1485.216 -1491.045 -1491.074 -1491.143
-1484.021 -1488.619 -1488.637 -1488.727
-1478.983 -1484.317 -1484.338 -1484.411
-1488.613 -1494.613 -1494.637 -1494.703
-1482.284 -1486.760 -1486.778 -1486.865
-1480.475 -1484.511 -1484.529 -1484.629
-1479.533 -1485.471 -1485.490 -1485.576
-1478.737 -1500.255 -1500.272 -1500.332
-1489.441 -1495.741 -1495.765 -1495.827
-1484.192 -1489.467 -1489.489 -1489.566
-1493.642 -1500.255 -1500.272 -1500.332
-1487.724 -1493.653 -1493.677 -1493.742
-1487.242 -1492.788 -1492.811 -1492.891
-1493.642 -1500.255 -1500.272 -1500.332
-1484.531 -1488.981 -1489.000 -1489.090
-1489.848 -1496.379 -1496.404 -1496.462
-1482.691 -1488.110 -1488.133 -1488.214
-1477.335 -1485.792 -1485.814 -1485.892
-1485.982 -1491.700 -1491.723 -1491.797
-1485.072 -1490.725 -1490.748 -1490.824
-1480.248 -1484.541 -1484.560 -1484.656
-1491.817 -1498.378 -1498.402 -1498.461
-1479.812 -1483.894 -1483.911 -1484.008
-1490.096 -1496.595 -1496.619 -1496.677
-1476.600 -1480.182 -1480.198 -1480.300
-1493.642 -1500.255 -1500.272 -1500.332
-1484.057 -1489.678 -1489.701 -1489.770
-1480.532 -1485.228 -1485.246 -1485.327
-1475.956 -1481.455 -1483.313 -1483.399
-1486.253 -1492.798 -1492.821 -1492.892
-1485.729 -1491.181 -1491.203 -1491.274
-1483.989 -1489.406 -1489.427 -1489.500
-1478.820 -1482.390 -1482.405 -1482.520
-1480.051 -1484.703 -1484.723 -1484.810
-1482.125 -1486.418 -1486.437 -1486.530
-1480.019 -1483.396 -1483.411 -1483.519
-1466.223 -1480.172 -1483.669 -1483.749
-1483.600 -1492.044 -1492.068 -1492.140
-1486.216 -1494.400 -1494.424 -1494.488
-1486.416 -1492.545 -1492.569 -1492.639
-1484.718 -1490.617 -1490.641 -1490.707
-1493.642 -1500.255 -1500.272 -1500.332
-1491.817 -1498.366 -1498.402 -1498.461
-1489.441 -1495.741 -1495.765 -1495.827
-1487.724 -1493.653 -1493.677 -1493.742
-1487.242 -1492.788 -1492.811 -1492.891
-1484.531 -1488.981 -1489.000 -1489.090
-1486.325 -1491.841 -1491.863 -1491.938
-1483.009 -1488.623 -1488.646 -1488.722
-1487.724 -1493.653 -1493.677 -1493.742
-1484.733 -1493.620 -1493.643 -1493.717
-1482.073 -1488.232 -1488.255 -1488.335
-1487.724 -1493.653 -1493.677 -1493.742
-1480.082 -1486.706 -1486.726 -1486.808
-1491.817 -1498.378 -1498.402 -1498.461
-1478.349 -1482.698 -1482.716 -1482.811
-1478.242 -1484.374 -1484.393 -1484.485
-1477.778 -1482.344 -1482.363 -1482.453
-1480.629 -1484.831 -1484.848 -1484.942
-1480.081 -1485.648 -1485.670 -1485.747
-1490.096 -1496.595 -1496.619 -1496.677
-1485.229 -1491.199 -1491.221 -1491.289
-1480.773 -1486.176 -1486.197 -1486.276
-1479.473 -1487.890 -1487.913 -1487.984
-1480.998 -1487.053 -1487.074 -1487.152
-1486.101 -1491.580 -1491.602 -1491.678
-1480.906 -1486.059 -1486.080 -1486.164
-1484.568 -1490.551 -1491.025 -1491.105
-1473.048 -1478.373 -1478.389 -1478.486
-1480.990 -1485.729 -1485.749 -1485.838
-1476.724 -1481.597 -1481.614 -1481.695
-1481.714 -1487.391 -1488.932 -1488.996
-1482.134 -1488.260 -1488.284 -1488.352
-1484.531 -1494.055 -1494.079 -1494.141
-1484.531 -1492.839 -1492.863 -1492.925
-1483.133 -1488.477 -1488.498 -1488.580
-1488.090 -1494.400 -1494.424 -1494.488
-1493.642 -1500.255 -1500.272 -1500.332
-1487.366 -1494.400 -1494.424 -1494.488
-1481.221 -1485.308 -1485.327 -1485.424
-1489.441 -1495.741 -1495.765 -1495.827
-1488.107 -1494.035 -1494.059 -1494.126
-1487.242 -1492.788 -1492.811 -1492.891
-1486.325 -1491.841 -1491.863 -1491.938
-1484.531 -1488.981 -1489.000 -1489.090
-1488.354 -1494.293 -1494.316 -1494.383
-1484.140 -1489.786 -1489.809 -1489.884
-1485.760 -1491.557 -1491.580 -1491.656
-1486.837 -1492.803 -1492.827 -1492.893
-1493.642 -1500.243 -1500.272 -1500.332
-1484.537 -1489.879 -1489.899 -1489.978
-1484.734 -1490.613 -1490.636 -1490.703
-1483.687 -1489.395 -1489.418 -1489.486
-1485.332 -1490.829 -1490.851 -1490.925
-1486.885 -1492.937 -1492.960 -1493.023
-1486.246 -1492.327 -1492.352 -1492.424
-1481.264 -1485.084 -1485.100 -1485.209
-1485.580 -1491.141 -1491.164 -1491.238
-1475.833 -1480.849 -1481.250 -1481.331
-1479.060 -1484.332 -1485.344 -1485.424
-1480.187 -1484.945 -1484.965 -1485.055
-1485.309 -1491.216 -1491.240 -1491.307
-1480.331 -1486.206 -1486.227 -1486.302
-1480.604 -1485.806 -1485.828 -1485.905
-1478.208 -1482.458 -1482.475 -1482.577
-1479.309 -1483.186 -1483.202 -1483.306
-1479.530 -1488.632 -1489.105 -1489.187
-1477.899 -1483.891 -1483.911 -1483.985
-1491.784 -1498.329 -1498.402 -1498.461
-1484.335 -1490.079 -1490.102 -1490.173
-1491.069 -1497.431 -1497.454 -1497.516
-1489.441 -1495.741 -1495.765 -1495.827
-1493.642 -1500.255 -1500.272 -1500.332
-1491.784 -1498.315 -1498.402 -1498.461
-1489.441 -1495.741 -1495.765 -1495.827
-1487.242 -1492.788 -1492.811 -1492.891
-1486.325 -1491.841 -1491.863 -1491.938
-1484.531 -1488.981 -1489.000 -1489.090
-1488.090 -1494.383 -1494.424 -1494.488
-1486.574 -1494.400 -1494.424 -1494.488
-1483.844 -1489.386 -1489.809 -1489.884
-1484.140 -1489.786 -1489.809 -1489.884
-1481.866 -1487.505 -1487.527 -1487.603
