  ID   Compositions    Enthalpies    Volumes    fitness  SYMM
                       (eV/atom)    (A^3/atom)    ()         
 455  [  10 10 30 ]    -30.0066     11.9973   -1500.3323     6
 497  [  10 10 30 ]    -29.9692     12.0860   -1498.4609    10
 733  [  10 10 30 ]    -29.9503     12.3483   -1497.5163    12
1336  [  10 10 30 ]    -29.9346     12.1819   -1496.7310    26
 763  [  10 10 30 ]    -29.9186     12.7702   -1495.9299     8
 461  [  10 10 30 ]    -29.9171     13.0181   -1495.8531    25
1308  [  10 10 30 ]    -29.9165     12.4483   -1495.8265     8
 617  [  10 10 30 ]    -29.9000     13.2871   -1495.0013    12
1128  [  10 10 30 ]    -29.8996     12.7298   -1494.9800    26
 805  [  10 10 30 ]    -29.8972     12.5432   -1494.8622     1
 700  [  10 10 30 ]    -29.8953     12.2903   -1494.7625     6
1289  [  10 10 30 ]    -29.8887     12.5576   -1494.4354     1
 729  [  10 10 30 ]    -29.8828     12.4292   -1494.1410     1
1437  [  10 10 30 ]    -29.8825     13.1976   -1494.1261     6
 490  [  10 10 30 ]    -29.8770     12.8726   -1493.8512     1
1021  [  10 10 30 ]    -29.8722     13.2718   -1493.6115     8
1043  [  10 10 30 ]    -29.8687     12.5348   -1493.4339     1
 903  [  10 10 30 ]    -29.8639     12.8036   -1493.1953     1
1450  [  10 10 30 ]    -29.8605     13.3194   -1493.0232     8
1024  [  10 10 30 ]    -29.8585     13.3674   -1492.9254     8
 761  [  10 10 30 ]    -29.8585     12.4972   -1492.9246     6
 669  [  10 10 30 ]    -29.8578     13.6047   -1492.8908     1
1121  [  10 10 30 ]    -29.8536     12.9895   -1492.6816    10
1393  [  10 10 30 ]    -29.8428     13.3127   -1492.1405     1
1350  [  10 10 30 ]    -29.8388     14.2420   -1491.9382     8
 536  [  10 10 30 ]    -29.8377     13.7247   -1491.8842     1
1421  [  10 10 30 ]    -29.8336     14.3969   -1491.6776     1
 973  [  10 10 30 ]    -29.8327     13.6969   -1491.6342     8
 515  [  10 10 30 ]    -29.8310     14.0900   -1491.5490     1
 566  [  10 10 30 ]    -29.8291     13.0480   -1491.4536     1
