 ID    Origin    Enthalpy   Parent-E   Parent-ID
   1   Random     -29.657   -29.657  [         0]
   2   Random     -29.731   -29.731  [         0]
   3   Random     -29.806   -29.806  [         0]
   4   Random     -29.723   -29.723  [         0]
   5   Random     -29.739   -29.739  [         0]
   6   Random     -29.566   -29.566  [         0]
   7   Random     -29.712   -29.712  [         0]
   8   Random     -29.693   -29.693  [         0]
   9   Random     -29.642   -29.642  [         0]
  10   Random     -29.707   -29.707  [         0]
  11   Random     -29.697   -29.697  [         0]
  12   Random     -29.645   -29.645  [         0]
  13   Random     -29.697   -29.697  [         0]
  14   Random     -29.732   -29.732  [         0]
  15   Random     -29.779   -29.779  [         0]
  16   Random     -29.750   -29.750  [         0]
  17   Random     -29.664   -29.664  [         0]
  18   Random     -29.676   -29.676  [         0]
  19   Random     -29.775   -29.775  [         0]
  20   Random     -29.736   -29.736  [         0]
  21   Random     -29.691   -29.691  [         0]
  22   Random     -29.711   -29.711  [         0]
  23   Random     -29.717   -29.717  [         0]
  24   Random     -29.710   -29.710  [         0]
  25   Random     -29.654   -29.654  [         0]
  26   Random     -29.712   -29.712  [         0]
  27   Random     -29.711   -29.711  [         0]
  28   Random     -29.664   -29.664  [         0]
  29   Random     -29.691   -29.691  [         0]
  30   Random     -29.745   -29.745  [         0]
  31  Heredity    -29.648   -29.736  [    19  21]
  32  Heredity    -29.683   -29.704  [    12   5]
  33  Heredity    -29.709   -29.740  [    14  16]
  34  Heredity    -29.771   -29.759  [     3  14]
  35  Heredity    -29.681   -29.744  [     3  22]
  36  Heredity    -29.680   -29.736  [    11   3]
  37  Heredity    -29.675   -29.726  [    26  20]
  38  Heredity    -29.737   -29.747  [    19  22]
  39  Heredity    -29.648   -29.759  [    16  15]
  40  Heredity    -29.602   -29.755  [    19  27]
  41  Heredity    -29.702   -29.713  [    16   1]
  42  Heredity    -29.753   -29.741  [    19  26]
  43  Heredity    -29.689   -29.725  [    19  10]
  44   Random     -29.665   -29.665  [         0]
  45  Heredity    -29.761   -29.740  [    14  16]
  46   Random     -29.669   -29.669  [         0]
  47   Random     -29.712   -29.712  [         0]
  48   Random     -29.599   -29.599  [         0]
  49   Random     -29.575   -29.575  [         0]
  50 Permutate    -29.735   -29.750  [        16]
  51 Permutate    -29.747   -29.739  [         5]
  52 Permutate    -29.719   -29.806  [         3]
  53 Permutate    -29.728   -29.775  [        19]
  54 Permutate    -29.744   -29.806  [         3]
  55 softmutate   -29.782   -29.750  [        16]
  56 softmutate   -29.750   -29.750  [        16]
  57 softmutate   -29.750   -29.750  [        16]
  58 softmutate   -29.750   -29.750  [        16]
  59 softmutate   -29.668   -29.723  [         4]
  60 softmutate   -29.730   -29.723  [         4]
  61 keptBest     -29.806   -29.806  [         3]
  62 keptBest     -29.779   -29.779  [        15]
  63 keptBest     -29.736   -29.736  [        20]
  64 keptBest     -29.732   -29.732  [        14]
  65 keptBest     -29.712   -29.712  [        26]
  66  Heredity    -29.674   -29.790  [    42  61]
  67  Heredity    -29.690   -29.770  [    55  57]
  68  Heredity    -29.691   -29.787  [    50  61]
  69  Heredity    -29.723   -29.730  [    42  65]
  70  Heredity    -29.738   -29.720  [    45  43]
  71  Heredity    -29.711   -29.745  [    53  45]
  72  Heredity    -29.736   -29.719  [    35  54]
  73  Heredity    -29.736   -29.780  [    55  62]
  74  Heredity    -29.670   -29.712  [    53  43]
  75  Heredity    -29.676   -29.730  [    47  62]
  76  Heredity    -29.741   -29.795  [    55  61]
  77  Heredity    -29.722   -29.747  [    50  55]
  78  Heredity    -29.632   -29.733  [    57  52]
  79  Heredity    -29.728   -29.774  [    55  57]
  80  Heredity    -29.745   -29.755  [    61  52]
  81  Heredity    -29.681   -29.746  [    63  42]
  82   Random     -29.609   -29.609  [         0]
  83   Random     -29.754   -29.754  [         0]
  84   Random     -29.717   -29.717  [         0]
  85 Permutate    -29.740   -29.735  [        50]
  86 Permutate    -29.752   -29.779  [        62]
  87 Permutate    -29.751   -29.761  [        45]
  88 Permutate    -29.779   -29.779  [        62]
  89 softmutate   -29.718   -29.728  [        53]
  90 softmutate   -29.731   -29.728  [        53]
  91 softmutate   -29.805   -29.779  [        62]
  92 softmutate   -29.798   -29.779  [        62]
  93   Random     -29.673   -29.673  [         0]
  94 keptBest     -29.806   -29.806  [        61]
  95 keptBest     -29.782   -29.782  [        55]
  96   Random     -29.688   -29.688  [         0]
  97 keptBest     -29.761   -29.761  [        45]
  98 keptBest     -29.744   -29.744  [        54]
  99 softmutate   -29.740   -29.736  [        63]
 100 keptBest     -29.732   -29.732  [        64]
 101 softmutate   -29.736   -29.736  [        63]
 102  Heredity    -29.754   -29.754  [    80  88]
 103  Heredity    -29.717   -29.796  [    94  95]
 104  Heredity    -29.743   -29.761  [    70  94]
 105  Heredity    -29.628   -29.749  [    83  99]
 106  Heredity    -29.679   -29.774  [    91  83]
 107  Heredity    -29.658   -29.762  [    70  88]
 108  Heredity    -29.680   -29.782  [    99  94]
 109  Heredity    -29.777   -29.773  [  100   94]
 110  Heredity    -29.729   -29.778  [    97  94]
 111  Heredity    -29.704   -29.758  [    83  97]
 112  Heredity    -29.721   -29.778  [    94  79]
 113  Heredity    -29.739   -29.748  [    87  80]
 114  Heredity    -29.730   -29.785  [    91  87]
 115  Heredity    -29.713   -29.756  [    80  97]
 116   Random     -29.663   -29.663  [         0]
 117   Random     -29.736   -29.736  [         0]
 118   Random     -29.694   -29.694  [         0]
 119   Random     -29.789   -29.789  [         0]
 120   Random     -29.718   -29.718  [         0]
 121 Permutate    -29.712   -29.745  [        80]
 122 Permutate    -29.697   -29.723  [        69]
 123 Permutate    -29.730   -29.751  [        87]
 124 keptBest     -29.806   -29.806  [        94]
 125 keptBest     -29.805   -29.805  [        91]
 126 keptBest     -29.782   -29.782  [        95]
 127 keptBest     -29.761   -29.761  [        97]
 128 keptBest     -29.738   -29.738  [        70]
 129 Permutate    -29.737   -29.732  [       100]
 130 Permutate    -29.765   -29.806  [        94]
 131 softmutate   -29.616   -29.632  [        78]
 132 softmutate   -29.787   -29.779  [        88]
 133 softmutate   -29.765   -29.779  [        88]
 134 softmutate   -29.782   -29.782  [        95]
 135 softmutate   -29.782   -29.782  [        95]
 136 softmutate   -29.651   -29.632  [        78]
 137  Heredity    -29.699   -29.762  [  104  132]
 138  Heredity    -29.697   -29.748  [  127  104]
 139  Heredity    -29.658   -29.739  [  117  104]
 140  Heredity    -29.679   -29.745  [  111  127]
 141  Heredity    -29.682   -29.727  [  122  119]
 142  Heredity    -29.682   -29.793  [  124  119]
 143  Heredity    -29.684   -29.783  [  102  125]
 144  Heredity    -29.649   -29.770  [  125  102]
 145  Heredity    -29.753   -29.784  [  124  129]
 146  Heredity    -29.743   -29.762  [  129  124]
 147  Heredity    -29.695   -29.733  [  117  123]
 148  Heredity    -29.667   -29.765  [  109  117]
 149  Heredity    -29.798   -29.797  [  109  125]
 150  Heredity    -29.729   -29.749  [  119  111]
 151  Heredity    -29.725   -29.787  [  102  125]
 152  Heredity    -29.748   -29.729  [  112  117]
 153  Heredity    -29.736   -29.788  [  119  132]
 154   Random     -29.787   -29.787  [         0]
 155   Random     -29.684   -29.684  [         0]
 156   Random     -29.725   -29.725  [         0]
 157   Random     -29.694   -29.694  [         0]
 158 Permutate    -29.641   -29.721  [       112]
 159 Permutate    -29.737   -29.805  [       125]
 160 Permutate    -29.789   -29.789  [       119]
 161 Permutate    -29.760   -29.718  [       120]
 162 softmutate   -29.805   -29.805  [       125]
 163 softmutate   -29.786   -29.805  [       125]
 164 softmutate   -29.816   -29.789  [       119]
 165 keptBest     -29.806   -29.806  [       124]
 166 keptBest     -29.805   -29.805  [       125]
 167 keptBest     -29.789   -29.789  [       119]
 168 keptBest     -29.777   -29.777  [       109]
 169 keptBest     -29.761   -29.761  [       127]
 170 softmutate   -29.756   -29.789  [       119]
 171 softmutate   -29.701   -29.754  [       102]
 172 softmutate   -29.727   -29.754  [       102]
 173  Heredity    -29.665   -29.766  [  170  163]
 174  Heredity    -29.616   -29.781  [  168  160]
 175  Heredity    -29.793   -29.797  [  168  165]
 176  Heredity    -29.742   -29.767  [  153  165]
 177  Heredity    -29.709   -29.792  [  149  167]
 178  Heredity    -29.749   -29.785  [  170  162]
 179  Heredity    -29.733   -29.783  [  170  149]
 180  Heredity    -29.692   -29.759  [  169  170]
 181  Heredity    -29.688   -29.788  [  167  163]
 182  Heredity    -29.680   -29.716  [  169  138]
 183  Heredity    -29.681   -29.767  [  170  168]
 184  Heredity    -29.651   -29.808  [  164  163]
 185  Heredity    -29.644   -29.767  [  160  150]
 186  Heredity    -29.644   -29.747  [  151  160]
 187  Heredity    -29.739   -29.798  [  163  164]
 188   Random     -29.723   -29.723  [         0]
 189   Random     -29.731   -29.731  [         0]
 190   Random     -29.694   -29.694  [         0]
 191 Permutate    -29.760   -29.798  [       149]
 192 Permutate    -29.732   -29.736  [       153]
 193 Permutate    -29.743   -29.789  [       167]
 194 Permutate    -29.682   -29.816  [       164]
 195 Permutate    -29.755   -29.789  [       160]
 196 softmutate   -29.750   -29.737  [       159]
 197 softmutate   -29.754   -29.737  [       159]
 198 softmutate   -29.778   -29.805  [       162]
 199 softmutate   -29.773   -29.805  [       162]
 200   Random     -29.692   -29.692  [         0]
 201 keptBest     -29.816   -29.816  [       164]
 202   Random     -29.737   -29.737  [         0]
 203 keptBest     -29.806   -29.806  [       165]
 204 keptBest     -29.798   -29.798  [       149]
 205 keptBest     -29.761   -29.761  [       169]
 206 keptBest     -29.701   -29.701  [       171]
 207 softmutate   -29.753   -29.789  [       160]
 208 softmutate   -29.722   -29.789  [       160]
 209  Heredity    -29.666   -29.748  [  188  198]
 210  Heredity    -29.725   -29.710  [  181  197]
 211  Heredity    -29.743   -29.782  [  191  175]
 212  Heredity    -29.760   -29.802  [  203  175]
 213  Heredity    -29.748   -29.810  [  204  201]
 214  Heredity    -29.746   -29.761  [  188  198]
 215  Heredity    -29.675   -29.802  [  201  175]
 216  Heredity    -29.754   -29.699  [  173  195]
 217  Heredity    -29.595   -29.761  [  187  175]
 218  Heredity    -29.681   -29.721  [  201  186]
 219  Heredity    -29.697   -29.773  [  203  192]
 220  Heredity    -29.701   -29.730  [  187  188]
 221  Heredity    -29.678   -29.761  [  187  198]
 222  Heredity    -29.697   -29.747  [  192  195]
 223  Heredity    -29.701   -29.729  [  186  201]
 224  Heredity    -29.632   -29.773  [  201  177]
 225   Random     -29.618   -29.618  [         0]
 226   Random     -29.717   -29.717  [         0]
 227   Random     -29.674   -29.674  [         0]
 228   Random     -29.539   -29.539  [         0]
 229   Random     -29.730   -29.730  [         0]
 230 Permutate    -29.681   -29.755  [       195]
 231 Permutate    -29.756   -29.798  [       204]
 232 Permutate    -29.734   -29.760  [       191]
 233 Permutate    -29.729   -29.806  [       203]
 234 Permutate    -29.746   -29.798  [       204]
 235 softmutate   -29.833   -29.806  [       203]
 236 keptBest     -29.816   -29.816  [       201]
 237 keptBest     -29.806   -29.806  [       203]
 238 keptBest     -29.798   -29.798  [       204]
 239 keptBest     -29.793   -29.793  [       175]
 240 keptBest     -29.778   -29.778  [       198]
 241 softmutate   -29.716   -29.798  [       204]
 242 softmutate   -29.739   -29.755  [       195]
 243 softmutate   -29.744   -29.755  [       195]
 244  Heredity    -29.713   -29.786  [  235  212]
 245  Heredity    -29.732   -29.809  [  238  236]
 246  Heredity    -29.749   -29.762  [  219  236]
 247  Heredity    -29.723   -29.733  [  242  233]
 248  Heredity    -29.661   -29.811  [  235  240]
 249  Heredity    -29.736   -29.796  [  240  237]
 250  Heredity    -29.688   -29.735  [  239  219]
 251  Heredity    -29.737   -29.815  [  235  237]
 252  Heredity    -29.721   -29.719  [  240  222]
 253  Heredity    -29.668   -29.777  [  235  216]
 254  Heredity    -29.675   -29.761  [  239  229]
 255  Heredity    -29.722   -29.798  [  240  235]
 256  Heredity    -29.694   -29.737  [  240  230]
 257  Heredity    -29.623   -29.776  [  236  222]
 258  Heredity    -29.719   -29.732  [  223  240]
 259   Random     -29.724   -29.724  [         0]
 260   Random     -29.655   -29.655  [         0]
 261   Random     -29.641   -29.641  [         0]
 262   Random     -29.754   -29.754  [         0]
 263 Permutate    -29.764   -29.798  [       238]
 264 Permutate    -29.761   -29.798  [       238]
 265 Permutate    -29.808   -29.816  [       236]
 266 softmutate   -29.767   -29.816  [       236]
 267 softmutate   -29.770   -29.798  [       238]
 268 softmutate   -29.723   -29.816  [       236]
 269 keptBest     -29.833   -29.833  [       235]
 270 keptBest     -29.816   -29.816  [       236]
 271 keptBest     -29.798   -29.798  [       238]
 272   Random     -29.732   -29.732  [         0]
 273 keptBest     -29.778   -29.778  [       240]
 274 keptBest     -29.760   -29.760  [       212]
 275 Permutate    -29.710   -29.816  [       236]
 276 softmutate   -29.811   -29.756  [       231]
 277 softmutate   -29.785   -29.756  [       231]
 278 softmutate   -29.763   -29.816  [       236]
 279  Heredity    -29.680   -29.749  [  267  249]
 280  Heredity    -29.707   -29.749  [  271  258]
 281  Heredity    -29.729   -29.797  [  273  270]
 282  Heredity    -29.707   -29.811  [  269  266]
 283  Heredity    -29.649   -29.798  [  273  270]
 284  Heredity    -29.697   -29.780  [  249  265]
 285  Heredity    -29.662   -29.773  [  273  263]
 286  Heredity    -29.629   -29.770  [  262  271]
 287  Heredity    -29.692   -29.728  [  245  259]
 288  Heredity    -29.666   -29.736  [  266  258]
 289  Heredity    -29.624   -29.807  [  270  271]
 290   Random     -29.701   -29.701  [         0]
 291  Heredity    -29.734   -29.767  [  249  265]
 292  Heredity    -29.717   -29.790  [  265  278]
 293  Heredity    -29.698   -29.787  [  271  273]
 294   Random     -29.609   -29.609  [         0]
 295   Random     -29.767   -29.767  [         0]
 296   Random     -29.454   -29.454  [         0]
 297   Random     -29.646   -29.646  [         0]
 298 Permutate    -29.756   -29.754  [       262]
 299 Permutate    -29.764   -29.798  [       271]
 300 Permutate    -29.767   -29.778  [       273]
 301 Permutate    -29.711   -29.724  [       259]
 302 Permutate    -29.723   -29.770  [       267]
 303 softmutate   -29.770   -29.770  [       267]
 304 softmutate   -29.741   -29.770  [       267]
 305 keptBest     -29.833   -29.833  [       269]
 306   Random     -29.706   -29.706  [         0]
 307 keptBest     -29.816   -29.816  [       270]
 308 keptBest     -29.808   -29.808  [       265]
 309 keptBest     -29.798   -29.798  [       271]
 310 keptBest     -29.778   -29.778  [       273]
 311 softmutate   -29.739   -29.724  [       259]
 312 softmutate   -29.781   -29.816  [       270]
 313 softmutate   -29.752   -29.724  [       259]
 314  Heredity    -29.630   -29.810  [  307  309]
 315  Heredity    -29.733   -29.779  [  310  312]
 316  Heredity    -29.735   -29.774  [  299  310]
 317  Heredity    -29.640   -29.791  [  307  310]
 318  Heredity    -29.676   -29.809  [  305  309]
 319  Heredity    -29.717   -29.744  [  299  281]
 320  Heredity    -29.770   -29.782  [  307  299]
 321  Heredity    -29.717   -29.786  [  299  305]
 322  Heredity    -29.747   -29.792  [  309  310]
 323  Heredity    -29.731   -29.782  [  307  299]
 324  Heredity    -29.662   -29.772  [  299  312]
 325  Heredity    -29.625   -29.790  [  305  303]
 326  Heredity    -29.598   -29.746  [  299  281]
 327  Heredity    -29.701   -29.778  [  305  311]
 328  Heredity    -29.689   -29.793  [  308  310]
 329   Random     -29.627   -29.627  [         0]
 330   Random     -29.707   -29.707  [         0]
 331   Random     -29.688   -29.688  [         0]
 332   Random     -29.692   -29.692  [         0]
 333   Random     -29.677   -29.677  [         0]
 334 keptBest     -29.833   -29.833  [       305]
 335 keptBest     -29.816   -29.816  [       307]
 336 Permutate    -29.794   -29.833  [       305]
 337 Permutate    -29.764   -29.798  [       309]
 338 Permutate    -29.703   -29.707  [       280]
 339 keptBest     -29.808   -29.808  [       308]
 340 Permutate    -29.754   -29.707  [       280]
 341 softmutate   -29.788   -29.798  [       309]
 342   Random     -29.691   -29.691  [         0]
 343 softmutate   -29.775   -29.798  [       309]
 344 softmutate   -29.723   -29.764  [       299]
 345 keptBest     -29.798   -29.798  [       309]
 346 Permutate    -29.765   -29.808  [       308]
 347 keptBest     -29.778   -29.778  [       310]
 348 softmutate   -29.813   -29.808  [       308]
 349 softmutate   -29.799   -29.808  [       308]
 350  Heredity    -29.670   -29.783  [  340  348]
 351  Heredity    -29.733   -29.775  [  347  320]
 352  Heredity    -29.650   -29.786  [  320  345]
 353  Heredity    -29.669   -29.729  [  321  322]
 354  Heredity    -29.823   -29.757  [  343  322]
 355  Heredity    -29.659   -29.774  [  347  346]
 356  Heredity    -29.746   -29.755  [  343  344]
 357  Heredity    -29.741   -29.720  [  340  327]
 358  Heredity    -29.760   -29.814  [  334  336]
 359  Heredity    -29.747   -29.765  [  320  340]
 360  Heredity    -29.703   -29.768  [  320  346]
 361   Random     -29.732   -29.732  [         0]
 362  Heredity    -29.642   -29.796  [  320  335]
 363  Heredity    -29.771   -29.775  [  320  347]
 364   Random     -29.675   -29.675  [         0]
 365   Random     -29.720   -29.720  [         0]
 366   Random     -29.607   -29.607  [         0]
 367   Random     -29.731   -29.731  [         0]
 368 Permutate    -29.724   -29.794  [       336]
 369 Permutate    -29.747   -29.775  [       343]
 370 Permutate    -29.794   -29.833  [       334]
 371 Permutate    -29.728   -29.733  [       315]
 372 Permutate    -29.773   -29.778  [       347]
 373 Permutate    -29.726   -29.754  [       340]
 374 Permutate    -29.717   -29.688  [       331]
 375 keptBest     -29.833   -29.833  [       334]
 376 keptBest     -29.816   -29.816  [       335]
 377 keptBest     -29.798   -29.798  [       345]
 378 keptBest     -29.778   -29.778  [       347]
 379 keptBest     -29.775   -29.775  [       343]
 380 Permutate    -29.741   -29.747  [       322]
 381 softmutate   -29.816   -29.816  [       335]
 382 softmutate   -29.812   -29.775  [       343]
 383 softmutate   -29.823   -29.775  [       343]
 384 softmutate   -29.668   -29.816  [       335]
 385  Heredity    -29.661   -29.803  [  381  370]
 386  Heredity    -29.790   -29.823  [  354  383]
 387  Heredity    -29.649   -29.776  [  354  367]
 388  Heredity    -29.796   -29.823  [  383  354]
 389  Heredity    -29.716   -29.802  [  382  370]
 390  Heredity    -29.766   -29.808  [  383  370]
 391  Heredity    -29.715   -29.816  [  382  354]
 392  Heredity    -29.749   -29.813  [  375  377]
 393  Heredity    -29.714   -29.814  [  377  354]
 394  Heredity    -29.872   -29.827  [  382  375]
 395  Heredity    -29.685   -29.773  [  382  367]
 396  Heredity    -29.736   -29.793  [  382  378]
 397   Random     -29.706   -29.706  [         0]
 398   Random     -29.739   -29.739  [         0]
 399  Heredity    -29.705   -29.783  [  377  378]
 400   Random     -29.715   -29.715  [         0]
 401   Random     -29.676   -29.676  [         0]
 402   Random     -29.650   -29.650  [         0]
 403 Permutate    -29.830   -29.794  [       370]
 404 Permutate    -29.761   -29.798  [       377]
 405 Permutate    -29.722   -29.775  [       379]
 406 Permutate    -29.809   -29.823  [       354]
 407 softmutate   -29.747   -29.747  [       369]
 408 softmutate   -29.747   -29.747  [       369]
 409 softmutate   -29.802   -29.798  [       377]
 410 softmutate   -29.795   -29.798  [       377]
 411 softmutate   -29.766   -29.775  [       379]
 412 softmutate   -29.843   -29.823  [       383]
 413 softmutate   -29.850   -29.823  [       383]
 414 softmutate   -29.720   -29.732  [       361]
 415 keptBest     -29.833   -29.833  [       375]
 416 keptBest     -29.823   -29.823  [       354]
 417 keptBest     -29.823   -29.823  [       383]
 418 keptBest     -29.816   -29.816  [       381]
 419 keptBest     -29.798   -29.798  [       377]
 420 softmutate   -29.677   -29.732  [       361]
 421  Heredity    -29.702   -29.831  [  415  416]
 422  Heredity    -29.725   -29.714  [  395  390]
 423  Heredity    -29.664   -29.828  [  413  419]
 424  Heredity    -29.739   -29.808  [  416  411]
 425  Heredity    -29.745   -29.755  [  409  414]
 426  Heredity    -29.805   -29.780  [  405  394]
 427  Heredity    -29.684   -29.844  [  415  394]
 428  Heredity    -29.737   -29.837  [  409  394]
 429  Heredity    -29.811   -29.843  [  413  416]
 430  Heredity    -29.625   -29.854  [  418  394]
 431  Heredity    -29.721   -29.755  [  389  413]
 432  Heredity    -29.807   -29.816  [  416  419]
 433  Heredity    -29.830   -29.836  [  413  416]
 434  Heredity    -29.774   -29.845  [  413  415]
 435  Heredity    -29.707   -29.831  [  419  413]
 436   Random     -29.721   -29.721  [         0]
 437   Random     -29.683   -29.683  [         0]
 438   Random     -29.754   -29.754  [         0]
 439 Permutate    -29.749   -29.766  [       390]
 440 Permutate    -29.699   -29.823  [       416]
 441   Random     -29.733   -29.733  [         0]
 442 Permutate    -29.745   -29.850  [       413]
 443 Permutate    -29.801   -29.802  [       409]
 444 keptBest     -29.872   -29.872  [       394]
 445 keptBest     -29.850   -29.850  [       413]
 446 Permutate    -29.741   -29.823  [       416]
 447 softmutate   -29.817   -29.823  [       416]
 448 keptBest     -29.833   -29.833  [       415]
 449 keptBest     -29.823   -29.823  [       416]
 450 softmutate   -29.775   -29.766  [       411]
 451 keptBest     -29.816   -29.816  [       418]
 452   Random     -29.726   -29.726  [         0]
 453 softmutate   -29.747   -29.747  [       407]
 454 softmutate   -29.751   -29.747  [       407]
 455 softmutate   -30.007   -29.766  [       411]
 456 softmutate   -29.822   -29.766  [       411]
 457  Heredity    -29.716   -29.809  [  455  422]
 458  Heredity    -29.722   -29.920  [  455  438]
 459  Heredity    -29.772   -29.832  [  433  448]
 460  Heredity    -29.746   -29.809  [  433  443]
 461  Heredity    -29.917   -29.821  [  445  429]
 462  Heredity    -29.746   -29.815  [  432  448]
 463  Heredity    -29.707   -29.787  [  454  432]
 464  Heredity    -29.840   -29.845  [  434  444]
 465  Heredity    -29.752   -29.825  [  434  444]
 466  Heredity    -29.772   -29.773  [  445  425]
 467  Heredity    -29.816   -29.910  [  455  433]
 468  Heredity    -29.827   -29.816  [  429  433]
 469  Heredity    -29.921   -29.848  [  448  444]
 470  Heredity    -29.714   -29.882  [  455  450]
 471  Heredity    -29.775   -29.819  [  443  433]
 472  Heredity    -29.773   -29.832  [  450  444]
 473  Heredity    -29.694   -29.834  [  444  443]
 474   Random     -29.740   -29.740  [         0]
 475   Random     -29.698   -29.698  [         0]
 476   Random     -29.694   -29.694  [         0]
 477  Heredity    -29.709   -29.789  [  435  449]
 478 keptBest     -30.007   -30.007  [       455]
 479 Permutate    -29.739   -29.737  [       428]
 480 Permutate    -29.750   -29.775  [       450]
 481 keptBest     -29.850   -29.850  [       445]
 482 keptBest     -29.833   -29.833  [       448]
 483   Random     -29.725   -29.725  [         0]
 484 keptBest     -29.807   -29.807  [       432]
 485 Permutate    -29.729   -29.749  [       439]
 486 Permutate    -29.799   -30.007  [       455]
 487 softmutate   -30.007   -30.007  [       455]
 488 softmutate   -29.745   -29.801  [       443]
 489 softmutate   -29.726   -30.007  [       455]
 490 softmutate   -29.877   -30.007  [       455]
 491 keptBest     -29.754   -29.754  [       438]
 492  Heredity    -29.815   -29.890  [  465  487]
 493  Heredity    -29.817   -29.838  [  486  469]
 494  Heredity    -29.804   -29.842  [  481  482]
 495  Heredity    -29.727   -29.770  [  485  490]
 496  Heredity    -29.913   -29.920  [  461  469]
 497  Heredity    -29.969   -29.833  [  469  486]
 498  Heredity    -29.820   -29.831  [  461  486]
 499  Heredity    -29.825   -29.789  [  490  489]
 500  Heredity    -29.690   -29.838  [  481  484]
 501  Heredity    -29.798   -29.755  [  472  474]
 502  Heredity    -29.730   -29.902  [  486  487]
 503  Heredity    -29.800   -29.774  [  471  472]
 504  Heredity    -29.861   -29.866  [  469  468]
 505  Heredity    -29.719   -29.822  [  484  468]
 506  Heredity    -29.640   -29.777  [  465  484]
 507   Random     -29.707   -29.707  [         0]
 508 Permutate    -29.726   -30.007  [       487]
 509 Permutate    -29.811   -29.833  [       482]
 510  Heredity    -29.804   -29.834  [  461  471]
 511   Random     -29.752   -29.752  [         0]
 512   Random     -29.734   -29.734  [         0]
 513   Random     -29.712   -29.712  [         0]
 514 Permutate    -29.794   -29.833  [       482]
 515 softmutate   -29.831   -29.833  [       482]
 516 softmutate   -29.837   -29.833  [       482]
 517 keptBest     -30.007   -30.007  [       487]
 518 Permutate    -29.756   -29.921  [       469]
 519 softmutate   -29.778   -29.746  [       462]
 520 softmutate   -29.742   -29.746  [       462]
 521 softmutate   -29.917   -29.917  [       461]
 522 keptBest     -29.877   -29.877  [       490]
 523 keptBest     -29.833   -29.833  [       482]
 524 keptBest     -29.807   -29.807  [       484]
 525 softmutate   -29.728   -29.754  [       491]
 526 keptBest     -29.754   -29.754  [       491]
 527 softmutate   -29.774   -29.754  [       491]
 528  Heredity    -29.762   -29.922  [  516  497]
 529  Heredity    -29.808   -29.876  [  496  492]
 530  Heredity    -29.703   -29.811  [  527  515]
 531  Heredity    -29.637   -29.830  [  498  516]
 532  Heredity    -29.842   -29.860  [  492  521]
 533  Heredity    -29.826   -29.879  [  516  521]
 534  Heredity    -29.693   -29.836  [  526  521]
 535  Heredity    -29.832   -29.884  [  504  521]
 536  Heredity    -29.838   -29.988  [  497  517]
 537  Heredity    -29.835   -29.875  [  497  492]
 538   Random     -29.671   -29.671  [         0]
 539   Random     -29.675   -29.675  [         0]
 540  Heredity    -29.695   -29.874  [  519  496]
 541  Heredity    -29.750   -29.850  [  504  516]
 542  Heredity    -29.740   -29.971  [  522  517]
 543   Random     -29.714   -29.714  [         0]
 544   Random     -29.693   -29.693  [         0]
 545 Permutate    -29.890   -29.969  [       497]
 546 Permutate    -29.911   -30.007  [       517]
 547 Permutate    -29.786   -29.794  [       514]
 548 Permutate    -29.890   -29.969  [       497]
 549 softmutate   -29.860   -29.861  [       504]
 550 softmutate   -29.860   -29.861  [       504]
 551 softmutate   -29.840   -29.804  [       494]
 552 softmutate   -29.754   -29.754  [       526]
 553 softmutate   -29.751   -29.754  [       526]
 554 softmutate   -29.777   -29.794  [       514]
 555 softmutate   -29.786   -29.794  [       514]
 556 keptBest     -30.007   -30.007  [       517]
 557 softmutate   -29.913   -29.913  [       496]
 558 keptBest     -29.877   -29.877  [       522]
 559 keptBest     -29.837   -29.837  [       516]
 560 keptBest     -29.820   -29.820  [       498]
 561 keptBest     -29.800   -29.800  [       503]
 562 softmutate   -29.810   -29.804  [       494]
 563  Heredity    -29.810   -29.959  [  556  557]
 564  Heredity    -29.693   -29.782  [  532  553]
 565  Heredity    -29.775   -29.829  [  557  528]
 566  Heredity    -29.829   -29.967  [  558  556]
 567  Heredity    -29.755   -29.838  [  559  551]
 568  Heredity    -29.731   -29.928  [  549  556]
 569  Heredity    -29.837   -29.881  [  528  556]
 570  Heredity    -29.842   -29.798  [  549  553]
 571  Heredity    -29.672   -29.895  [  555  556]
 572  Heredity    -29.763   -29.810  [  536  552]
 573  Heredity    -29.782   -29.861  [  558  536]
 574   Random     -29.678   -29.678  [         0]
 575   Random     -29.696   -29.696  [         0]
 576   Random     -29.725   -29.725  [         0]
 577   Random     -29.661   -29.661  [         0]
 578   Random     -29.721   -29.721  [         0]
 579   Random     -29.617   -29.617  [         0]
 580 Permutate    -29.742   -29.890  [       545]
 581 Permutate    -29.700   -29.762  [       528]
 582 Permutate    -29.766   -29.890  [       545]
 583 Permutate    -29.814   -29.840  [       551]
 584 softmutate   -29.767   -29.714  [       543]
 585 softmutate   -29.695   -29.714  [       543]
 586 softmutate   -29.913   -29.913  [       557]
 587 softmutate   -30.007   -29.913  [       557]
 588 softmutate   -29.913   -29.913  [       557]
 589 keptBest     -30.007   -30.007  [       556]
 590 keptBest     -29.890   -29.890  [       545]
 591 keptBest     -29.840   -29.840  [       551]
 592 keptBest     -29.838   -29.838  [       536]
 593 keptBest     -29.837   -29.837  [       559]
 594 softmutate   -29.969   -30.007  [       556]
 595 softmutate   -29.849   -29.890  [       545]
 596 softmutate   -29.891   -29.890  [       545]
 597   Random     -29.750   -29.750  [         0]
 598  Heredity    -29.830   -29.824  [  583  570]
 599  Heredity    -29.714   -29.794  [  584  570]
 600  Heredity    -29.739   -29.818  [  594  584]
 601  Heredity    -29.833   -29.812  [  563  583]
 602  Heredity    -29.730   -29.864  [  586  570]
 603  Heredity    -29.822   -29.912  [  583  587]
 604  Heredity    -29.913   -29.875  [  570  594]
 605  Heredity    -29.737   -29.913  [  594  596]
 606  Heredity    -29.771   -29.899  [  594  565]
 607  Heredity    -29.934   -29.870  [  596  595]
 608  Heredity    -30.007   -29.994  [  587  594]
 609   Random     -29.766   -29.766  [         0]
 610  Heredity    -29.829   -29.841  [  591  570]
 611  Heredity    -29.726   -29.795  [  595  582]
 612  Heredity    -29.752   -29.931  [  587  570]
 613   Random     -29.731   -29.731  [         0]
 614   Random     -29.671   -29.671  [         0]
 615   Random     -29.641   -29.641  [         0]
 616   Random     -29.678   -29.678  [         0]
 617 Permutate    -29.900   -29.891  [       596]
 618 Permutate    -29.826   -29.810  [       563]
 619 Permutate    -29.764   -29.767  [       584]
 620 keptBest     -30.007   -30.007  [       587]
 621 keptBest     -29.891   -29.891  [       596]
 622 keptBest     -29.840   -29.840  [       591]
 623 keptBest     -29.838   -29.838  [       592]
 624 Permutate    -29.770   -29.838  [       592]
 625 keptBest     -29.837   -29.837  [       593]
 626 Permutate    -29.691   -29.913  [       586]
 627 softmutate   -29.810   -29.810  [       563]
 628 Permutate    -29.704   -29.814  [       583]
 629 softmutate   -29.810   -29.810  [       563]
 630 Permutate    -29.728   -29.913  [       586]
 631 softmutate   -29.747   -29.775  [       565]
 632 softmutate   -29.774   -29.775  [       565]
 633  Heredity    -29.770   -29.778  [  600  627]
 634  Heredity    -29.731   -29.807  [  624  622]
 635  Heredity    -29.837   -29.859  [  622  617]
 636  Heredity    -29.831   -29.891  [  604  622]
 637  Heredity    -29.710   -29.750  [  613  609]
 638  Heredity    -29.836   -29.929  [  617  608]
 639  Heredity    -29.806   -29.866  [  604  631]
 640   Random     -29.703   -29.703  [         0]
 641  Heredity    -29.688   -29.856  [  604  627]
 642  Heredity    -29.753   -29.839  [  623  622]
 643  Heredity    -29.729   -29.857  [  625  617]
 644  Heredity    -29.816   -29.795  [  632  623]
 645  Heredity    -29.597   -29.839  [  623  622]
 646  Heredity    -29.797   -29.924  [  617  607]
 647   Random     -29.676   -29.676  [         0]
 648   Random     -29.660   -29.660  [         0]
 649   Random     -29.717   -29.717  [         0]
 650   Random     -29.717   -29.717  [         0]
 651   Random     -29.575   -29.575  [         0]
 652 Permutate    -29.708   -29.934  [       607]
 653   Random     -29.696   -29.696  [         0]
 654 Permutate    -29.799   -29.934  [       607]
 655 Permutate    -29.800   -29.840  [       622]
 656 keptBest     -30.007   -30.007  [       608]
 657 Permutate    -29.802   -30.007  [       608]
 658 Permutate    -29.743   -29.822  [       603]
 659 keptBest     -29.900   -29.900  [       617]
 660 softmutate   -29.884   -29.752  [       612]
 661 softmutate   -29.746   -29.752  [       612]
 662 softmutate   -29.803   -29.774  [       632]
 663 keptBest     -29.840   -29.840  [       622]
 664 keptBest     -29.838   -29.838  [       623]
 665   Random     -29.701   -29.701  [         0]
 666 keptBest     -29.837   -29.837  [       625]
 667 softmutate   -29.767   -29.774  [       632]
 668  Heredity    -29.758   -29.870  [  659  664]
 669  Heredity    -29.858   -29.924  [  656  666]
 670  Heredity    -29.757   -29.852  [  659  644]
 671  Heredity    -29.969   -29.853  [  659  636]
 672  Heredity    -29.775   -29.854  [  659  636]
 673  Heredity    -29.824   -29.874  [  666  659]
 674  Heredity    -29.776   -29.770  [  636  658]
 675  Heredity    -29.749   -29.839  [  663  666]
 676  Heredity    -29.798   -29.824  [  644  664]
 677  Heredity    -29.777   -29.877  [  659  636]
 678  Heredity    -29.839   -29.812  [  636  654]
 679  Heredity    -29.744   -29.782  [  662  633]
 680  Heredity    -29.707   -29.865  [  663  660]
 681  Heredity    -29.755   -29.812  [  662  644]
 682  Heredity    -29.810   -29.807  [  664  634]
 683   Random     -29.698   -29.698  [         0]
 684   Random     -29.732   -29.732  [         0]
 685   Random     -29.713   -29.713  [         0]
 686   Random     -29.672   -29.672  [         0]
 687   Random     -29.683   -29.683  [         0]
 688   Random     -29.685   -29.685  [         0]
 689 Permutate    -29.872   -29.900  [       659]
 690 keptBest     -30.007   -30.007  [       656]
 691 keptBest     -29.900   -29.900  [       659]
 692 Permutate    -29.737   -29.806  [       639]
 693 keptBest     -29.840   -29.840  [       663]
 694 keptBest     -29.838   -29.838  [       664]
 695 keptBest     -29.837   -29.837  [       666]
 696 Permutate    -29.774   -29.803  [       662]
 697 softmutate   -30.007   -30.007  [       656]
 698 Permutate    -29.719   -29.731  [       634]
 699 softmutate   -29.806   -29.806  [       639]
 700 softmutate   -29.895   -29.884  [       660]
 701 Permutate    -29.774   -29.753  [       642]
 702 softmutate   -29.801   -29.838  [       664]
 703 softmutate   -29.854   -29.838  [       664]
 704  Heredity    -29.731   -29.937  [  668  697]
 705  Heredity    -29.934   -29.865  [  700  703]
 706  Heredity    -29.805   -29.846  [  669  673]
 707  Heredity    -29.735   -29.753  [  672  679]
 708  Heredity    -29.917   -29.938  [  689  697]
 709  Heredity    -30.007   -29.963  [  697  691]
 710  Heredity    -29.778   -29.865  [  703  689]
 711   Random     -29.758   -29.758  [         0]
 712  Heredity    -29.753   -29.899  [  700  691]
 713  Heredity    -29.918   -29.868  [  677  671]
 714  Heredity    -29.805   -29.971  [  697  691]
 715  Heredity    -29.727   -29.867  [  700  673]
 716  Heredity    -29.668   -29.796  [  670  689]
 717  Heredity    -29.750   -29.855  [  689  694]
 718  Heredity    -29.824   -29.865  [  689  703]
 719   Random     -29.727   -29.727  [         0]
 720   Random     -29.756   -29.756  [         0]
 721 Permutate    -30.007   -30.007  [       697]
 722 Permutate    -29.872   -29.900  [       691]
 723 Permutate    -29.765   -29.810  [       682]
 724 Permutate    -29.911   -29.969  [       671]
 725 Permutate    -29.668   -29.806  [       699]
 726 keptBest     -30.007   -30.007  [       697]
 727   Random     -29.715   -29.715  [         0]
 728 keptBest     -29.900   -29.900  [       691]
 729 Permutate    -29.883   -30.007  [       697]
 730 keptBest     -29.858   -29.858  [       669]
 731 keptBest     -29.854   -29.854  [       703]
 732 keptBest     -29.839   -29.839  [       678]
 733 Permutate    -29.950   -29.872  [       689]
 734 softmutate   -29.900   -29.900  [       691]
 735 softmutate   -29.933   -30.007  [       697]
 736 softmutate   -29.918   -29.895  [       700]
 737 softmutate   -29.846   -29.839  [       678]
 738 Permutate    -29.693   -29.824  [       673]
 739 softmutate   -29.857   -29.839  [       678]
 740  Heredity    -29.833   -29.887  [  714  708]
 741  Heredity    -29.863   -29.876  [  729  722]
 742  Heredity    -29.791   -29.867  [  733  732]
 743  Heredity    -29.814   -29.911  [  713  734]
 744  Heredity    -29.950   -29.896  [  730  705]
 745  Heredity    -29.721   -29.799  [  711  713]
 746  Heredity    -29.865   -29.943  [  734  709]
 747  Heredity    -29.859   -29.814  [  734  723]
 748  Heredity    -29.969   -29.868  [  705  714]
 749  Heredity    -29.764   -29.846  [  711  709]
 750  Heredity    -29.793   -29.914  [  729  733]
 751  Heredity    -29.769   -29.804  [  722  723]
 752  Heredity    -29.792   -29.863  [  706  705]
 753  Heredity    -29.804   -29.940  [  733  713]
 754  Heredity    -29.862   -29.948  [  709  729]
 755   Random     -29.678   -29.678  [         0]
 756   Random     -29.719   -29.719  [         0]
 757   Random     -29.652   -29.652  [         0]
 758   Random     -29.635   -29.635  [         0]
 759 Permutate    -29.767   -29.758  [       711]
 760 Permutate    -29.969   -29.883  [       729]
 761 Permutate    -29.858   -29.883  [       729]
 762 Permutate    -29.950   -29.917  [       708]
 763 Permutate    -29.919   -29.900  [       734]
 764 Permutate    -29.828   -29.934  [       705]
 765 keptBest     -30.007   -30.007  [       709]
 766 keptBest     -29.900   -29.900  [       734]
 767 keptBest     -29.858   -29.858  [       730]
 768 keptBest     -29.857   -29.857  [       739]
 769 keptBest     -29.778   -29.778  [       710]
 770 Permutate    -29.767   -29.918  [       713]
 771 softmutate   -29.969   -29.950  [       733]
 772 softmutate   -29.839   -29.839  [       732]
 773 softmutate   -29.918   -29.918  [       713]
 774 softmutate   -29.950   -29.918  [       713]
 775 softmutate   -29.950   -29.918  [       713]
 776  Heredity    -29.855   -29.882  [  748  740]
 777  Heredity    -29.851   -29.854  [  740  766]
 778  Heredity    -29.863   -29.971  [  744  765]
 779  Heredity    -29.790   -29.922  [  748  772]
 780  Heredity    -29.969   -29.895  [  748  753]
 781  Heredity    -29.853   -29.926  [  744  746]
 782  Heredity    -29.950   -29.882  [  748  740]
 783  Heredity    -29.969   -29.966  [  763  765]
 784  Heredity    -29.736   -29.809  [  761  755]
 785  Heredity    -29.701   -29.836  [  759  748]
 786   Random     -29.724   -29.724  [         0]
 787  Heredity    -29.731   -29.838  [  743  741]
 788  Heredity    -29.720   -29.831  [  741  750]
 789  Heredity    -29.833   -29.880  [  740  766]
 790  Heredity    -29.712   -29.909  [  744  740]
 791   Random     -29.627   -29.627  [         0]
 792   Random     -29.639   -29.639  [         0]
 793   Random     -29.724   -29.724  [         0]
 794   Random     -29.754   -29.754  [         0]
 795   Random     -29.690   -29.690  [         0]
 796 Permutate    -29.779   -29.858  [       761]
 797 Permutate    -29.755   -29.863  [       741]
 798 Permutate    -29.811   -29.839  [       772]
 799 Permutate    -29.740   -29.778  [       769]
 800 Permutate    -29.815   -29.900  [       766]
 801 keptBest     -30.007   -30.007  [       765]
 802 keptBest     -29.900   -29.900  [       766]
 803 keptBest     -29.858   -29.858  [       767]
 804 keptBest     -29.839   -29.839  [       772]
 805 softmutate   -29.897   -29.858  [       761]
 806 softmutate   -29.883   -29.858  [       761]
 807 softmutate   -29.863   -29.863  [       741]
 808   Random     -29.550   -29.550  [         0]
 809 keptBest     -29.778   -29.778  [       769]
 810 softmutate   -29.863   -29.863  [       741]
 811  Heredity    -29.931   -29.944  [  780  806]
 812  Heredity    -29.829   -29.865  [  805  804]
 813  Heredity    -29.739   -29.877  [  782  786]
 814  Heredity    -29.820   -29.801  [  800  779]
 815  Heredity    -29.834   -29.844  [  802  798]
 816  Heredity    -29.752   -29.814  [  799  804]
 817  Heredity    -29.763   -29.903  [  803  801]
 818   Random     -29.620   -29.620  [         0]
 819   Random     -29.717   -29.717  [         0]
 820  Heredity    -29.774   -29.802  [  779  798]
 821  Heredity    -29.686   -29.794  [  789  799]
 822  Heredity    -29.716   -29.916  [  807  801]
 823  Heredity    -29.724   -29.846  [  803  804]
 824   Random     -29.634   -29.634  [         0]
 825   Random     -29.713   -29.713  [         0]
 826 Permutate    -29.816   -30.007  [       801]
 827 Permutate    -29.767   -29.790  [       779]
 828 Permutate    -29.748   -29.863  [       807]
 829 Permutate    -29.767   -29.712  [       790]
 830 Permutate    -29.820   -29.863  [       778]
 831 Permutate    -29.911   -29.969  [       780]
 832 Permutate    -29.795   -29.833  [       789]
 833 Permutate    -29.814   -29.883  [       806]
 834 Permutate    -29.778   -29.883  [       806]
 835 keptBest     -30.007   -30.007  [       801]
 836 keptBest     -29.900   -29.900  [       802]
 837 softmutate   -29.900   -29.900  [       802]
 838 softmutate   -29.900   -29.900  [       802]
 839 keptBest     -29.858   -29.858  [       803]
 840 keptBest     -29.839   -29.839  [       804]
 841 keptBest     -29.778   -29.778  [       809]
 842 softmutate   -29.900   -29.900  [       802]
 843 softmutate   -29.900   -29.900  [       802]
 844 softmutate   -29.863   -29.863  [       778]
 845 softmutate   -29.863   -29.863  [       778]
 846  Heredity    -29.754   -29.776  [  820  834]
 847  Heredity    -29.715   -29.923  [  835  819]
 848  Heredity    -29.778   -29.838  [  841  837]
 849  Heredity    -29.735   -29.800  [  841  840]
 850  Heredity    -29.793   -29.829  [  814  840]
 851  Heredity    -29.931   -29.957  [  811  835]
 852   Random     -29.752   -29.752  [         0]
 853  Heredity    -29.831   -29.965  [  835  811]
 854  Heredity    -29.847   -29.878  [  831  839]
 855  Heredity    -29.709   -29.860  [  841  811]
 856  Heredity    -29.701   -29.849  [  837  828]
 857  Heredity    -29.865   -29.954  [  835  837]
 858  Heredity    -29.798   -29.972  [  835  811]
 859  Heredity    -29.834   -29.856  [  826  831]
 860   Random     -29.701   -29.701  [         0]
 861   Random     -29.738   -29.738  [         0]
 862   Random     -29.658   -29.658  [         0]
 863   Random     -29.695   -29.695  [         0]
 864 Permutate    -29.732   -29.900  [       837]
 865 Permutate    -29.785   -29.931  [       811]
 866 Permutate    -29.755   -29.834  [       815]
 867 Permutate    -29.849   -30.007  [       835]
 868 keptBest     -30.007   -30.007  [       835]
 869 keptBest     -29.900   -29.900  [       837]
 870 keptBest     -29.858   -29.858  [       839]
 871 Permutate    -29.723   -29.778  [       834]
 872 Permutate    -29.733   -29.778  [       834]
 873 Permutate    -29.887   -29.911  [       831]
 874 softmutate   -30.007   -30.007  [       835]
 875 keptBest     -29.839   -29.839  [       840]
 876 keptBest     -29.778   -29.778  [       841]
 877 softmutate   -29.802   -29.724  [       823]
 878 softmutate   -29.748   -29.724  [       823]
 879 softmutate   -29.887   -29.931  [       811]
 880 Permutate    -29.677   -29.900  [       837]
 881  Heredity    -29.969   -29.910  [  851  870]
 882  Heredity    -29.731   -29.846  [  867  875]
 883  Heredity    -29.799   -29.851  [  873  858]
 884  Heredity    -29.861   -29.873  [  869  870]
 885  Heredity    -29.815   -29.877  [  875  851]
 886  Heredity    -29.825   -29.860  [  854  857]
 887  Heredity    -29.730   -29.878  [  851  852]
 888  Heredity    -29.816   -29.915  [  874  858]
 889  Heredity    -29.744   -29.963  [  874  875]
 890   Random     -29.754   -29.754  [         0]
 891   Random     -29.639   -29.639  [         0]
 892   Random     -29.752   -29.752  [         0]
 893  Heredity    -29.684   -29.846  [  857  875]
 894   Random     -29.722   -29.722  [         0]
 895   Random     -29.717   -29.717  [         0]
 896 Permutate    -29.804   -29.931  [       851]
 897 Permutate    -29.740   -29.738  [       861]
 898 Permutate    -29.726   -29.754  [       846]
 899 Permutate    -29.834   -29.849  [       867]
 900 Permutate    -29.759   -29.785  [       865]
 901 Permutate    -29.825   -29.931  [       851]
 902 Permutate    -29.803   -29.900  [       869]
 903 Permutate    -29.864   -29.858  [       870]
 904 Permutate    -29.842   -29.887  [       873]
 905 softmutate   -30.007   -30.007  [       874]
 906 softmutate   -29.847   -29.831  [       853]
 907 softmutate   -29.853   -29.839  [       875]
 908 keptBest     -30.007   -30.007  [       874]
 909 keptBest     -29.900   -29.900  [       869]
 910 keptBest     -29.858   -29.858  [       870]
 911 keptBest     -29.847   -29.847  [       854]
 912 keptBest     -29.778   -29.778  [       848]
 913 Permutate    -29.691   -29.900  [       869]
 914 softmutate   -29.887   -29.887  [       879]
 915 softmutate   -29.887   -29.887  [       879]
 916  Heredity    -29.969   -29.854  [  904  910]
 917  Heredity    -29.757   -29.879  [  901  909]
 918  Heredity    -29.823   -29.850  [  909  896]
 919  Heredity    -29.818   -29.818  [  882  905]
 920  Heredity    -30.007   -29.990  [  881  905]
 921   Random     -29.701   -29.701  [         0]
 922  Heredity    -29.737   -29.845  [  914  896]
 923  Heredity    -29.919   -29.885  [  881  899]
 924  Heredity    -29.766   -29.779  [  911  890]
 925  Heredity    -29.866   -29.808  [  900  886]
 926  Heredity    -29.848   -29.902  [  911  881]
 927  Heredity    -29.755   -29.910  [  881  884]
 928  Heredity    -29.866   -29.852  [  909  899]
 929  Heredity    -29.774   -29.883  [  884  909]
 930   Random     -29.760   -29.760  [         0]
 931   Random     -29.737   -29.737  [         0]
 932   Random     -29.712   -29.712  [         0]
 933   Random     -29.773   -29.773  [         0]
 934 Permutate    -29.850   -29.864  [       903]
 935 Permutate    -29.759   -29.847  [       911]
 936 Permutate    -29.818   -29.900  [       909]
 937 Permutate    -29.725   -29.864  [       903]
 938 Permutate    -29.760   -29.825  [       886]
 939 Permutate    -29.785   -29.842  [       904]
 940 Permutate    -29.820   -29.969  [       881]
 941 keptBest     -30.007   -30.007  [       905]
 942   Random     -29.719   -29.719  [         0]
 943 softmutate   -29.858   -29.858  [       910]
 944 keptBest     -29.900   -29.900  [       909]
 945 softmutate   -30.007   -30.007  [       905]
 946 keptBest     -29.858   -29.858  [       910]
 947 keptBest     -29.847   -29.847  [       911]
 948 softmutate   -30.007   -30.007  [       905]
 949 keptBest     -29.778   -29.778  [       912]
 950 softmutate   -29.735   -29.858  [       910]
 951  Heredity    -29.800   -29.881  [  928  944]
 952  Heredity    -30.007   -29.914  [  920  918]
 953  Heredity    -29.814   -29.865  [  918  916]
 954  Heredity    -30.007   -29.940  [  928  916]
 955  Heredity    -29.742   -29.891  [  920  931]
 956  Heredity    -29.776   -29.803  [  928  938]
 957  Heredity    -30.007   -29.878  [  923  943]
 958  Heredity    -29.834   -29.942  [  928  920]
 959  Heredity    -29.806   -29.863  [  928  943]
 960  Heredity    -29.871   -29.863  [  918  944]
 961  Heredity    -29.873   -29.845  [  943  918]
 962  Heredity    -29.817   -29.873  [  934  923]
 963   Random     -29.774   -29.774  [         0]
 964   Random     -29.647   -29.647  [         0]
 965   Random     -29.674   -29.674  [         0]
 966   Random     -29.610   -29.610  [         0]
 967   Random     -29.683   -29.683  [         0]
 968   Random     -29.783   -29.783  [         0]
 969   Random     -29.707   -29.707  [         0]
 970   Random     -29.720   -29.720  [         0]
 971   Random     -29.702   -29.702  [         0]
 972   Random     -29.738   -29.738  [         0]
 973 Permutate    -29.833   -29.900  [       944]
 974 Permutate    -30.007   -29.850  [       934]
 975 Permutate    -29.705   -30.007  [       920]
 976 Permutate    -29.891   -29.919  [       923]
 977 softmutate   -29.766   -29.760  [       930]
 978 softmutate   -29.758   -29.760  [       930]
 979 softmutate   -29.850   -29.850  [       934]
 980 softmutate   -29.856   -29.850  [       934]
 981 keptBest     -30.007   -30.007  [       920]
 982 keptBest     -29.900   -29.900  [       944]
 983 keptBest     -29.858   -29.858  [       943]
 984 keptBest     -29.778   -29.778  [       949]
 985 keptBest     -29.773   -29.773  [       933]
 986  Heredity    -29.814   -29.838  [  951  983]
 987  Heredity    -29.855   -29.922  [  952  983]
 988  Heredity    -29.796   -29.763  [  970  983]
 989  Heredity    -29.969   -29.965  [  982  952]
 990  Heredity    -29.680   -29.746  [  962  965]
 991  Heredity    -29.756   -29.844  [  961  963]
 992  Heredity    -29.822   -29.884  [  976  961]
 993  Heredity    -29.820   -29.848  [  984  976]
 994   Random     -29.589   -29.589  [         0]
 995   Random     -29.723   -29.723  [         0]
 996   Random     -29.684   -29.684  [         0]
 997   Random     -29.755   -29.755  [         0]
 998   Random     -29.665   -29.665  [         0]
 999  Heredity    -29.672   -29.780  [  968  956]
1000   Random     -29.673   -29.673  [         0]
1001   Random     -29.707   -29.707  [         0]
1002   Random     -29.755   -29.755  [         0]
1003   Random     -29.723   -29.723  [         0]
1004   Random     -29.755   -29.755  [         0]
1005 Permutate    -29.872   -29.900  [       982]
1006 Permutate    -29.751   -29.742  [       955]
1007 Permutate    -29.878   -29.891  [       976]
1008 Permutate    -29.669   -29.720  [       970]
1009 Permutate    -29.756   -29.900  [       982]
1010 softmutate   -30.007   -30.007  [       952]
1011 softmutate   -29.883   -29.891  [       976]
1012 keptBest     -30.007   -30.007  [       952]
1013   Random     -29.751   -29.751  [         0]
1014 keptBest     -29.900   -29.900  [       982]
1015 keptBest     -29.858   -29.858  [       983]
1016 keptBest     -29.817   -29.817  [       962]
1017 keptBest     -29.783   -29.783  [       968]
1018 softmutate   -29.819   -29.856  [       980]
1019 softmutate   -29.865   -29.856  [       980]
1020 softmutate   -29.890   -29.891  [       976]
1021  Heredity    -29.872   -29.848  [1020   992]
1022  Heredity    -29.698   -29.741  [ 997  1001]
1023  Heredity    -30.007   -29.951  [1010  1007]
1024  Heredity    -29.859   -29.878  [1019  1011]
1025  Heredity    -29.768   -29.830  [  987  988]
1026  Heredity    -29.969   -29.926  [ 989  1020]
1027  Heredity    -29.711   -29.874  [1002   989]
1028  Heredity    -29.821   -29.872  [1019  1020]
1029  Heredity    -29.767   -29.882  [1019  1020]
1030  Heredity    -29.759   -29.794  [ 991  1020]
1031   Random     -29.721   -29.721  [         0]
1032   Random     -29.731   -29.731  [         0]
1033   Random     -29.704   -29.704  [         0]
1034   Random     -29.658   -29.658  [         0]
1035  Heredity    -29.838   -29.866  [1014   992]
1036   Random     -29.679   -29.679  [         0]
1037   Random     -29.695   -29.695  [         0]
1038   Random     -29.702   -29.702  [         0]
1039   Random     -29.730   -29.730  [         0]
1040   Random     -29.651   -29.651  [         0]
1041   Random     -29.782   -29.782  [         0]
1042 Permutate    -29.872   -29.900  [      1014]
1043 Permutate    -29.869   -30.007  [      1010]
1044 Permutate    -30.007   -29.883  [      1011]
1045 Permutate    -29.890   -29.969  [       989]
1046 Permutate    -29.728   -29.755  [       997]
1047 softmutate   -29.950   -29.969  [       989]
1048 keptBest     -30.007   -30.007  [      1010]
1049 keptBest     -29.900   -29.900  [      1014]
1050 softmutate   -29.900   -29.900  [      1014]
1051 keptBest     -29.883   -29.883  [      1011]
1052 keptBest     -29.858   -29.858  [      1015]
1053 keptBest     -29.855   -29.855  [       987]
1054 softmutate   -29.825   -29.822  [       992]
1055 softmutate   -29.829   -29.969  [       989]
1056  Heredity    -30.007   -29.892  [1028  1026]
1057  Heredity    -29.832   -29.895  [1050  1045]
1058  Heredity    -30.007   -29.899  [1052  1047]
1059  Heredity    -29.703   -29.925  [1023  1051]
1060  Heredity    -29.892   -29.933  [1050  1047]
1061  Heredity    -29.583   -29.883  [1041  1047]
1062  Heredity    -30.007   -29.874  [1055  1047]
1063   Random     -29.624   -29.624  [         0]
1064   Random     -29.729   -29.729  [         0]
1065  Heredity    -29.715   -29.903  [1052  1026]
1066  Heredity    -29.950   -29.957  [1026  1047]
1067  Heredity    -29.647   -29.917  [1024  1047]
1068  Heredity    -29.765   -29.963  [1023  1035]
1069  Heredity    -29.780   -29.925  [1023  1051]
1070  Heredity    -29.699   -29.903  [1052  1047]
1071   Random     -29.687   -29.687  [         0]
1072   Random     -29.757   -29.757  [         0]
1073   Random     -29.678   -29.678  [         0]
1074   Random     -29.702   -29.702  [         0]
1075   Random     -29.697   -29.697  [         0]
1076 Permutate    -29.797   -30.007  [      1023]
1077 Permutate    -29.718   -29.782  [      1041]
1078 Permutate    -30.007   -29.869  [      1043]
1079 keptBest     -30.007   -30.007  [      1023]
1080 keptBest     -29.900   -29.900  [      1050]
1081 keptBest     -29.858   -29.858  [      1052]
1082 keptBest     -29.782   -29.782  [      1041]
1083 Permutate    -29.724   -29.704  [      1033]
1084 keptBest     -29.767   -29.767  [      1029]
1085 Permutate    -29.783   -29.829  [      1055]
1086 softmutate   -29.811   -29.890  [      1045]
1087 softmutate   -29.804   -29.900  [      1050]
1088 Permutate    -29.702   -29.768  [      1025]
1089 softmutate   -29.900   -29.900  [      1050]
1090 softmutate   -29.864   -29.890  [      1045]
1091  Heredity    -29.680   -29.844  [1087  1060]
1092  Heredity    -29.832   -29.875  [1090  1089]
1093  Heredity    -29.950   -29.921  [1081  1056]
1094  Heredity    -29.770   -29.853  [1084  1060]
1095  Heredity    -29.660   -29.816  [1090  1077]
1096  Heredity    -29.803   -29.826  [1068  1056]
1097  Heredity    -29.863   -29.959  [1089  1056]
1098  Heredity    -30.007   -29.907  [1056  1090]
1099  Heredity    -29.714   -29.946  [1089  1056]
1100  Heredity    -29.833   -29.848  [1069  1066]
1101  Heredity    -29.753   -29.799  [1059  1090]
1102  Heredity    -29.709   -29.918  [1090  1066]
1103  Heredity    -29.803   -29.954  [1056  1089]
1104   Random     -29.751   -29.751  [         0]
1105   Random     -29.714   -29.714  [         0]
1106   Random     -29.723   -29.723  [         0]
1107   Random     -29.726   -29.726  [         0]
1108 Permutate    -29.765   -30.007  [      1056]
1109 Permutate    -29.868   -29.892  [      1060]
1110 Permutate    -29.882   -29.892  [      1060]
1111 keptBest     -30.007   -30.007  [      1056]
1112 keptBest     -29.900   -29.900  [      1089]
1113   Random     -29.697   -29.697  [         0]
1114 keptBest     -29.858   -29.858  [      1081]
1115 Permutate    -29.892   -29.900  [      1089]
1116 keptBest     -29.811   -29.811  [      1086]
1117 keptBest     -29.782   -29.782  [      1082]
1118 Permutate    -29.711   -29.703  [      1059]
1119 Permutate    -29.868   -29.892  [      1060]
1120 softmutate   -29.900   -29.900  [      1089]
1121 softmutate   -29.854   -29.900  [      1089]
1122 Permutate    -29.646   -29.765  [      1068]
1123 Permutate    -29.696   -29.858  [      1081]
1124 softmutate   -29.775   -29.804  [      1087]
1125 softmutate   -29.855   -30.007  [      1056]
1126  Heredity    -29.913   -29.895  [1093  1114]
1127  Heredity    -29.734   -29.913  [1125  1093]
1128  Heredity    -29.900   -29.880  [1097  1115]
1129  Heredity    -29.822   -29.814  [1124  1092]
1130  Heredity    -29.707   -29.801  [1094  1115]
1131  Heredity    -29.710   -29.803  [1117  1092]
1132  Heredity    -29.950   -29.911  [1098  1100]
1133  Heredity    -30.007   -29.949  [1115  1098]
1134  Heredity    -30.007   -29.901  [1093  1114]
1135  Heredity    -29.698   -29.894  [1098  1107]
1136  Heredity    -29.799   -29.818  [1097  1096]
1137  Heredity    -29.757   -29.928  [1093  1110]
1138  Heredity    -30.007   -29.946  [1098  1125]
1139  Heredity    -29.797   -29.931  [1110  1093]
1140   Random     -29.662   -29.662  [         0]
1141   Random     -29.696   -29.696  [         0]
1142   Random     -29.712   -29.712  [         0]
1143   Random     -29.720   -29.720  [         0]
1144 Permutate    -30.007   -30.007  [      1098]
1145 Permutate    -29.815   -29.858  [      1114]
1146 Permutate    -29.768   -29.882  [      1110]
1147 Permutate    -29.740   -29.855  [      1125]
1148 Permutate    -29.919   -29.900  [      1120]
1149 softmutate   -29.871   -29.900  [      1120]
1150 keptBest     -30.007   -30.007  [      1098]
1151 keptBest     -29.900   -29.900  [      1120]
1152 softmutate   -29.870   -29.882  [      1110]
1153 keptBest     -29.858   -29.858  [      1114]
1154 keptBest     -29.811   -29.811  [      1116]
1155 keptBest     -29.782   -29.782  [      1117]
1156 softmutate   -29.882   -29.882  [      1110]
1157 softmutate   -29.855   -29.855  [      1125]
1158 softmutate   -29.833   -29.833  [      1100]
1159 softmutate   -29.833   -29.833  [      1100]
1160   Random     -29.704   -29.704  [         0]
1161  Heredity    -29.714   -29.806  [1159  1155]
1162  Heredity    -29.835   -29.871  [1128  1153]
1163  Heredity    -29.755   -29.893  [1151  1156]
1164  Heredity    -29.911   -29.973  [1148  1133]
1165  Heredity    -29.916   -29.936  [1128  1132]
1166  Heredity    -29.804   -29.880  [1151  1157]
1167  Heredity    -29.793   -29.907  [1148  1156]
1168  Heredity    -29.815   -29.936  [1133  1153]
1169  Heredity    -29.806   -29.843  [1148  1154]
1170  Heredity    -29.969   -29.921  [1157  1133]
1171   Random     -29.717   -29.717  [         0]
1172   Random     -29.679   -29.679  [         0]
1173  Heredity    -29.781   -29.886  [1151  1149]
1174   Random     -29.697   -29.697  [         0]
1175   Random     -29.752   -29.752  [         0]
1176   Random     -29.744   -29.744  [         0]
1177 Permutate    -29.794   -29.815  [      1145]
1178 Permutate    -29.841   -29.919  [      1148]
1179 Permutate    -29.771   -29.782  [      1155]
1180 Permutate    -29.766   -29.900  [      1151]
1181 Permutate    -29.722   -29.882  [      1156]
1182 Permutate    -29.745   -29.815  [      1145]
1183 Permutate    -29.841   -29.858  [      1153]
1184 Permutate    -29.740   -29.882  [      1156]
1185 Permutate    -29.911   -30.007  [      1133]
1186 Permutate    -29.913   -29.855  [      1157]
1187 softmutate   -29.756   -29.757  [      1137]
1188 keptBest     -30.007   -30.007  [      1133]
1189 keptBest     -29.900   -29.900  [      1151]
1190 keptBest     -29.858   -29.858  [      1153]
1191 keptBest     -29.811   -29.811  [      1154]
1192 keptBest     -29.782   -29.782  [      1155]
1193 softmutate   -29.757   -29.757  [      1137]
1194 softmutate   -30.007   -30.007  [      1133]
1195 softmutate   -30.007   -30.007  [      1133]
1196  Heredity    -30.007   -29.872  [1186  1178]
1197  Heredity    -29.863   -29.886  [1170  1190]
1198  Heredity    -29.863   -29.882  [1189  1190]
1199  Heredity    -29.800   -29.823  [1180  1186]
1200  Heredity    -29.808   -29.859  [1173  1186]
1201  Heredity    -29.691   -29.811  [1176  1186]
1202  Heredity    -29.774   -29.808  [1168  1177]
1203  Heredity    -29.793   -29.800  [1165  1193]
1204  Heredity    -29.742   -29.897  [1194  1176]
1205   Random     -29.751   -29.751  [         0]
1206   Random     -29.718   -29.718  [         0]
1207  Heredity    -29.795   -29.843  [1189  1177]
1208  Heredity    -29.769   -29.837  [1168  1189]
1209  Heredity    -29.779   -29.867  [1189  1178]
1210   Random     -29.607   -29.607  [         0]
1211   Random     -29.669   -29.669  [         0]
1212 Permutate    -29.798   -30.007  [      1194]
1213 Permutate    -29.896   -29.913  [      1186]
1214 Permutate    -29.745   -29.913  [      1186]
1215 Permutate    -29.826   -29.841  [      1178]
1216 Permutate    -29.844   -29.913  [      1186]
1217 Permutate    -29.877   -30.007  [      1194]
1218 Permutate    -29.723   -29.858  [      1190]
1219 Permutate    -29.828   -29.841  [      1178]
1220 Permutate    -29.733   -29.745  [      1182]
1221   Random     -29.743   -29.743  [         0]
1222 keptBest     -30.007   -30.007  [      1194]
1223 keptBest     -29.916   -29.916  [      1165]
1224 keptBest     -29.858   -29.858  [      1190]
1225 softmutate   -30.007   -30.007  [      1194]
1226 keptBest     -29.811   -29.811  [      1191]
1227 keptBest     -29.782   -29.782  [      1192]
1228 softmutate   -30.007   -30.007  [      1194]
1229 softmutate   -29.900   -29.900  [      1189]
1230 softmutate   -29.900   -29.900  [      1189]
1231  Heredity    -29.772   -29.970  [1196  1223]
1232  Heredity    -29.704   -29.883  [1196  1219]
1233  Heredity    -29.682   -29.891  [1217  1229]
1234  Heredity    -29.932   -29.886  [1197  1223]
1235  Heredity    -29.831   -29.892  [1216  1223]
1236  Heredity    -29.969   -29.907  [1229  1223]
1237  Heredity    -29.796   -29.886  [1213  1217]
1238  Heredity    -29.751   -29.863  [1198  1197]
1239  Heredity    -30.007   -29.912  [1217  1196]
1240  Heredity    -29.875   -29.935  [1213  1196]
1241  Heredity    -29.825   -29.834  [1217  1207]
1242   Random     -29.715   -29.715  [         0]
1243   Random     -29.680   -29.680  [         0]
1244   Random     -29.697   -29.697  [         0]
1245  Heredity    -29.817   -29.957  [1196  1213]
1246   Random     -29.729   -29.729  [         0]
1247   Random     -29.656   -29.656  [         0]
1248 Permutate    -29.727   -29.793  [      1203]
1249 Permutate    -29.755   -29.782  [      1227]
1250 Permutate    -29.726   -29.795  [      1207]
1251 Permutate    -29.929   -29.916  [      1223]
1252 Permutate    -29.872   -29.900  [      1229]
1253 Permutate    -29.816   -29.858  [      1224]
1254 Permutate    -29.710   -30.007  [      1196]
1255 Permutate    -29.726   -29.779  [      1209]
1256 softmutate   -30.007   -30.007  [      1196]
1257 softmutate   -30.007   -30.007  [      1196]
1258 softmutate   -29.740   -29.743  [      1221]
1259 keptBest     -30.007   -30.007  [      1196]
1260 keptBest     -29.916   -29.916  [      1223]
1261 keptBest     -29.858   -29.858  [      1224]
1262 keptBest     -29.811   -29.811  [      1226]
1263 Permutate    -29.716   -29.896  [      1213]
1264 keptBest     -29.782   -29.782  [      1227]
1265 softmutate   -29.731   -29.743  [      1221]
1266  Heredity    -29.769   -29.884  [1260  1252]
1267  Heredity    -29.766   -29.813  [1261  1237]
1268  Heredity    -29.616   -29.825  [1264  1234]
1269  Heredity    -29.717   -29.883  [1232  1239]
1270  Heredity    -30.007   -29.901  [1261  1236]
1271  Heredity    -29.794   -29.890  [1261  1236]
1272  Heredity    -29.739   -29.773  [1237  1255]
1273  Heredity    -29.805   -29.834  [1237  1261]
1274  Heredity    -29.661   -29.858  [1251  1264]
1275  Heredity    -29.812   -29.911  [1240  1251]
1276   Random     -30.007   -30.007  [         0]
1277   Random     -29.621   -29.621  [         0]
1278  Heredity    -29.678   -29.840  [1261  1241]
1279  Heredity    -29.684   -29.822  [1234  1249]
1280  Heredity    -29.796   -29.856  [1235  1240]
1281   Random     -29.673   -29.673  [         0]
1282   Random     -29.704   -29.704  [         0]
1283   Random     -29.690   -29.690  [         0]
1284 Permutate    -29.821   -29.929  [      1251]
1285 Permutate    -29.757   -29.932  [      1234]
1286 Permutate    -29.696   -29.831  [      1235]
1287 Permutate    -29.730   -30.007  [      1239]
1288 Permutate    -29.755   -29.825  [      1241]
1289 Permutate    -29.889   -29.872  [      1252]
1290 Permutate    -29.813   -29.932  [      1234]
1291 softmutate   -29.669   -29.729  [      1246]
1292 keptBest     -30.007   -30.007  [      1239]
1293 keptBest     -29.916   -29.916  [      1260]
1294 keptBest     -29.875   -29.875  [      1240]
1295 Permutate    -29.712   -29.875  [      1240]
1296 keptBest     -29.858   -29.858  [      1261]
1297 keptBest     -29.782   -29.782  [      1264]
1298 softmutate   -29.751   -29.729  [      1246]
1299 softmutate   -29.831   -29.831  [      1235]
1300 softmutate   -29.755   -29.755  [      1249]
1301 softmutate   -29.755   -29.755  [      1249]
1302  Heredity    -29.776   -29.770  [1296  1286]
1303  Heredity    -29.865   -29.939  [1280  1270]
1304  Heredity    -29.723   -29.826  [1297  1293]
1305  Heredity    -29.813   -29.839  [1284  1294]
1306  Heredity    -29.858   -29.848  [1284  1293]
1307  Heredity    -29.779   -29.849  [1275  1289]
1308  Heredity    -29.917   -29.886  [1294  1293]
1309  Heredity    -29.748   -29.740  [1295  1297]
1310   Random     -29.692   -29.692  [         0]
1311   Random     -29.748   -29.748  [         0]
1312  Heredity    -29.761   -29.784  [1267  1280]
1313  Heredity    -29.661   -29.808  [1289  1266]
1314  Heredity    -29.673   -29.891  [1297  1270]
1315  Heredity    -29.864   -29.913  [1270  1296]
1316   Random     -29.733   -29.733  [         0]
1317   Random     -29.653   -29.653  [         0]
1318 Permutate    -29.863   -29.831  [      1299]
1319 Permutate    -29.707   -30.007  [      1270]
1320 Permutate    -30.007   -30.007  [      1270]
1321 Permutate    -29.794   -29.730  [      1287]
1322 Permutate    -29.786   -29.916  [      1293]
1323 Permutate    -29.819   -29.794  [      1271]
1324   Random     -29.753   -29.753  [         0]
1325   Random     -29.761   -29.761  [         0]
1326   Random     -29.665   -29.665  [         0]
1327 softmutate   -29.799   -29.812  [      1275]
1328 keptBest     -30.007   -30.007  [      1270]
1329 keptBest     -29.916   -29.916  [      1293]
1330 softmutate   -30.007   -30.007  [      1270]
1331 keptBest     -29.875   -29.875  [      1294]
1332 softmutate   -30.007   -30.007  [      1270]
1333 keptBest     -29.858   -29.858  [      1296]
1334 keptBest     -29.782   -29.782  [      1297]
1335 softmutate   -29.836   -29.916  [      1293]
1336 softmutate   -29.935   -29.916  [      1293]
1337 softmutate   -29.892   -29.916  [      1293]
1338  Heredity    -30.007   -29.926  [1336  1308]
1339  Heredity    -29.838   -29.883  [1315  1336]
1340  Heredity    -29.865   -29.856  [1323  1331]
1341  Heredity    -29.934   -29.864  [1331  1333]
1342  Heredity    -29.969   -29.929  [1308  1336]
1343  Heredity    -29.628   -29.801  [1335  1334]
1344  Heredity    -29.750   -29.810  [1321  1306]
1345  Heredity    -29.755   -29.808  [1334  1306]
1346   Random     -29.624   -29.624  [         0]
1347   Random     -29.724   -29.724  [         0]
1348  Heredity    -29.712   -29.825  [1307  1315]
1349  Heredity    -29.691   -29.861  [1302  1337]
1350  Heredity    -29.839   -29.895  [1315  1336]
1351  Heredity    -29.667   -29.900  [1308  1337]
1352   Random     -29.750   -29.750  [         0]
1353   Random     -29.677   -29.677  [         0]
1354   Random     -29.676   -29.676  [         0]
1355 Permutate    -29.785   -29.935  [      1336]
1356 Permutate    -29.823   -29.917  [      1308]
1357 Permutate    -29.775   -29.782  [      1334]
1358 Permutate    -29.688   -29.836  [      1335]
1359 softmutate   -29.894   -29.892  [      1337]
1360 softmutate   -29.737   -29.761  [      1325]
1361 softmutate   -29.693   -29.761  [      1325]
1362   Random     -29.712   -29.712  [         0]
1363 keptBest     -30.007   -30.007  [      1320]
1364 keptBest     -29.917   -29.917  [      1308]
1365 softmutate   -29.791   -29.786  [      1322]
1366 softmutate   -30.007   -30.007  [      1320]
1367 keptBest     -29.875   -29.875  [      1331]
1368 keptBest     -29.858   -29.858  [      1333]
1369 softmutate   -30.007   -30.007  [      1320]
1370 keptBest     -29.782   -29.782  [      1334]
1371 softmutate   -29.929   -29.892  [      1337]
1372 softmutate   -29.764   -29.786  [      1322]
1373  Heredity    -29.718   -29.883  [1350  1364]
1374  Heredity    -29.836   -29.871  [1350  1364]
1375  Heredity    -29.816   -29.935  [1342  1359]
1376  Heredity    -29.693   -29.886  [1371  1345]
1377  Heredity    -29.969   -29.922  [1371  1364]
1378  Heredity    -29.680   -29.881  [1342  1370]
1379  Heredity    -29.934   -29.971  [1364  1338]
1380  Heredity    -29.606   -29.879  [1341  1347]
1381  Heredity    -30.007   -29.907  [1368  1341]
1382  Heredity    -29.795   -29.961  [1368  1338]
1383  Heredity    -29.707   -29.841  [1348  1341]
1384  Heredity    -29.668   -29.880  [1368  1341]
1385  Heredity    -29.858   -29.922  [1341  1359]
1386  Heredity    -29.825   -29.996  [1338  1342]
1387  Heredity    -29.790   -29.862  [1371  1356]
1388   Random     -29.650   -29.650  [         0]
1389   Random     -29.696   -29.696  [         0]
1390   Random     -29.731   -29.731  [         0]
1391   Random     -29.670   -29.670  [         0]
1392 Permutate    -29.675   -30.007  [      1338]
1393 Permutate    -29.843   -29.934  [      1341]
1394 Permutate    -29.890   -29.934  [      1341]
1395 Permutate    -29.853   -29.894  [      1359]
1396 Permutate    -29.814   -29.823  [      1356]
1397 keptBest     -30.007   -30.007  [      1338]
1398 softmutate   -29.969   -29.929  [      1371]
1399 keptBest     -29.917   -29.917  [      1364]
1400 keptBest     -29.875   -29.875  [      1367]
1401 keptBest     -29.858   -29.858  [      1368]
1402 keptBest     -29.782   -29.782  [      1370]
1403 softmutate   -29.839   -29.839  [      1350]
1404 softmutate   -29.774   -29.764  [      1372]
1405 softmutate   -29.875   -29.875  [      1367]
1406 softmutate   -29.874   -29.917  [      1364]
1407 softmutate   -29.767   -29.764  [      1372]
1408 softmutate   -29.875   -29.875  [      1367]
1409  Heredity    -29.736   -29.963  [1394  1381]
1410  Heredity    -29.969   -29.904  [1406  1377]
1411  Heredity    -29.656   -29.860  [1390  1379]
1412  Heredity    -29.690   -29.706  [1390  1392]
1413  Heredity    -29.649   -29.803  [1389  1379]
1414  Heredity    -29.699   -29.821  [1393  1402]
1415  Heredity    -29.715   -29.900  [1376  1377]
1416  Heredity    -29.934   -29.881  [1379  1401]
1417  Heredity    -29.826   -29.850  [1401  1403]
1418   Random     -29.726   -29.726  [         0]
1419  Heredity    -29.760   -29.815  [1385  1402]
1420  Heredity    -29.743   -29.950  [1377  1399]
1421  Heredity    -29.834   -29.800  [1385  1384]
1422  Heredity    -29.723   -29.929  [1401  1377]
1423  Heredity    -29.822   -29.833  [1401  1375]
1424   Random     -29.570   -29.570  [         0]
1425   Random     -29.717   -29.717  [         0]
1426   Random     -29.634   -29.634  [         0]
1427 Permutate    -29.780   -29.858  [      1385]
1428 Permutate    -29.767   -29.843  [      1393]
1429 Permutate    -29.883   -30.007  [      1381]
1430 Permutate    -29.858   -30.007  [      1381]
1431 Permutate    -29.772   -29.774  [      1404]
1432 softmutate   -29.890   -29.890  [      1394]
1433 keptBest     -30.007   -30.007  [      1381]
1434 softmutate   -29.890   -29.890  [      1394]
1435   Random     -29.708   -29.708  [         0]
1436 keptBest     -29.917   -29.917  [      1399]
1437 softmutate   -29.883   -29.858  [      1385]
1438 keptBest     -29.858   -29.858  [      1401]
1439 keptBest     -29.839   -29.839  [      1403]
1440 keptBest     -29.782   -29.782  [      1402]
1441 softmutate   -29.888   -29.858  [      1385]
1442 softmutate   -29.798   -29.858  [      1401]
1443 softmutate   -29.833   -29.858  [      1401]
1444  Heredity    -29.858   -29.891  [1436  1429]
1445  Heredity    -30.007   -29.911  [1410  1441]
1446  Heredity    -29.800   -29.898  [1439  1416]
1447  Heredity    -29.814   -29.808  [1428  1432]
1448  Heredity    -29.790   -29.829  [1421  1423]
1449  Heredity    -29.819   -29.888  [1410  1421]
1450  Heredity    -29.860   -29.885  [1429  1432]
1451  Heredity    -29.848   -29.880  [1428  1416]
1452   Random     -29.704   -29.704  [         0]
1453  Heredity    -29.825   -29.904  [1432  1436]
1454  Heredity    -29.627   -29.948  [1433  1432]
1455  Heredity    -29.708   -29.794  [1430  1420]
1456  Heredity    -29.701   -29.929  [1431  1433]
1457  Heredity    -29.826   -29.945  [1416  1410]
1458  Heredity    -29.726   -29.846  [1430  1421]
1459   Random     -29.718   -29.718  [         0]
1460   Random     -29.652   -29.652  [         0]
1461   Random     -29.666   -29.666  [         0]
1462 Permutate    -29.784   -29.969  [      1410]
1463 Permutate    -29.680   -29.839  [      1439]
1464 Permutate    -29.969   -29.883  [      1429]
1465 Permutate    -29.803   -29.969  [      1410]
1466 Permutate    -29.950   -29.917  [      1436]
1467 Permutate    -29.917   -29.917  [      1436]
1468 keptBest     -30.007   -30.007  [      1433]
1469 Permutate    -29.969   -29.883  [      1429]
1470 keptBest     -29.917   -29.917  [      1436]
1471 keptBest     -29.858   -29.858  [      1438]
1472 keptBest     -29.839   -29.839  [      1439]
1473 keptBest     -29.782   -29.782  [      1440]
1474 softmutate   -29.890   -29.890  [      1432]
1475 softmutate   -29.890   -29.890  [      1432]
1476 softmutate   -29.798   -29.798  [      1442]
1477 softmutate   -29.798   -29.798  [      1442]
1478 Permutate    -29.752   -29.917  [      1436]
