Gen   ID    Origin   Composition    Enthalpy   Volume  Density   Fitness   KPOINTS  SYMM  Q_entr A_order S_order
                                      (eV)     (A^3)  (g/cm^3)
  1   14   Random    [  2  2  4  8]  -104.108   130.801   1.525   -104.108 [ 1  1  1]  18  0.085  2.368  2.183
  2   62 softmutate  [  2  2  4  8]  -104.108   130.820   1.525   -104.108 [ 1  1  1]  18  0.085  2.368  2.183
  3   72  Heredity   [  2  2  4  8]  -104.108   130.881   1.524   -104.108 [ 1  1  1]  18  0.085  2.368  2.184
  4  113  Heredity   [  2  2  4  8]  -104.109   130.920   1.523   -104.109 [ 1  1  1]  18  0.085  2.367  2.184
  5  160 keptBest    [  2  2  4  8]  -104.109   130.926   1.523   -104.109 [ 1  1  1]  18  0.085  2.367  2.184
  6  198  Rotate     [  2  2  4  8]  -104.109   130.845   1.524   -104.109 [ 1  1  1]  18  0.085  2.368  2.183
  7  228 keptBest    [  2  2  4  8]  -104.109   131.009   1.522   -104.109 [ 1  1  1]  18  0.084  2.367  2.185
  8  241  Heredity   [  2  2  4  8]  -104.109   130.799   1.525   -104.109 [ 1  1  1]  18  0.085  2.368  2.183
  9  294  Rotate     [  2  2  4  8]  -104.109   130.856   1.524   -104.109 [ 1  1  1]  18  0.085  2.368  2.183
 10  331 keptBest    [  2  2  4  8]  -104.109   130.813   1.525   -104.109 [ 1  1  1]  18  0.085  2.368  2.183
