-101.710 -101.710 -101.710 -101.710
-99.986 -99.986 -99.985 -99.986
-99.921 -99.924 -99.924 -99.925
-99.908 -99.907 -99.906 -99.906
-99.920 -99.925 -99.925 -99.925
-104.107 -104.107 -104.107 -104.106
-98.053 -98.053 -98.053 -98.053
-96.487 -96.489 -99.124 -99.250
-104.100 -104.100 -104.100 -104.101
-104.101 -104.101 -104.100 -104.098
-101.710 -101.710 -101.710 -101.710
-99.925 -99.926 -99.930 -99.930
-99.244 -99.246 -99.250 -99.251
-104.108 -104.108 -104.108 -104.108
-97.985 -97.986 -97.995 -97.996
-100.801 -100.960 -100.960 -100.960
-99.230 -99.230 -99.230 -99.230
-99.225 -99.225 -99.225 -99.226
-99.404 -99.405 -99.404 -99.405
-99.251 -99.251 -99.251 -99.251
-104.103 -104.104 -104.105 -104.106
-101.710 -101.710 -101.710 -101.710
-104.108 -104.108 -104.108 -104.108
-99.757 -99.757 -99.757 -99.757
-99.251 -99.251 -99.251 -99.251
-94.701 -94.738 -94.718 -94.711
-101.257 -101.257 -101.257 -101.257
-99.734 -99.921 -99.921 -99.920
-96.488 -96.488 -96.488 -96.489
-101.684 -101.683 -101.684 -101.683
-99.251 -99.251 -99.251 -99.251
-98.805 -98.805 -98.805 -98.803
-100.667 -100.667 -100.667 -100.667
-99.403 -99.403 -99.403 -99.403
-99.927 -99.927 -99.927 -99.928
-99.405 -99.405 -99.404 -99.404
-98.090 -98.090 -98.090 -98.090
-99.405 -99.405 -99.405 -99.405
-100.961 -100.962 -100.962 -100.962
-101.710 -101.710 -101.710 -101.710
-104.107 -104.104 -104.105 -104.102
-99.231 -99.231 -99.230 -99.231
-99.418 -99.426 -99.426 -99.422
-104.107 -104.108 -104.108 -104.108
-102.799 -102.799 -102.799 -102.799
-104.103 -104.103 -104.103 -104.103
-104.108 -104.107 -104.108 -104.107
-96.489 -96.489 -96.489 -96.489
-101.710 -101.710 -101.710 -101.710
-100.650 -100.651 -100.651 -100.651
-101.710 -101.710 -101.710 -101.710
-99.148 -99.928 -99.928 -99.930
-101.710 -101.710 -101.710 -101.710
-99.949 -99.987 -99.987 -99.987
-99.757 -99.757 -99.757 -99.757
-99.757 -99.757 -99.757 -99.757
-98.049 -98.048 -98.049 -98.048
-99.757 -99.757 -99.757 -99.757
-98.053 -98.053 -98.053 -98.053
-99.928 -99.928 -99.928 -99.928
-104.106 -104.106 -104.107 -104.107
-104.108 -104.108 -104.108 -104.108
-104.108 -104.108 -104.108 -104.108
-101.710 -101.710 -101.710 -101.710
-101.257 -101.257 -101.257 -101.257
-100.801 -100.960 -100.947 -100.936
-99.986 -99.986 -99.985 -99.986
-100.963 -100.963 -100.963 -100.963
-98.803 -98.803 -98.803 -98.803
-99.251 -99.251 -99.251 -99.251
-100.790 -100.963 -100.962 -100.963
-104.108 -104.108 -104.108 -104.108
-100.889 -100.889 -100.884 -100.892
-101.710 -101.710 -101.710 -101.710
-98.797 -98.794 -98.796 -98.795
-101.710 -101.710 -101.710 -101.710
-101.710 -101.710 -101.710 -101.710
-101.710 -101.710 -101.710 -101.710
-102.798 -102.798 -102.798 -102.798
-99.228 -99.230 -99.230 -99.230
-99.986 -99.986 -99.986 -99.986
-99.251 -99.251 -99.251 -99.251
-100.963 -100.963 -100.965 -100.965
-99.247 -99.243 -99.243 -99.246
-104.097 -104.099 -104.099 -104.098
-98.053 -98.053 -98.053 -98.053
-98.769 -98.801 -98.801 -98.801
-104.100 -104.075 -104.093 -104.095
-101.257 -101.257 -101.257 -101.257
-101.710 -101.710 -101.710 -101.710
-104.108 -104.108 -104.108 -104.108
-102.799 -102.799 -102.799 -102.799
-102.799 -102.798 -102.798 -102.798
-99.125 -99.248 -99.251 -99.251
-102.799 -102.799 -102.799 -102.799
-101.710 -101.710 -101.710 -101.710
-99.927 -99.927 -99.927 -99.927
-101.710 -101.710 -101.710 -101.710
-101.710 -101.710 -101.710 -101.710
-101.257 -101.257 -101.257 -101.257
-100.961 -100.962 -100.963 -100.963
-100.965 -100.965 -100.965 -100.965
-99.929 -99.929 -99.929 -99.927
-104.109 -104.108 -104.108 -104.108
-104.059 -104.105 -104.101 -104.107
-99.107 -99.214 -99.214 -99.214
-101.710 -101.710 -101.710 -101.710
-102.799 -102.799 -102.799 -102.799
-104.107 -104.108 -104.108 -104.108
-101.710 -101.710 -101.710 -101.710
-99.987 -99.987 -99.987 -99.987
-104.107 -104.095 -104.107 -104.103
-104.099 -104.109 -104.109 -104.109
-104.107 -104.108 -104.108 -104.108
-104.101 -104.106 -104.108 -104.108
-101.257 -101.257 -101.257 -101.257
-101.710 -101.710 -101.710 -101.710
-98.053 -98.053 -98.053 -98.053
-104.106 -104.106 -104.106 -104.106
-101.710 -101.710 -101.710 -101.710
-95.363 -95.363 -95.363 -95.363
-99.251 -99.251 -99.251 -99.251
-100.965 -100.965 -100.965 -100.965
-100.891 -100.892 -100.892 -100.892
-101.257 -101.257 -101.257 -101.257
-104.108 -104.108 -104.108 -104.108
-102.799 -102.799 -102.799 -102.799
-101.710 -101.710 -101.710 -101.710
-101.257 -101.256 -101.257 -101.257
-101.710 -101.710 -101.710 -101.710
-100.889 -100.890 -100.884 -100.892
-99.794 -99.916 -99.887 -99.930
-102.799 -102.799 -102.799 -102.799
-101.257 -101.257 -101.257 -101.257
-100.963 -100.963 -100.965 -100.965
-104.109 -104.109 -104.107 -104.109
-101.680 -101.680 -101.680 -101.680
-100.891 -100.891 -100.891 -100.891
-99.929 -99.929 -99.929 -99.929
-99.191 -99.191 -99.189 -99.188
-99.928 -99.929 -99.930 -99.930
-100.963 -100.963 -100.963 -100.963
-98.090 -98.090 -98.090 -98.090
-98.051 -98.051 -98.051 -98.051
-98.802 -98.801 -98.802 -98.802
-99.870 -99.870 -99.870 -99.870
-98.090 -98.090 -98.090 -98.090
-101.710 -101.710 -101.710 -101.710
-99.920 -99.928 -99.928 -99.929
-104.106 -104.107 -104.107 -104.108
-104.103 -104.107 -104.107 -104.107
-101.710 -101.710 -101.710 -101.710
-99.965 -99.963 -99.963 -99.964
-104.103 -104.106 -104.085 -104.068
-101.710 -101.710 -101.710 -101.710
-104.105 -104.104 -104.100 -104.090
-100.955 -100.947 -100.957 -100.957
-101.257 -101.257 -101.256 -101.257
-102.799 -102.799 -102.799 -102.799
-104.099 -104.109 -104.109 -104.109
-99.251 -99.251 -99.251 -99.251
-104.107 -104.107 -104.106 -104.106
-100.892 -100.892 -100.892 -100.892
-104.109 -104.109 -104.109 -104.109
-101.257 -101.257 -101.257 -101.257
-104.109 -104.109 -104.109 -104.109
-102.799 -102.799 -102.799 -102.799
-101.710 -101.710 -101.710 -101.710
-101.257 -101.257 -101.257 -101.257
-100.965 -100.965 -100.964 -100.954
-101.710 -101.710 -101.710 -101.710
-104.105 -104.105 -104.075 -104.104
-96.455 -96.489 -96.489 -96.489
-104.091 -104.096 -104.101 -104.100
-100.939 -100.948 -100.954 -100.955
-99.918 -99.918 -99.927 -99.927
-100.892 -100.892 -100.892 -100.892
-99.737 -99.924 -99.927 -99.929
-100.651 -100.651 -100.651 -100.651
-100.945 -100.945 -100.945 -100.945
-102.799 -102.799 -102.799 -102.799
-102.785 -102.785 -102.785 -102.785
-104.104 -104.103 -104.105 -104.107
-104.053 -104.053 -104.053 -104.053
-104.106 -104.100 -104.107 -104.101
-97.992 -98.090 -98.090 -98.090
-101.710 -101.710 -101.710 -101.710
-99.513 -99.513 -99.513 -99.513
-101.257 -101.256 -101.257 -101.257
-99.405 -99.405 -99.405 -99.405
-100.668 -100.668 -100.668 -100.668
-98.049 -98.049 -98.046 -98.049
-104.107 -104.108 -104.108 -104.108
-104.099 -104.109 -104.109 -104.109
-104.103 -104.106 -104.082 -104.087
-100.929 -100.870 -100.919 -100.921
-102.799 -102.799 -102.799 -102.799
-104.102 -104.109 -104.109 -104.109
-101.710 -101.710 -101.710 -101.710
-104.073 -104.100 -104.098 -104.098
-99.930 -99.930 -99.930 -99.930
-101.710 -101.710 -101.710 -101.710
-101.257 -101.257 -101.257 -101.257
-99.405 -99.405 -99.405 -99.405
-104.103 -104.103 -104.103 -104.098
-100.956 -100.956 -100.956 -100.956
-104.104 -104.087 -104.100 -104.088
-104.104 -104.104 -104.107 -104.107
-100.892 -100.892 -100.892 -100.892
-99.495 -99.513 -99.513 -99.512
-104.015 -104.107 -104.108 -104.108
-101.710 -101.710 -101.710 -101.710
-99.927 -99.929 -99.929 -99.929
-99.794 -99.924 -99.928 -99.928
-100.738 -100.739 -100.739 -100.739
-96.160 -96.176 -96.471 -96.471
-99.757 -99.758 -99.757 -99.757
-101.710 -101.710 -101.710 -101.710
-100.957 -100.955 -100.956 -100.955
-99.985 -99.987 -99.987 -99.987
-101.710 -101.710 -101.710 -101.710
-102.756 -102.792 -102.794 -102.795
-62.065 -100.958 -100.958 -100.959
-95.728 -95.729 -95.729 -95.729
-104.092 -104.095 -104.100 -104.101
-75.086 -100.636 -100.643 -100.643
-102.798 -102.798 -102.798 -102.798
-104.102 -104.109 -104.109 -104.109
-104.053 -104.053 -104.053 -104.053
-102.799 -102.799 -102.799 -102.799
-104.109 -104.109 -104.109 -104.108
-102.799 -102.799 -102.799 -102.799
-101.710 -101.710 -101.710 -101.710
-104.100 -104.095 -104.094 -104.095
-102.799 -102.799 -102.799 -102.799
-101.710 -101.710 -101.710 -101.710
-101.257 -101.256 -101.257 -101.257
-104.053 -104.053 -104.053 -104.053
-100.889 -100.889 -100.889 -100.889
-100.944 -100.945 -100.944 -100.942
-104.109 -104.109 -104.109 -104.109
-104.108 -104.108 -104.105 -104.108
-99.987 -99.987 -99.987 -99.987
-101.710 -101.710 -101.710 -101.710
-104.106 -104.106 -104.105 -104.106
-100.737 -100.737 -100.737 -100.737
-104.107 -104.107 -104.107 -104.094
-104.102 -104.105 -104.105 -104.060
-95.729 -95.729 -95.729 -95.729
-98.090 -98.090 -98.090 -98.090
-100.557 -100.668 -100.668 -100.668
-100.668 -100.668 -100.668 -100.668
-99.987 -99.987 -99.987 -99.987
-101.257 -101.257 -101.257 -101.257
-104.107 -104.107 -104.107 -104.107
-104.105 -104.105 -104.104 -104.104
-95.728 -95.728 -95.728 -95.728
-99.405 -99.405 -99.405 -99.405
-99.427 -99.427 -99.428 -99.429
-98.090 -98.090 -98.090 -98.090
-104.102 -104.109 -104.109 -104.107
-104.053 -104.053 -104.053 -104.053
-104.108 -104.108 -104.108 -104.105
-101.257 -101.257 -101.257 -101.257
-102.799 -102.799 -102.799 -102.799
-104.107 -104.080 -104.106 -104.100
-101.256 -101.257 -101.257 -101.257
-104.094 -104.099 -104.099 -104.099
-101.710 -101.710 -101.710 -101.710
-101.257 -101.256 -101.257 -101.257
-99.212 -99.212 -99.213 -99.212
-101.710 -101.710 -101.710 -101.710
-104.104 -104.104 -104.099 -104.099
-104.108 -104.107 -104.108 -104.108
-100.668 -100.668 -100.668 -100.668
-101.710 -101.710 -101.710 -101.710
-104.106 -104.106 -104.068 -104.101
-104.108 -104.108 -104.089 -104.108
-104.102 -104.101 -104.098 -104.098
-100.937 -100.959 -100.959 -100.957
-101.710 -101.710 -101.710 -101.710
-99.987 -99.987 -99.987 -99.987
-99.481 -99.486 -99.756 -99.756
-104.054 -104.108 -104.107 -104.107
-101.257 -101.257 -101.257 -101.257
-100.878 -100.939 -100.942 -100.938
-104.105 -104.091 -104.105 -104.105
-99.928 -99.928 -99.928 -99.928
-98.090 -98.090 -98.090 -98.090
-100.930 -100.929 -100.875 -100.938
-99.404 -99.405 -99.405 -99.405
-100.945 -100.964 -100.963 -100.964
-101.710 -101.710 -101.710 -101.710
-104.109 -104.109 -104.109 -104.109
-104.109 -104.109 -104.109 -104.109
-96.489 -96.489 -96.489 -96.489
-100.892 -100.892 -100.892 -100.892
-99.877 -99.874 -99.875 -99.876
-101.710 -101.710 -101.710 -101.710
-104.104 -104.104 -104.104 -104.103
-100.736 -100.737 -100.736 -100.737
-99.987 -99.987 -99.987 -99.987
-104.102 -104.105 -104.105 -104.105
-102.799 -102.799 -102.799 -102.799
-101.710 -101.710 -101.710 -101.710
-101.257 -101.257 -101.257 -101.257
-104.085 -104.102 -104.101 -104.102
-104.109 -104.109 -104.108 -104.109
-104.109 -104.109 -104.109 -104.109
-104.109 -104.109 -104.109 -104.109
-104.091 -104.108 -104.109 -104.108
-102.798 -102.798 -102.798 -102.799
-104.106 -104.106 -104.106 -104.106
-102.798 -102.798 -102.798 -102.798
-98.090 -98.090 -98.090 -98.090
-101.710 -101.710 -101.710 -101.710
-104.105 -104.108 -104.108 -104.108
-104.108 -104.108 -104.108 -104.108
-101.710 -101.710 -101.710 -101.710
-100.962 -100.963 -100.964 -100.964
-99.251 -99.251 -99.251 -99.251
-104.108 -104.108 -104.108 -104.108
-101.710 -101.710 -101.710 -101.710
-99.402 -99.402 -99.402 -99.402
-99.757 -99.757 -99.757 -99.757
-100.877 -100.886 -100.886 -100.886
-100.892 -100.892 -100.892 -100.892
-101.710 -101.710 -101.710 -101.710
-101.710 -101.710 -101.710 -101.710
-100.740 -100.740 -100.740 -100.740
-104.109 -104.109 -104.109 -104.109
-102.799 -102.799 -102.799 -102.799
-101.710 -101.710 -101.710 -101.710
-104.108 -104.107 -104.107 -104.106
-101.710 -101.710 -101.710 -101.710
-104.105 -104.105 -104.105 -104.105
-101.257 -101.257 -101.257 -101.257
-101.710 -101.710 -101.710 -101.710
-102.799 -102.799 -102.799 -102.799
-101.710 -101.710 -101.710 -101.710
-101.257 -101.257 -101.257 -101.256
-100.945 -100.964 -100.963 -100.963
