  ID   Compositions    Enthalpies    Volumes    fitness  SYMM
                       (eV/atom)    (A^3/atom)    ()         
 294  [  2  2  4  8]     -6.5068      8.1785   -104.1092    18
 185  [  2  2  4  8]     -6.5063      8.2436   -104.1014    18
 207  [  2  2  4  8]     -6.5055      8.2977   -104.0880    18
 154  [  2  2  4  8]     -6.5043      8.3440   -104.0683    18
 248  [  2  2  4  8]     -6.5037      8.3872   -104.0598    18
 184  [  2  2  4  8]     -6.5033      8.4079   -104.0534   113
  45  [  2  2  4  8]     -6.4250      7.8782   -102.7995     9
   1  [  2  2  4  8]     -6.3569      8.5259   -101.7099     9
  27  [  2  2  4  8]     -6.3285      8.6691   -101.2565     9
  83  [  2  2  4  8]     -6.3103      7.9887   -100.9652     5
 163  [  2  2  4  8]     -6.3058      7.7446   -100.8922    43
 330  [  2  2  4  8]     -6.2962      7.6558   -100.7397    15
 251  [  2  2  4  8]     -6.2917      8.9873   -100.6678     8
  54  [  2  2  4  8]     -6.2492      8.1527    -99.9867     9
  12  [  2  2  4  8]     -6.2456      8.2320    -99.9298     7
 298  [  2  2  4  8]     -6.2422      8.2299    -99.8759     5
  56  [  2  2  4  8]     -6.2348      9.7586    -99.7574     9
 188  [  2  2  4  8]     -6.2196      9.0548    -99.5135    40
 259  [  2  2  4  8]     -6.2143      9.4281    -99.4289     1
 190  [  2  2  4  8]     -6.2128      8.5009    -99.4049     1
  13  [  2  2  4  8]     -6.2032      7.7276    -99.2513    31
  42  [  2  2  4  8]     -6.2019      8.4176    -99.2306    36
 106  [  2  2  4  8]     -6.2009      8.2029    -99.2141     9
  32  [  2  2  4  8]     -6.1752      8.6736    -98.8031     9
  69  [  2  2  4  8]     -6.1752      8.9648    -98.8028     7
 186  [  2  2  4  8]     -6.1306      8.1053    -98.0902     4
  86  [  2  2  4  8]     -6.1283      8.1036    -98.0535     4
  15  [  2  2  4  8]     -6.1247      8.6517    -97.9957     1
  48  [  2  2  4  8]     -6.0306      8.2204    -96.4891    44
 249  [  2  2  4  8]     -5.9831      8.7583    -95.7288    36
