Gen   ID    Origin   Composition    Enthalpy   Volume  Density   Fitness   KPOINTS  SYMM  Q_entr A_order S_order
                                      (eV)     (A^3)  (g/cm^3)
  1    1   Random    [  2  2  4  8]  -101.710   136.415   1.462   -101.710 [ 1  1  1]   9  0.166  2.206  1.797
  1    2   Random    [  2  2  4  8]   -99.986   130.429   1.529    -99.986 [ 1  1  1]   9  0.155  2.162  1.796
  1    3   Random    [  2  2  4  8]   -99.925   131.735   1.514 100000.000 [ 1  1  1]   7  0.158  2.193  1.807
  1    4   Random    [  2  2  4  8]   -99.906   131.699   1.514 100000.000 [ 1  1  1]   7  0.155  2.196  1.815
  1    5   Random    [  2  2  4  8]   -99.925   131.703   1.514 100000.000 [ 1  1  1]   7  0.155  2.195  1.815
  1    6   Random    [  2  2  4  8]  -104.106   131.111   1.521 100000.000 [ 1  1  1]  18  0.085  2.371  2.189
  1    7   Random    [  2  2  4  8]   -98.053   129.662   1.538    -98.053 [ 1  1  1]   4  0.165  2.146  1.751
  1    8   Random    [  2  2  4  8]   -99.250   123.649   1.613 100000.000 [ 1  1  1]  31  0.167  2.798  2.242
  1    9   Random    [  2  2  4  8]  -104.101   131.286   1.519 100000.000 [ 1  1  1]  18  0.083  2.389  2.211
  1   10   Random    [  2  2  4  8]  -104.098   131.857   1.513   -104.098 [ 1  1  1]  18  0.085  2.384  2.200
  1   11   Random    [  2  2  4  8]  -101.710   136.406   1.462 100000.000 [ 1  1  1]   9  0.166  2.205  1.797
  1   12   Random    [  2  2  4  8]   -99.930   131.711   1.514    -99.930 [ 1  1  1]   7  0.155  2.195  1.816
  1   13   Random    [  2  2  4  8]   -99.251   123.642   1.613    -99.251 [ 1  1  1]  31  0.167  2.809  2.248
  1   14   Random    [  2  2  4  8]  -104.108   130.801   1.525   -104.108 [ 1  1  1]  18  0.085  2.368  2.183
  1   15   Random    [  2  2  4  8]   -97.996   138.426   1.441    -97.996 [ 1  1  1]   1  0.257  2.092  1.497
  1   16   Random    [  2  2  4  8]  -100.960   127.798   1.561   -100.960 [ 1  1  1]   5  0.139  2.218  1.892
  1   17   Random    [  2  2  4  8]   -99.230   134.687   1.481    -99.230 [ 1  1  1]  36  0.169  2.794  2.249
  1   18   Random    [  2  2  4  8]   -99.226   134.695   1.481 100000.000 [ 1  1  1]  36  0.169  2.794  2.249
  1   19   Random    [  2  2  4  8]   -99.405   136.016   1.466    -99.405 [ 1  1  1]   1  0.253  2.106  1.521
  1   20   Random    [  2  2  4  8]   -99.251   123.648   1.613 100000.000 [ 1  1  1]  31  0.167  2.812  2.249
  1   21   Random    [  2  2  4  8]  -104.106   131.091   1.521 100000.000 [ 1  1  1]  18  0.084  2.368  2.188
  1   22   Random    [  2  2  4  8]  -101.710   136.408   1.462 100000.000 [ 1  1  1]   9  0.166  2.205  1.797
  1   23   Random    [  2  2  4  8]  -104.108   130.791   1.525 100000.000 [ 1  1  1]  18  0.085  2.368  2.183
  1   24   Random    [  2  2  4  8]   -99.757   156.149   1.277    -99.757 [ 1  1  1]   9  0.158  2.299  1.879
  1   25   Random    [  2  2  4  8]   -99.251   123.643   1.613 100000.000 [ 1  1  1]  31  0.167  2.811  2.249
  1   26   Random    [  2  2  4  8]   -94.711   140.442   1.420    -94.711 [ 1  1  1]   1  0.264  2.063  1.455
  1   27   Random    [  2  2  4  8]  -101.257   138.705   1.438   -101.257 [ 1  1  1]   9  0.159  2.332  1.935
  1   28   Random    [  2  2  4  8]   -99.920   131.795   1.513 100000.000 [ 1  1  1]   7  0.155  2.199  1.813
  1   29   Random    [  2  2  4  8]   -96.489   131.564   1.516    -96.489 [ 1  1  1]  44  0.065  3.071  2.925
  1   30   Random    [  2  2  4  8]  -101.683   136.570   1.460 100000.000 [ 1  1  1]   9  0.165  2.208  1.802
  2   31  Heredity   [  2  2  4  8]   -99.251   123.647   1.613    -99.251 [ 1  1  1]  31  0.167  2.811  2.249
  2   32  Heredity   [  2  2  4  8]   -98.803   138.777   1.437    -98.803 [ 1  1  1]   9  0.155  2.131  1.765
  2   33  Heredity   [  2  2  4  8]  -100.667   143.812   1.387   -100.667 [ 1  1  1]   8  0.252  2.422  1.764
  2   34  Heredity   [  2  2  4  8]   -99.403   136.038   1.466 100000.000 [ 1  1  1]   1  0.253  2.106  1.520
  2   35  Heredity   [  2  2  4  8]   -99.928   131.735   1.514 100000.000 [ 1  1  1]   7  0.155  2.193  1.813
  2   36  Heredity   [  2  2  4  8]   -99.404   136.054   1.466 100000.000 [ 1  1  1]   1  0.253  2.103  1.518
  2   37  Heredity   [  2  2  4  8]   -98.090   129.682   1.538    -98.090 [ 1  1  1]   4  0.157  2.167  1.803
  2   38  Heredity   [  2  2  4  8]   -99.405   136.018   1.466    -99.405 [ 1  1  1]   1  0.253  2.106  1.520
  2   39  Heredity   [  2  2  4  8]  -100.962   127.827   1.560   -100.962 [ 1  1  1]   5  0.139  2.220  1.893
  2   40  Heredity   [  2  2  4  8]  -101.710   136.415   1.462   -101.710 [ 1  1  1]   9  0.166  2.206  1.797
  2   41  Heredity   [  2  2  4  8]  -104.102   131.361   1.518 100000.000 [ 1  1  1]  18  0.083  2.392  2.214
  2   42  Heredity   [  2  2  4  8]   -99.231   134.681   1.481    -99.231 [ 1  1  1]  36  0.169  2.792  2.248
  2   43  Heredity   [  2  2  4  8]   -99.422   152.532   1.308    -99.422 [ 1  1  1]   5  0.158  2.264  1.888
  2   44  Random     [  2  2  4  8]  -104.108   130.704   1.526 100000.000 [ 1  1  1]  18  0.086  2.373  2.186
  2   45  Random     [  2  2  4  8]  -102.799   126.051   1.582   -102.799 [ 1  1  1]   9  0.160  2.140  1.760
  2   46  Random     [  2  2  4  8]  -104.103   130.940   1.523 100000.000 [ 1  1  1]  18  0.085  2.367  2.184
  2   47  Random     [  2  2  4  8]  -104.107   130.904   1.524 100000.000 [ 1  1  1]  18  0.085  2.367  2.184
  2   48  Random     [  2  2  4  8]   -96.489   131.527   1.516    -96.489 [ 1  1  1]  44  0.065  3.094  2.947
  2   49  Random     [  2  2  4  8]  -101.710   136.413   1.462 100000.000 [ 1  1  1]   9  0.166  2.206  1.797
  2   50  Random     [  2  2  4  8]  -100.651   143.905   1.386 100000.000 [ 1  1  1]   8  0.255  2.371  1.720
  2   51  Random     [  2  2  4  8]  -101.710   136.407   1.462 100000.000 [ 1  1  1]   9  0.166  2.205  1.797
  2   52  Random     [  2  2  4  8]   -99.930   131.726   1.514    -99.930 [ 1  1  1]   7  0.155  2.194  1.815
  2   53  Random     [  2  2  4  8]  -101.710   136.413   1.462 100000.000 [ 1  1  1]   9  0.166  2.205  1.797
  2   54  Random     [  2  2  4  8]   -99.987   130.443   1.529    -99.987 [ 1  1  1]   9  0.154  2.162  1.797
  2   55  Rotate     [  2  2  4  8]   -99.757   156.146   1.277 100000.000 [ 1  1  1]   9  0.158  2.294  1.875
  2   56  Rotate     [  2  2  4  8]   -99.757   156.138   1.277    -99.757 [ 1  1  1]   9  0.158  2.298  1.878
  2   57  Rotate     [  2  2  4  8]   -98.048   129.766   1.537 100000.000 [ 1  1  1]   4  0.165  2.142  1.746
  2   58 softmutate  [  2  2  4  8]   -99.757   156.131   1.277 100000.000 [ 1  1  1]   9  0.158  2.295  1.876
  2   59 softmutate  [  2  2  4  8]   -98.053   129.676   1.538    -98.053 [ 1  1  1]   4  0.165  2.146  1.751
  2   60 softmutate  [  2  2  4  8]   -99.928   131.704   1.514 100000.000 [ 1  1  1]   7  0.155  2.196  1.816
  2   61 softmutate  [  2  2  4  8]  -104.107   130.804   1.525 100000.000 [ 1  1  1]  18  0.085  2.368  2.183
  2   62 softmutate  [  2  2  4  8]  -104.108   130.820   1.525   -104.108 [ 1  1  1]  18  0.085  2.368  2.183
  2   63 keptBest    [  2  2  4  8]  -104.108   130.884   1.524 100000.000 [ 1  1  1]  18  0.085  2.366  2.183
  2   64 keptBest    [  2  2  4  8]  -101.710   136.406   1.462 100000.000 [ 1  1  1]   9  0.166  2.206  1.798
  2   65 keptBest    [  2  2  4  8]  -101.257   138.689   1.438   -101.257 [ 1  1  1]   9  0.159  2.335  1.937
  2   66 keptBest    [  2  2  4  8]  -100.936   127.294   1.567 100000.000 [ 1  1  1]   5  0.148  2.192  1.843
  2   67 keptBest    [  2  2  4  8]   -99.986   130.404   1.529 100000.000 [ 1  1  1]   9  0.155  2.162  1.796
  3   68  Heredity   [  2  2  4  8]  -100.963   127.807   1.561 100000.000 [ 1  1  1]   5  0.138  2.217  1.892
  3   69  Heredity   [  2  2  4  8]   -98.803   143.436   1.391    -98.803 [ 1  1  1]   7  0.166  2.138  1.727
  3   70  Heredity   [  2  2  4  8]   -99.251   123.649   1.613    -99.251 [ 1  1  1]  31  0.167  2.811  2.249
  3   71  Heredity   [  2  2  4  8]  -100.963   127.759   1.561 100000.000 [ 1  1  1]   5  0.142  2.219  1.884
  3   72  Heredity   [  2  2  4  8]  -104.108   130.881   1.524   -104.108 [ 1  1  1]  18  0.085  2.368  2.184
  3   73  Heredity   [  2  2  4  8]  -100.892   123.890   1.610   -100.892 [ 1  1  1]  43  0.074  2.391  2.260
  3   74  Heredity   [  2  2  4  8]  -101.710   136.419   1.462   -101.710 [ 1  1  1]   9  0.166  2.206  1.798
  3   75  Heredity   [  2  2  4  8]   -98.795   138.492   1.440 100000.000 [ 1  1  1]   9  0.153  2.141  1.776
  3   76  Heredity   [  2  2  4  8]  -101.710   136.409   1.462 100000.000 [ 1  1  1]   9  0.166  2.206  1.797
  3   77  Heredity   [  2  2  4  8]  -101.710   136.411   1.462 100000.000 [ 1  1  1]   9  0.166  2.206  1.797
  3   78  Heredity   [  2  2  4  8]  -101.710   136.413   1.462 100000.000 [ 1  1  1]   9  0.166  2.206  1.797
  3   79  Heredity   [  2  2  4  8]  -102.798   126.042   1.582 100000.000 [ 1  1  1]   9  0.160  2.139  1.759
  3   80  Heredity   [  2  2  4  8]   -99.230   134.645   1.481    -99.230 [ 1  1  1]  36  0.168  2.780  2.240
  3   81  Heredity   [  2  2  4  8]   -99.986   130.428   1.529    -99.986 [ 1  1  1]   9  0.154  2.162  1.797
  3   82  Heredity   [  2  2  4  8]   -99.251   123.653   1.613 100000.000 [ 1  1  1]  31  0.167  2.812  2.249
  3   83  Heredity   [  2  2  4  8]  -100.965   127.819   1.560   -100.965 [ 1  1  1]   5  0.138  2.220  1.895
  3   84  Random     [  2  2  4  8]   -99.246   123.692   1.612 100000.000 [ 1  1  1]  31  0.165  2.779  2.238
  3   85  Random     [  2  2  4  8]  -104.098   132.049   1.510   -104.098 [ 1  1  1]  18  0.085  2.397  2.208
  3   86  Random     [  2  2  4  8]   -98.053   129.658   1.538    -98.053 [ 1  1  1]   4  0.165  2.146  1.751
  3   87  Random     [  2  2  4  8]   -98.801   138.524   1.440    -98.801 [ 1  1  1]   9  0.152  2.134  1.771
  3   88  Random     [  2  2  4  8]  -104.095   132.003   1.511 100000.000 [ 1  1  1]  18  0.085  2.388  2.200
  3   89  Random     [  2  2  4  8]  -101.257   138.690   1.438   -101.257 [ 1  1  1]   9  0.159  2.335  1.937
  3   90  Random     [  2  2  4  8]  -101.710   136.421   1.462 100000.000 [ 1  1  1]   9  0.166  2.205  1.796
  3   91 keptBest    [  2  2  4  8]  -104.108   130.824   1.525 100000.000 [ 1  1  1]  18  0.085  2.368  2.183
  3   92 keptBest    [  2  2  4  8]  -102.799   126.046   1.582   -102.799 [ 1  1  1]   9  0.160  2.140  1.759
  3   93  Rotate     [  2  2  4  8]  -102.798   126.031   1.583 100000.000 [ 1  1  1]   9  0.160  2.138  1.757
  3   94  Rotate     [  2  2  4  8]   -99.251   123.651   1.613 100000.000 [ 1  1  1]  31  0.167  2.811  2.249
  3   95  Rotate     [  2  2  4  8]  -102.799   126.045   1.582 100000.000 [ 1  1  1]   9  0.160  2.140  1.759
  3   96 softmutate  [  2  2  4  8]  -101.710   136.421   1.462 100000.000 [ 1  1  1]   9  0.166  2.205  1.797
  3   97 softmutate  [  2  2  4  8]   -99.927   131.710   1.514    -99.927 [ 1  1  1]   7  0.155  2.195  1.816
  3   98 softmutate  [  2  2  4  8]  -101.710   136.421   1.462 100000.000 [ 1  1  1]   9  0.166  2.205  1.797
  3   99 keptBest    [  2  2  4  8]  -101.710   136.405   1.462 100000.000 [ 1  1  1]   9  0.166  2.206  1.798
  3  100 keptBest    [  2  2  4  8]  -101.257   138.686   1.438 100000.000 [ 1  1  1]   9  0.159  2.335  1.937
  3  101 keptBest    [  2  2  4  8]  -100.963   127.831   1.560 100000.000 [ 1  1  1]   5  0.139  2.223  1.897
  4  102  Heredity   [  2  2  4  8]  -100.965   127.819   1.560   -100.965 [ 1  1  1]   5  0.138  2.220  1.894
  4  103  Heredity   [  2  2  4  8]   -99.927   131.790   1.513 100000.000 [ 1  1  1]   7  0.156  2.186  1.808
  4  104  Heredity   [  2  2  4  8]  -104.108   130.957   1.523 100000.000 [ 1  1  1]  18  0.085  2.366  2.184
  4  105  Heredity   [  2  2  4  8]  -104.107   131.373   1.518 100000.000 [ 1  1  1]  18  0.083  2.391  2.213
  4  106  Heredity   [  2  2  4  8]   -99.214   131.247   1.520    -99.214 [ 1  1  1]   9  0.140  2.208  1.905
  4  107  Heredity   [  2  2  4  8]  -101.710   136.402   1.462   -101.710 [ 1  1  1]   9  0.166  2.206  1.797
  4  108  Heredity   [  2  2  4  8]  -102.799   126.047   1.582 100000.000 [ 1  1  1]   9  0.160  2.139  1.759
  4  109  Heredity   [  2  2  4  8]  -104.108   130.845   1.524 100000.000 [ 1  1  1]  18  0.085  2.368  2.183
  4  110  Heredity   [  2  2  4  8]  -101.710   136.411   1.462 100000.000 [ 1  1  1]   9  0.166  2.206  1.797
  4  111  Heredity   [  2  2  4  8]   -99.987   130.429   1.529    -99.987 [ 1  1  1]   9  0.154  2.162  1.797
  4  112  Heredity   [  2  2  4  8]  -104.103   131.575   1.516 100000.000 [ 1  1  1]  18  0.083  2.369  2.189
  4  113  Heredity   [  2  2  4  8]  -104.109   130.920   1.523   -104.109 [ 1  1  1]  18  0.085  2.367  2.184
  4  114  Heredity   [  2  2  4  8]  -104.108   131.124   1.521 100000.000 [ 1  1  1]  18  0.084  2.371  2.192
  4  115  Random     [  2  2  4  8]  -104.108   130.826   1.525 100000.000 [ 1  1  1]  18  0.085  2.367  2.183
  4  116  Random     [  2  2  4  8]  -101.257   138.691   1.438   -101.257 [ 1  1  1]   9  0.159  2.335  1.937
  4  117  Random     [  2  2  4  8]  -101.710   136.400   1.462 100000.000 [ 1  1  1]   9  0.166  2.206  1.797
  4  118  Random     [  2  2  4  8]   -98.053   129.659   1.538    -98.053 [ 1  1  1]   4  0.165  2.146  1.751
  4  119  Random     [  2  2  4  8]  -104.106   130.916   1.523 100000.000 [ 1  1  1]  18  0.085  2.367  2.184
  4  120  Random     [  2  2  4  8]  -101.710   136.412   1.462 100000.000 [ 1  1  1]   9  0.166  2.206  1.798
  4  121  Random     [  2  2  4  8]   -95.363   138.323   1.442    -95.363 [ 1  1  1]   8  0.211  2.259  1.799
  4  122  Random     [  2  2  4  8]   -99.251   123.649   1.613    -99.251 [ 1  1  1]  31  0.167  2.811  2.249
  4  123  Rotate     [  2  2  4  8]  -100.965   127.896   1.559 100000.000 [ 1  1  1]   5  0.138  2.220  1.896
  4  124  Rotate     [  2  2  4  8]  -100.892   123.892   1.610   -100.892 [ 1  1  1]  43  0.074  2.390  2.259
  4  125  Rotate     [  2  2  4  8]  -101.257   138.689   1.438 100000.000 [ 1  1  1]   9  0.159  2.335  1.937
  4  126 keptBest    [  2  2  4  8]  -104.108   130.779   1.525 100000.000 [ 1  1  1]  18  0.085  2.370  2.184
  4  127 keptBest    [  2  2  4  8]  -102.799   126.045   1.582   -102.799 [ 1  1  1]   9  0.160  2.140  1.759
  4  128 keptBest    [  2  2  4  8]  -101.710   136.420   1.462 100000.000 [ 1  1  1]   9  0.166  2.205  1.797
  4  129  Rotate     [  2  2  4  8]  -101.257   138.693   1.438 100000.000 [ 1  1  1]   9  0.159  2.334  1.936
  4  130 softmutate  [  2  2  4  8]  -101.710   136.409   1.462 100000.000 [ 1  1  1]   9  0.166  2.206  1.797
  4  131 softmutate  [  2  2  4  8]  -100.892   123.893   1.610 100000.000 [ 1  1  1]  43  0.074  2.390  2.259
  4  132 softmutate  [  2  2  4  8]   -99.930   131.700   1.514    -99.930 [ 1  1  1]   7  0.155  2.197  1.815
  4  133 softmutate  [  2  2  4  8]  -102.799   126.081   1.582 100000.000 [ 1  1  1]   9  0.160  2.140  1.761
  4  134 keptBest    [  2  2  4  8]  -101.257   138.696   1.438 100000.000 [ 1  1  1]   9  0.159  2.332  1.934
  4  135 keptBest    [  2  2  4  8]  -100.965   127.822   1.560 100000.000 [ 1  1  1]   5  0.138  2.220  1.894
  5  136  Heredity   [  2  2  4  8]  -104.109   130.987   1.523 100000.000 [ 1  1  1]  18  0.085  2.366  2.184
  5  137  Heredity   [  2  2  4  8]  -101.680   136.493   1.461 100000.000 [ 1  1  1]   9  0.167  2.202  1.791
  5  138  Heredity   [  2  2  4  8]  -100.891   123.891   1.610 100000.000 [ 1  1  1]  43  0.074  2.390  2.259
  5  139  Heredity   [  2  2  4  8]   -99.929   131.709   1.514 100000.000 [ 1  1  1]   7  0.155  2.195  1.815
  5  140  Heredity   [  2  2  4  8]   -99.188   131.245   1.520    -99.188 [ 1  1  1]   9  0.140  2.200  1.897
  5  141  Heredity   [  2  2  4  8]   -99.930   131.732   1.514    -99.930 [ 1  1  1]   7  0.155  2.193  1.814
  5  142  Heredity   [  2  2  4  8]  -100.963   127.825   1.560   -100.963 [ 1  1  1]   5  0.139  2.217  1.889
  5  143  Heredity   [  2  2  4  8]   -98.090   129.689   1.538    -98.090 [ 1  1  1]   4  0.157  2.168  1.803
  5  144  Heredity   [  2  2  4  8]   -98.051   129.665   1.538    -98.051 [ 1  1  1]   4  0.165  2.145  1.750
  5  145  Heredity   [  2  2  4  8]   -98.802   143.447   1.390    -98.802 [ 1  1  1]   7  0.166  2.141  1.731
  5  146  Heredity   [  2  2  4  8]   -99.870   131.662   1.515    -99.870 [ 1  1  1]   5  0.193  2.222  1.803
  5  147  Random     [  2  2  4  8]   -98.090   129.683   1.538 100000.000 [ 1  1  1]   4  0.157  2.167  1.803
  5  148  Random     [  2  2  4  8]  -101.710   136.416   1.462   -101.710 [ 1  1  1]   9  0.166  2.205  1.795
  5  149  Random     [  2  2  4  8]   -99.929   131.731   1.514 100000.000 [ 1  1  1]   7  0.155  2.192  1.813
  5  150  Random     [  2  2  4  8]  -104.108   131.093   1.521 100000.000 [ 1  1  1]  18  0.084  2.368  2.188
  5  151  Random     [  2  2  4  8]  -104.107   130.996   1.523 100000.000 [ 1  1  1]  18  0.084  2.364  2.181
  5  152  Random     [  2  2  4  8]  -101.710   136.403   1.462 100000.000 [ 1  1  1]   9  0.166  2.206  1.798
  5  153  Random     [  2  2  4  8]   -99.964   130.662   1.526    -99.964 [ 1  1  1]   9  0.156  2.163  1.793
  5  154  Random     [  2  2  4  8]  -104.068   133.504   1.494   -104.068 [ 1  1  1]  18  0.095  2.334  2.127
  5  155  Random     [  2  2  4  8]  -101.710   136.415   1.462 100000.000 [ 1  1  1]   9  0.166  2.206  1.797
  5  156  Random     [  2  2  4  8]  -104.090   132.710   1.503   -104.090 [ 1  1  1]  18  0.087  2.386  2.177
  5  157  Rotate     [  2  2  4  8]  -100.957   127.842   1.560 100000.000 [ 1  1  1]   5  0.139  2.214  1.886
  5  158  Rotate     [  2  2  4  8]  -101.257   138.704   1.438   -101.257 [ 1  1  1]   9  0.159  2.332  1.934
  5  159  Rotate     [  2  2  4  8]  -102.799   126.091   1.582 100000.000 [ 1  1  1]   9  0.160  2.141  1.761
  5  160 keptBest    [  2  2  4  8]  -104.109   130.926   1.523   -104.109 [ 1  1  1]  18  0.085  2.367  2.184
  5  161  Rotate     [  2  2  4  8]   -99.251   123.645   1.613    -99.251 [ 1  1  1]  31  0.167  2.811  2.249
  5  162 softmutate  [  2  2  4  8]  -104.106   131.236   1.520 100000.000 [ 1  1  1]  18  0.083  2.385  2.208
  5  163 softmutate  [  2  2  4  8]  -100.892   123.914   1.610   -100.892 [ 1  1  1]  43  0.074  2.388  2.257
  5  164 softmutate  [  2  2  4  8]  -104.109   130.789   1.525 100000.000 [ 1  1  1]  18  0.085  2.368  2.183
  5  165 softmutate  [  2  2  4  8]  -101.257   138.690   1.438 100000.000 [ 1  1  1]   9  0.159  2.334  1.937
  5  166 softmutate  [  2  2  4  8]  -104.109   130.987   1.523 100000.000 [ 1  1  1]  18  0.085  2.367  2.185
  5  167 keptBest    [  2  2  4  8]  -102.799   126.045   1.582   -102.799 [ 1  1  1]   9  0.160  2.140  1.759
  5  168 keptBest    [  2  2  4  8]  -101.710   136.419   1.462 100000.000 [ 1  1  1]   9  0.166  2.206  1.798
  5  169 keptBest    [  2  2  4  8]  -101.257   138.686   1.438 100000.000 [ 1  1  1]   9  0.159  2.335  1.938
  5  170 keptBest    [  2  2  4  8]  -100.954   127.888   1.560 100000.000 [ 1  1  1]   5  0.137  2.249  1.931
  6  171  Heredity   [  2  2  4  8]  -101.710   136.395   1.462   -101.710 [ 1  1  1]   9  0.166  2.206  1.798
  6  172  Heredity   [  2  2  4  8]  -104.104   130.710   1.526 100000.000 [ 1  1  1]  18  0.086  2.366  2.177
  6  173  Heredity   [  2  2  4  8]   -96.489   131.536   1.516    -96.489 [ 1  1  1]  44  0.065  3.097  2.949
  6  174  Heredity   [  2  2  4  8]  -104.100   131.242   1.520 100000.000 [ 1  1  1]  18  0.083  2.385  2.208
  6  175  Heredity   [  2  2  4  8]  -100.955   127.792   1.561   -100.955 [ 1  1  1]   5  0.138  2.219  1.893
  6  176  Heredity   [  2  2  4  8]   -99.927   131.697   1.514 100000.000 [ 1  1  1]   7  0.154  2.198  1.818
  6  177  Heredity   [  2  2  4  8]  -100.892   123.907   1.610   -100.892 [ 1  1  1]  43  0.074  2.389  2.258
  6  178  Heredity   [  2  2  4  8]   -99.929   131.739   1.514 100000.000 [ 1  1  1]   7  0.155  2.194  1.814
  6  179  Heredity   [  2  2  4  8]  -100.651   143.926   1.386 100000.000 [ 1  1  1]   8  0.254  2.392  1.737
  6  180  Heredity   [  2  2  4  8]  -100.945   127.783   1.561 100000.000 [ 1  1  1]   5  0.139  2.219  1.892
  6  181  Heredity   [  2  2  4  8]  -102.799   126.044   1.582 100000.000 [ 1  1  1]   9  0.160  2.140  1.759
  6  182  Heredity   [  2  2  4  8]  -102.785   126.099   1.582 100000.000 [ 1  1  1]   9  0.160  2.138  1.758
  6  183  Heredity   [  2  2  4  8]  -104.107   130.916   1.523 100000.000 [ 1  1  1]  18  0.085  2.367  2.184
  6  184  Random     [  2  2  4  8]  -104.053   134.527   1.483   -104.053 [ 1  1  1] 113  0.085  2.919  2.666
  6  185  Random     [  2  2  4  8]  -104.101   131.897   1.512   -104.101 [ 1  1  1]  18  0.084  2.385  2.202
  6  186  Random     [  2  2  4  8]   -98.090   129.685   1.538    -98.090 [ 1  1  1]   4  0.157  2.167  1.803
  6  187  Random     [  2  2  4  8]  -101.710   136.404   1.462 100000.000 [ 1  1  1]   9  0.166  2.206  1.798
  6  188  Random     [  2  2  4  8]   -99.513   144.877   1.377    -99.513 [ 1  1  1]  40  0.070  2.513  2.366
  6  189  Random     [  2  2  4  8]  -101.257   138.689   1.438   -101.257 [ 1  1  1]   9  0.159  2.335  1.937
  6  190  Random     [  2  2  4  8]   -99.405   136.015   1.466    -99.405 [ 1  1  1]   1  0.253  2.106  1.520
  6  191  Random     [  2  2  4  8]  -100.668   143.803   1.387   -100.668 [ 1  1  1]   8  0.251  2.431  1.771
  6  192  Random     [  2  2  4  8]   -98.049   129.735   1.537    -98.049 [ 1  1  1]   4  0.165  2.148  1.751
  6  193  Rotate     [  2  2  4  8]  -104.108   130.798   1.525 100000.000 [ 1  1  1]  18  0.085  2.368  2.183
  6  194 keptBest    [  2  2  4  8]  -104.109   131.004   1.522 100000.000 [ 1  1  1]  18  0.085  2.366  2.184
  6  195 keptBest    [  2  2  4  8]  -104.087   132.747   1.502   -104.087 [ 1  1  1]  18  0.089  2.389  2.180
  6  196  Rotate     [  2  2  4  8]  -100.921   127.641   1.563 100000.000 [ 1  1  1]   5  0.157  2.174  1.808
  6  197 keptBest    [  2  2  4  8]  -102.799   126.049   1.582   -102.799 [ 1  1  1]   9  0.160  2.140  1.759
  6  198  Rotate     [  2  2  4  8]  -104.109   130.845   1.524   -104.109 [ 1  1  1]  18  0.085  2.368  2.183
  6  199 softmutate  [  2  2  4  8]  -101.710   136.409   1.462 100000.000 [ 1  1  1]   9  0.166  2.205  1.797
  6  200 softmutate  [  2  2  4  8]  -104.098   130.974   1.523 100000.000 [ 1  1  1]  18  0.090  2.359  2.165
  6  201 softmutate  [  2  2  4  8]   -99.930   131.887   1.512    -99.930 [ 1  1  1]   7  0.155  2.195  1.813
  6  202 keptBest    [  2  2  4  8]  -101.710   136.422   1.462 100000.000 [ 1  1  1]   9  0.166  2.207  1.799
  6  203 keptBest    [  2  2  4  8]  -101.257   138.699   1.438 100000.000 [ 1  1  1]   9  0.159  2.332  1.934
  7  204  Heredity   [  2  2  4  8]   -99.405   136.021   1.466    -99.405 [ 1  1  1]   1  0.253  2.105  1.520
  7  205  Heredity   [  2  2  4  8]  -104.098   130.059   1.534   -104.098 [ 1  1  1]  18  0.088  2.436  2.232
  7  206  Heredity   [  2  2  4  8]  -100.956   127.783   1.561 100000.000 [ 1  1  1]   5  0.139  2.215  1.887
  7  207  Heredity   [  2  2  4  8]  -104.088   132.764   1.502   -104.088 [ 1  1  1]  18  0.087  2.396  2.190
  7  208  Heredity   [  2  2  4  8]  -104.107   130.850   1.524 100000.000 [ 1  1  1]  18  0.085  2.368  2.183
  7  209  Heredity   [  2  2  4  8]  -100.892   123.892   1.610   -100.892 [ 1  1  1]  43  0.075  2.383  2.250
  7  210  Heredity   [  2  2  4  8]   -99.512   144.658   1.379    -99.512 [ 1  1  1]  40  0.067  2.513  2.375
  7  211  Heredity   [  2  2  4  8]  -104.108   130.792   1.525 100000.000 [ 1  1  1]  18  0.085  2.368  2.182
  7  212  Heredity   [  2  2  4  8]  -101.710   136.401   1.462   -101.710 [ 1  1  1]   9  0.166  2.206  1.798
  7  213  Random     [  2  2  4  8]   -99.929   131.849   1.513    -99.929 [ 1  1  1]   7  0.155  2.191  1.811
  7  214  Random     [  2  2  4  8]   -99.928   131.725   1.514 100000.000 [ 1  1  1]   7  0.155  2.193  1.814
  7  215  Random     [  2  2  4  8]  -100.739   122.487   1.628   -100.739 [ 1  1  1]  15  0.077  2.391  2.219
  7  216  Random     [  2  2  4  8]   -96.471   131.554   1.516    -96.471 [ 1  1  1]  44  0.068  3.037  2.882
  7  217  Random     [  2  2  4  8]   -99.757   156.141   1.277    -99.757 [ 1  1  1]   9  0.158  2.295  1.876
  7  218  Random     [  2  2  4  8]  -101.710   136.407   1.462 100000.000 [ 1  1  1]   9  0.166  2.206  1.798
  7  219  Random     [  2  2  4  8]  -100.955   127.806   1.561 100000.000 [ 1  1  1]   5  0.138  2.220  1.894
  7  220  Random     [  2  2  4  8]   -99.987   130.373   1.530    -99.987 [ 1  1  1]   9  0.154  2.162  1.797
  7  221  Random     [  2  2  4  8]  -101.710   136.416   1.462 100000.000 [ 1  1  1]   9  0.166  2.206  1.798
  7  222  Random     [  2  2  4  8]  -102.795   126.030   1.583 100000.000 [ 1  1  1]   9  0.160  2.139  1.758
  7  223  Random     [  2  2  4  8]  -100.959   127.931   1.559   -100.959 [ 1  1  1]   5  0.139  2.216  1.891
  7  224  Random     [  2  2  4  8]   -95.729   140.125   1.423    -95.729 [ 1  1  1]   1  0.085  2.375  2.173
  7  225  Random     [  2  2  4  8]  -104.101   131.015   1.522 100000.000 [ 1  1  1]  18  0.085  2.365  2.183
  7  226  Random     [  2  2  4  8]  -100.643   143.908   1.386   -100.643 [ 1  1  1]   8  0.252  2.425  1.765
  7  227  Rotate     [  2  2  4  8]  -102.798   126.032   1.583 100000.000 [ 1  1  1]   9  0.160  2.140  1.759
  7  228 keptBest    [  2  2  4  8]  -104.109   131.009   1.522   -104.109 [ 1  1  1]  18  0.084  2.367  2.185
  7  229 keptBest    [  2  2  4  8]  -104.053   134.530   1.483   -104.053 [ 1  1  1] 113  0.085  2.918  2.665
  7  230 keptBest    [  2  2  4  8]  -102.799   126.046   1.582   -102.799 [ 1  1  1]   9  0.160  2.140  1.759
  7  231  Rotate     [  2  2  4  8]  -104.108   131.024   1.522 100000.000 [ 1  1  1]  18  0.085  2.367  2.185
  7  232  Rotate     [  2  2  4  8]  -102.799   126.052   1.582 100000.000 [ 1  1  1]   9  0.160  2.140  1.759
  7  233 softmutate  [  2  2  4  8]  -101.710   136.413   1.462 100000.000 [ 1  1  1]   9  0.166  2.206  1.797
  7  234 softmutate  [  2  2  4  8]  -104.095   131.966   1.511   -104.095 [ 1  1  1]  18  0.086  2.388  2.196
  7  235 softmutate  [  2  2  4  8]  -102.799   126.051   1.582 100000.000 [ 1  1  1]   9  0.160  2.140  1.759
  7  236 keptBest    [  2  2  4  8]  -101.710   136.417   1.462 100000.000 [ 1  1  1]   9  0.166  2.206  1.797
  7  237 keptBest    [  2  2  4  8]  -101.257   138.698   1.438   -101.257 [ 1  1  1]   9  0.159  2.332  1.934
  8  238  Heredity   [  2  2  4  8]  -104.053   134.514   1.483   -104.053 [ 1  1  1] 113  0.085  2.879  2.629
  8  239  Heredity   [  2  2  4  8]  -100.889   123.881   1.610   -100.889 [ 1  1  1]  43  0.073  2.391  2.260
  8  240  Heredity   [  2  2  4  8]  -100.942   127.825   1.560   -100.942 [ 1  1  1]   5  0.143  2.188  1.850
  8  241  Heredity   [  2  2  4  8]  -104.109   130.799   1.525   -104.109 [ 1  1  1]  18  0.085  2.368  2.183
  8  242  Heredity   [  2  2  4  8]  -104.108   130.790   1.525 100000.000 [ 1  1  1]  18  0.085  2.367  2.181
  8  243  Heredity   [  2  2  4  8]   -99.987   130.433   1.529    -99.987 [ 1  1  1]   9  0.154  2.163  1.797
  8  244  Heredity   [  2  2  4  8]  -101.710   136.412   1.462   -101.710 [ 1  1  1]   9  0.166  2.206  1.798
  8  245  Heredity   [  2  2  4  8]  -104.106   131.096   1.521 100000.000 [ 1  1  1]  18  0.084  2.368  2.187
  8  246  Heredity   [  2  2  4  8]  -100.737   122.581   1.627   -100.737 [ 1  1  1]  15  0.092  2.353  2.148
  8  247  Heredity   [  2  2  4  8]  -104.094   132.451   1.506 100000.000 [ 1  1  1]  18  0.085  2.392  2.195
  8  248  Random     [  2  2  4  8]  -104.060   134.195   1.486   -104.060 [ 1  1  1]  18  0.083  2.417  2.238
  8  249  Random     [  2  2  4  8]   -95.729   140.133   1.423    -95.729 [ 1  1  1]  36  0.085  2.381  2.179
  8  250  Random     [  2  2  4  8]   -98.090   129.692   1.538    -98.090 [ 1  1  1]   4  0.157  2.167  1.803
  8  251  Random     [  2  2  4  8]  -100.668   143.796   1.387   -100.668 [ 1  1  1]   8  0.251  2.433  1.772
  8  252  Random     [  2  2  4  8]  -100.668   143.804   1.387 100000.000 [ 1  1  1]   8  0.250  2.412  1.765
  8  253  Random     [  2  2  4  8]   -99.987   130.421   1.529 100000.000 [ 1  1  1]   9  0.154  2.162  1.797
  8  254  Random     [  2  2  4  8]  -101.257   138.689   1.438   -101.257 [ 1  1  1]   9  0.159  2.335  1.937
  8  255  Random     [  2  2  4  8]  -104.107   130.842   1.524 100000.000 [ 1  1  1]  18  0.085  2.368  2.183
  8  256  Random     [  2  2  4  8]  -104.104   131.521   1.516 100000.000 [ 1  1  1]  18  0.084  2.372  2.191
  8  257  Random     [  2  2  4  8]   -95.728   140.118   1.423 100000.000 [ 1  1  1]  36  0.087  2.379  2.174
  8  258  Random     [  2  2  4  8]   -99.405   136.015   1.466    -99.405 [ 1  1  1]   1  0.253  2.106  1.521
  8  259  Random     [  2  2  4  8]   -99.429   150.850   1.322    -99.429 [ 1  1  1]   1  0.223  2.241  1.709
  8  260  Random     [  2  2  4  8]   -98.090   129.736   1.537 100000.000 [ 1  1  1]   4  0.157  2.168  1.804
  8  261 keptBest    [  2  2  4  8]  -104.107   131.384   1.518 100000.000 [ 1  1  1]  18  0.083  2.391  2.213
  8  262 keptBest    [  2  2  4  8]  -104.053   134.527   1.483 100000.000 [ 1  1  1] 113  0.085  2.918  2.665
  8  263  Rotate     [  2  2  4  8]  -104.105   131.524   1.516 100000.000 [ 1  1  1]  18  0.083  2.381  2.203
  8  264  Rotate     [  2  2  4  8]  -101.257   138.691   1.438 100000.000 [ 1  1  1]   9  0.159  2.335  1.937
  8  265 keptBest    [  2  2  4  8]  -102.799   126.046   1.582   -102.799 [ 1  1  1]   9  0.160  2.140  1.759
  8  266 softmutate  [  2  2  4  8]  -104.100   131.943   1.512   -104.100 [ 1  1  1]  18  0.085  2.387  2.201
  8  267 softmutate  [  2  2  4  8]  -101.257   138.707   1.438 100000.000 [ 1  1  1]   9  0.159  2.331  1.933
  8  268 softmutate  [  2  2  4  8]  -104.099   131.536   1.516 100000.000 [ 1  1  1]  18  0.083  2.374  2.195
  8  269 keptBest    [  2  2  4  8]  -101.710   136.420   1.462 100000.000 [ 1  1  1]   9  0.166  2.207  1.798
  8  270 keptBest    [  2  2  4  8]  -101.257   138.691   1.438 100000.000 [ 1  1  1]   9  0.159  2.334  1.936
  9  271  Heredity   [  2  2  4  8]   -99.212   131.192   1.520    -99.212 [ 1  1  1]   9  0.141  2.205  1.897
  9  272  Heredity   [  2  2  4  8]  -101.710   136.420   1.462   -101.710 [ 1  1  1]   9  0.166  2.205  1.796
  9  273  Heredity   [  2  2  4  8]  -104.099   131.377   1.518 100000.000 [ 1  1  1]  18  0.083  2.389  2.211
  9  274  Heredity   [  2  2  4  8]  -104.108   131.025   1.522 100000.000 [ 1  1  1]  18  0.085  2.368  2.185
  9  275  Heredity   [  2  2  4  8]  -100.668   143.809   1.387   -100.668 [ 1  1  1]   8  0.251  2.432  1.771
  9  276  Heredity   [  2  2  4  8]  -101.710   136.405   1.462 100000.000 [ 1  1  1]   9  0.166  2.206  1.798
  9  277  Heredity   [  2  2  4  8]  -104.101   131.966   1.511   -104.101 [ 1  1  1]  18  0.085  2.389  2.205
  9  278  Heredity   [  2  2  4  8]  -104.108   130.791   1.525 100000.000 [ 1  1  1]  18  0.085  2.368  2.182
  9  279  Heredity   [  2  2  4  8]  -104.098   131.592   1.516 100000.000 [ 1  1  1]  18  0.083  2.373  2.194
  9  280  Heredity   [  2  2  4  8]  -100.957   127.987   1.558 100000.000 [ 1  1  1]   5  0.143  2.203  1.865
  9  281  Random     [  2  2  4  8]  -101.710   136.407   1.462 100000.000 [ 1  1  1]   9  0.166  2.206  1.798
  9  282  Random     [  2  2  4  8]   -99.987   130.440   1.529    -99.987 [ 1  1  1]   9  0.154  2.162  1.797
  9  283  Random     [  2  2  4  8]   -99.756   156.067   1.278    -99.756 [ 1  1  1]   9  0.159  2.300  1.879
  9  284  Random     [  2  2  4  8]  -104.107   130.803   1.525 100000.000 [ 1  1  1]  18  0.086  2.371  2.184
  9  285  Random     [  2  2  4  8]  -101.257   138.690   1.438   -101.257 [ 1  1  1]   9  0.159  2.335  1.937
  9  286  Random     [  2  2  4  8]  -100.938   128.143   1.556 100000.000 [ 1  1  1]   5  0.145  2.210  1.874
  9  287  Random     [  2  2  4  8]  -104.105   130.907   1.524 100000.000 [ 1  1  1]  18  0.085  2.367  2.184
  9  288  Random     [  2  2  4  8]   -99.928   131.756   1.514    -99.928 [ 1  1  1]   7  0.155  2.192  1.812
  9  289  Random     [  2  2  4  8]   -98.090   129.679   1.538    -98.090 [ 1  1  1]   4  0.157  2.167  1.802
  9  290  Random     [  2  2  4  8]  -100.938   127.815   1.560 100000.000 [ 1  1  1]   5  0.138  2.219  1.896
  9  291  Random     [  2  2  4  8]   -99.405   136.002   1.467    -99.405 [ 1  1  1]   1  0.253  2.105  1.521
  9  292  Random     [  2  2  4  8]  -100.964   127.838   1.560   -100.964 [ 1  1  1]   5  0.139  2.212  1.887
  9  293  Random     [  2  2  4  8]  -101.710   136.416   1.462 100000.000 [ 1  1  1]   9  0.166  2.206  1.797
  9  294  Rotate     [  2  2  4  8]  -104.109   130.856   1.524   -104.109 [ 1  1  1]  18  0.085  2.368  2.183
  9  295 keptBest    [  2  2  4  8]  -104.109   130.908   1.524 100000.000 [ 1  1  1]  18  0.085  2.367  2.184
  9  296  Rotate     [  2  2  4  8]   -96.489   131.536   1.516    -96.489 [ 1  1  1]  44  0.065  3.097  2.949
  9  297  Rotate     [  2  2  4  8]  -100.892   123.930   1.609   -100.892 [ 1  1  1]  43  0.073  2.391  2.261
  9  298  Rotate     [  2  2  4  8]   -99.876   131.679   1.515    -99.876 [ 1  1  1]   5  0.191  2.231  1.818
  9  299 softmutate  [  2  2  4  8]  -101.710   136.412   1.462 100000.000 [ 1  1  1]   9  0.166  2.206  1.798
  9  300 softmutate  [  2  2  4  8]  -104.103   131.383   1.518 100000.000 [ 1  1  1]  18  0.083  2.392  2.213
  9  301 softmutate  [  2  2  4  8]  -100.737   122.529   1.628   -100.737 [ 1  1  1]  15  0.095  2.348  2.137
  9  302 softmutate  [  2  2  4  8]   -99.987   130.429   1.529 100000.000 [ 1  1  1]   9  0.154  2.163  1.797
  9  303 keptBest    [  2  2  4  8]  -104.105   130.849   1.524 100000.000 [ 1  1  1]  18  0.085  2.368  2.183
  9  304 keptBest    [  2  2  4  8]  -102.799   126.054   1.582   -102.799 [ 1  1  1]   9  0.160  2.141  1.760
  9  305 keptBest    [  2  2  4  8]  -101.710   136.403   1.462 100000.000 [ 1  1  1]   9  0.166  2.206  1.797
  9  306 keptBest    [  2  2  4  8]  -101.257   138.692   1.438 100000.000 [ 1  1  1]   9  0.159  2.334  1.937
 10  307  Heredity   [  2  2  4  8]  -104.102   130.673   1.526 100000.000 [ 1  1  1]  18  0.086  2.373  2.185
 10  308  Heredity   [  2  2  4  8]  -104.109   130.843   1.524 100000.000 [ 1  1  1]  18  0.085  2.368  2.183
 10  309  Heredity   [  2  2  4  8]  -104.109   130.833   1.524 100000.000 [ 1  1  1]  18  0.085  2.368  2.183
 10  310  Heredity   [  2  2  4  8]  -104.109   130.849   1.524 100000.000 [ 1  1  1]  18  0.085  2.368  2.183
 10  311  Heredity   [  2  2  4  8]  -104.108   130.932   1.523 100000.000 [ 1  1  1]  18  0.084  2.366  2.184
 10  312  Heredity   [  2  2  4  8]  -102.799   126.067   1.582 100000.000 [ 1  1  1]   9  0.161  2.139  1.757
 10  313  Heredity   [  2  2  4  8]  -104.106   130.787   1.525 100000.000 [ 1  1  1]  18  0.085  2.368  2.183
 10  314  Heredity   [  2  2  4  8]  -102.798   126.029   1.583 100000.000 [ 1  1  1]   9  0.160  2.139  1.758
 10  315  Heredity   [  2  2  4  8]   -98.090   129.670   1.538    -98.090 [ 1  1  1]   4  0.157  2.168  1.803
 10  316  Heredity   [  2  2  4  8]  -101.710   136.415   1.462   -101.710 [ 1  1  1]   9  0.166  2.205  1.797
 10  317  Random     [  2  2  4  8]  -104.108   130.840   1.524 100000.000 [ 1  1  1]  18  0.085  2.368  2.183
 10  318  Random     [  2  2  4  8]  -104.108   130.793   1.525 100000.000 [ 1  1  1]  18  0.085  2.369  2.183
 10  319  Random     [  2  2  4  8]  -101.710   136.409   1.462 100000.000 [ 1  1  1]   9  0.166  2.206  1.798
 10  320  Random     [  2  2  4  8]  -100.964   127.798   1.561   -100.964 [ 1  1  1]   5  0.139  2.214  1.889
 10  321  Random     [  2  2  4  8]   -99.251   123.646   1.613    -99.251 [ 1  1  1]  31  0.167  2.811  2.249
 10  322  Random     [  2  2  4  8]  -104.108   130.815   1.525 100000.000 [ 1  1  1]  18  0.085  2.368  2.183
 10  323  Random     [  2  2  4  8]  -101.710   136.416   1.462 100000.000 [ 1  1  1]   9  0.166  2.205  1.797
 10  324  Random     [  2  2  4  8]   -99.402   136.022   1.466    -99.402 [ 1  1  1]   1  0.253  2.107  1.521
 10  325  Random     [  2  2  4  8]   -99.757   156.132   1.277    -99.757 [ 1  1  1]   9  0.158  2.293  1.875
 10  326  Rotate     [  2  2  4  8]  -100.886   123.875   1.610 100000.000 [ 1  1  1]  43  0.073  2.392  2.261
 10  327  Rotate     [  2  2  4  8]  -100.892   123.891   1.610   -100.892 [ 1  1  1]  43  0.073  2.391  2.261
 10  328  Rotate     [  2  2  4  8]  -101.710   136.421   1.462 100000.000 [ 1  1  1]   9  0.166  2.206  1.798
 10  329  Rotate     [  2  2  4  8]  -101.710   136.411   1.462 100000.000 [ 1  1  1]   9  0.166  2.205  1.797
 10  330  Rotate     [  2  2  4  8]  -100.740   122.494   1.628   -100.740 [ 1  1  1]  15  0.078  2.387  2.214
 10  331 keptBest    [  2  2  4  8]  -104.109   130.813   1.525   -104.109 [ 1  1  1]  18  0.085  2.368  2.183
 10  332  Rotate     [  2  2  4  8]  -102.799   126.043   1.582   -102.799 [ 1  1  1]   9  0.160  2.140  1.759
 10  333  Rotate     [  2  2  4  8]  -101.710   136.413   1.462 100000.000 [ 1  1  1]   9  0.166  2.206  1.797
 10  334  Rotate     [  2  2  4  8]  -104.106   131.296   1.519 100000.000 [ 1  1  1]  18  0.083  2.386  2.208
 10  335 softmutate  [  2  2  4  8]  -101.710   136.407   1.462 100000.000 [ 1  1  1]   9  0.166  2.206  1.798
 10  336 softmutate  [  2  2  4  8]  -104.105   131.299   1.519 100000.000 [ 1  1  1]  18  0.084  2.382  2.204
 10  337 softmutate  [  2  2  4  8]  -101.257   138.696   1.438   -101.257 [ 1  1  1]   9  0.159  2.334  1.936
 10  338 softmutate  [  2  2  4  8]  -101.710   136.407   1.462 100000.000 [ 1  1  1]   9  0.166  2.206  1.798
 10  339 keptBest    [  2  2  4  8]  -102.799   126.045   1.582 100000.000 [ 1  1  1]   9  0.160  2.140  1.759
 10  340 keptBest    [  2  2  4  8]  -101.710   136.411   1.462 100000.000 [ 1  1  1]   9  0.166  2.206  1.798
 10  341 keptBest    [  2  2  4  8]  -101.256   138.762   1.437 100000.000 [ 1  1  1]   9  0.159  2.323  1.924
 10  342 keptBest    [  2  2  4  8]  -100.963   127.852   1.560 100000.000 [ 1  1  1]   5  0.139  2.211  1.885
