 ID    Origin    Enthalpy   Parent-E   Parent-ID
   1   Random      -6.357    -6.357  [         0]
   2   Random      -6.249    -6.249  [         0]
   3   Random      -6.245    -6.245  [         0]
   4   Random      -6.244    -6.244  [         0]
   5   Random      -6.245    -6.245  [         0]
   6   Random      -6.507    -6.507  [         0]
   7   Random      -6.128    -6.128  [         0]
   8   Random      -6.203    -6.203  [         0]
   9   Random      -6.506    -6.506  [         0]
  10   Random      -6.506    -6.506  [         0]
  11   Random      -6.357    -6.357  [         0]
  12   Random      -6.246    -6.246  [         0]
  13   Random      -6.203    -6.203  [         0]
  14   Random      -6.507    -6.507  [         0]
  15   Random      -6.125    -6.125  [         0]
  16   Random      -6.310    -6.310  [         0]
  17   Random      -6.202    -6.202  [         0]
  18   Random      -6.202    -6.202  [         0]
  19   Random      -6.213    -6.213  [         0]
  20   Random      -6.203    -6.203  [         0]
  21   Random      -6.507    -6.507  [         0]
  22   Random      -6.357    -6.357  [         0]
  23   Random      -6.507    -6.507  [         0]
  24   Random      -6.235    -6.235  [         0]
  25   Random      -6.203    -6.203  [         0]
  26   Random      -5.919    -5.919  [         0]
  27   Random      -6.329    -6.329  [         0]
  28   Random      -6.245    -6.245  [         0]
  29   Random      -6.031    -6.031  [         0]
  30   Random      -6.355    -6.355  [         0]
  31  Heredity     -6.203    -6.253  [     1  13]
  32  Heredity     -6.175    -6.322  [    27  16]
  33  Heredity     -6.292    -6.265  [    27  19]
  34  Heredity     -6.213    -6.251  [    19   1]
  35  Heredity     -6.245    -6.183  [     7  12]
  36  Heredity     -6.213    -6.185  [    15  19]
  37  Heredity     -6.131    -6.221  [      7  1]
  38  Heredity     -6.213    -6.286  [    14  19]
  39  Heredity     -6.310    -6.323  [     1  16]
  40  Heredity     -6.357    -6.308  [     1  12]
  41  Heredity     -6.506    -6.294  [    27  12]
  42  Heredity     -6.202    -6.244  [    27  17]
  43  Heredity     -6.214    -6.314  [    10  17]
  44  Random       -6.507    -6.507  [         0]
  45  Random       -6.425    -6.425  [         0]
  46  Random       -6.506    -6.506  [         0]
  47  Random       -6.507    -6.507  [         0]
  48  Random       -6.031    -6.031  [         0]
  49  Random       -6.357    -6.357  [         0]
  50  Random       -6.291    -6.291  [         0]
  51  Random       -6.357    -6.357  [         0]
  52  Random       -6.246    -6.246  [         0]
  53  Random       -6.357    -6.357  [         0]
  54  Random       -6.249    -6.249  [         0]
  55  Rotate       -6.235    -6.235  [        24]
  56  Rotate       -6.235    -6.235  [        24]
  57  Rotate       -6.128    -6.128  [         7]
  58 softmutate    -6.235    -6.235  [        24]
  59 softmutate    -6.128    -6.128  [         7]
  60 softmutate    -6.246    -6.246  [        12]
  61 softmutate    -6.507    -6.507  [        14]
  62 softmutate    -6.507    -6.507  [        14]
  63 keptBest      -6.507    -6.507  [        14]
  64 keptBest      -6.357    -6.357  [         1]
  65 keptBest      -6.329    -6.329  [        27]
  66 keptBest      -6.309    -6.310  [        16]
  67 keptBest      -6.249    -6.249  [         2]
  68  Heredity     -6.310    -6.280  [    54  39]
  69  Heredity     -6.175    -6.278  [    65  52]
  70  Heredity     -6.203    -6.450  [    65  62]
  71  Heredity     -6.310    -6.320  [    39  65]
  72  Heredity     -6.507    -6.464  [    62  40]
  73  Heredity     -6.306    -6.377  [    45  39]
  74  Heredity     -6.357    -6.400  [    62  40]
  75  Heredity     -6.175    -6.284  [    32  65]
  76  Heredity     -6.357    -6.413  [    62  40]
  77  Heredity     -6.357    -6.319  [    39  65]
  78  Heredity     -6.357    -6.288  [    65  43]
  79  Heredity     -6.425    -6.460  [    45  62]
  80  Heredity     -6.202    -6.347  [    62  42]
  81  Heredity     -6.249    -6.405  [    33  62]
  82  Heredity     -6.203    -6.245  [    40  31]
  83  Heredity     -6.310    -6.267  [    42  39]
  84  Random       -6.203    -6.203  [         0]
  85  Random       -6.506    -6.506  [         0]
  86  Random       -6.128    -6.128  [         0]
  87  Random       -6.175    -6.175  [         0]
  88  Random       -6.506    -6.506  [         0]
  89  Random       -6.329    -6.329  [         0]
  90  Random       -6.357    -6.357  [         0]
  91 keptBest      -6.507    -6.507  [        62]
  92 keptBest      -6.425    -6.425  [        45]
  93  Rotate       -6.425    -6.425  [        45]
  94  Rotate       -6.203    -6.214  [        43]
  95  Rotate       -6.425    -6.425  [        45]
  96 softmutate    -6.357    -6.357  [        40]
  97 softmutate    -6.245    -6.246  [        52]
  98 softmutate    -6.357    -6.357  [        40]
  99 keptBest      -6.357    -6.357  [        40]
 100 keptBest      -6.329    -6.329  [        65]
 101 keptBest      -6.310    -6.310  [        39]
 102  Heredity     -6.310    -6.395  [    83  85]
 103  Heredity     -6.245    -6.474  [    85  92]
 104  Heredity     -6.507    -6.454  [    85  74]
 105  Heredity     -6.507    -6.462  [    74  85]
 106  Heredity     -6.201    -6.374  [    74  92]
 107  Heredity     -6.357    -6.399  [    85  74]
 108  Heredity     -6.425    -6.465  [    92  85]
 109  Heredity     -6.507    -6.460  [    74  72]
 110  Heredity     -6.357    -6.337  [    74  89]
 111  Heredity     -6.249    -6.303  [    89  81]
 112  Heredity     -6.506    -6.507  [    85  72]
 113  Heredity     -6.507    -6.449  [    85  74]
 114  Heredity     -6.507    -6.459  [    92  72]
 115  Random       -6.507    -6.507  [         0]
 116  Random       -6.329    -6.329  [         0]
 117  Random       -6.357    -6.357  [         0]
 118  Random       -6.128    -6.128  [         0]
 119  Random       -6.507    -6.507  [         0]
 120  Random       -6.357    -6.357  [         0]
 121  Random       -5.960    -5.960  [         0]
 122  Random       -6.203    -6.203  [         0]
 123  Rotate       -6.310    -6.310  [        83]
 124  Rotate       -6.306    -6.306  [        73]
 125  Rotate       -6.329    -6.329  [        89]
 126 keptBest      -6.507    -6.507  [        72]
 127 keptBest      -6.425    -6.425  [        92]
 128 keptBest      -6.357    -6.357  [        74]
 129  Rotate       -6.329    -6.329  [        89]
 130 softmutate    -6.357    -6.357  [        74]
 131 softmutate    -6.306    -6.306  [        73]
 132 softmutate    -6.246    -6.245  [        97]
 133 softmutate    -6.425    -6.425  [        92]
 134 keptBest      -6.329    -6.329  [        89]
 135 keptBest      -6.310    -6.310  [        83]
 136  Heredity     -6.507    -6.363  [  113  111]
 137  Heredity     -6.355    -6.417  [  113  102]
 138  Heredity     -6.306    -6.369  [  127  124]
 139  Heredity     -6.246    -6.471  [  113  127]
 140  Heredity     -6.199    -6.286  [  113  106]
 141  Heredity     -6.246    -6.389  [  127  107]
 142  Heredity     -6.310    -6.449  [  124  113]
 143  Heredity     -6.131    -6.362  [  116  127]
 144  Heredity     -6.128    -6.178  [  116  118]
 145  Heredity     -6.175    -6.347  [  116  107]
 146  Heredity     -6.242    -6.321  [  102  116]
 147  Random       -6.131    -6.131  [         0]
 148  Random       -6.357    -6.357  [         0]
 149  Random       -6.246    -6.246  [         0]
 150  Random       -6.507    -6.507  [         0]
 151  Random       -6.507    -6.507  [         0]
 152  Random       -6.357    -6.357  [         0]
 153  Random       -6.248    -6.248  [         0]
 154  Random       -6.504    -6.504  [         0]
 155  Random       -6.357    -6.357  [         0]
 156  Random       -6.506    -6.506  [         0]
 157  Rotate       -6.310    -6.310  [       102]
 158  Rotate       -6.329    -6.329  [       116]
 159  Rotate       -6.425    -6.425  [       127]
 160 keptBest      -6.507    -6.507  [       113]
 161  Rotate       -6.203    -6.203  [       122]
 162 softmutate    -6.507    -6.507  [       113]
 163 softmutate    -6.306    -6.306  [       124]
 164 softmutate    -6.507    -6.507  [       113]
 165 softmutate    -6.329    -6.329  [       116]
 166 softmutate    -6.507    -6.507  [       113]
 167 keptBest      -6.425    -6.425  [       127]
 168 keptBest      -6.357    -6.357  [       107]
 169 keptBest      -6.329    -6.329  [       116]
 170 keptBest      -6.310    -6.310  [       102]
 171  Heredity     -6.357    -6.397  [  148  156]
 172  Heredity     -6.506    -6.456  [  163  160]
 173  Heredity     -6.031    -6.320  [  154  153]
 174  Heredity     -6.506    -6.479  [  167  160]
 175  Heredity     -6.310    -6.422  [  154  142]
 176  Heredity     -6.245    -6.342  [  148  163]
 177  Heredity     -6.306    -6.387  [  156  163]
 178  Heredity     -6.246    -6.335  [  148  163]
 179  Heredity     -6.291    -6.506  [  156  160]
 180  Heredity     -6.309    -6.360  [  142  160]
 181  Heredity     -6.425    -6.342  [  153  167]
 182  Heredity     -6.424    -6.427  [  140  156]
 183  Heredity     -6.507    -6.506  [  156  160]
 184  Random       -6.503    -6.503  [         0]
 185  Random       -6.506    -6.506  [         0]
 186  Random       -6.131    -6.131  [         0]
 187  Random       -6.357    -6.357  [         0]
 188  Random       -6.220    -6.220  [         0]
 189  Random       -6.329    -6.329  [         0]
 190  Random       -6.213    -6.213  [         0]
 191  Random       -6.292    -6.292  [         0]
 192  Random       -6.128    -6.128  [         0]
 193  Rotate       -6.507    -6.504  [       154]
 194 keptBest      -6.507    -6.507  [       160]
 195 keptBest      -6.505    -6.504  [       154]
 196  Rotate       -6.308    -6.310  [       142]
 197 keptBest      -6.425    -6.425  [       167]
 198  Rotate       -6.507    -6.504  [       154]
 199 softmutate    -6.357    -6.357  [       148]
 200 softmutate    -6.506    -6.504  [       154]
 201 softmutate    -6.246    -6.246  [       141]
 202 keptBest      -6.357    -6.357  [       148]
 203 keptBest      -6.329    -6.329  [       158]
 204  Heredity     -6.213    -6.267  [  190  197]
 205  Heredity     -6.506    -6.386  [  188  198]
 206  Heredity     -6.310    -6.505  [  184  185]
 207  Heredity     -6.505    -6.461  [  197  198]
 208  Heredity     -6.507    -6.506  [  198  195]
 209  Heredity     -6.306    -6.370  [  185  177]
 210  Heredity     -6.220    -6.291  [  184  188]
 211  Heredity     -6.507    -6.470  [  184  197]
 212  Heredity     -6.357    -6.375  [  198  189]
 213  Random       -6.246    -6.246  [         0]
 214  Random       -6.246    -6.246  [         0]
 215  Random       -6.296    -6.296  [         0]
 216  Random       -6.029    -6.029  [         0]
 217  Random       -6.235    -6.235  [         0]
 218  Random       -6.357    -6.357  [         0]
 219  Random       -6.310    -6.310  [         0]
 220  Random       -6.249    -6.249  [         0]
 221  Random       -6.357    -6.357  [         0]
 222  Random       -6.425    -6.425  [         0]
 223  Random       -6.310    -6.310  [         0]
 224  Random       -5.983    -5.983  [         0]
 225  Random       -6.506    -6.506  [         0]
 226  Random       -6.290    -6.290  [         0]
 227  Rotate       -6.425    -6.425  [       197]
 228 keptBest      -6.507    -6.507  [       198]
 229 keptBest      -6.503    -6.503  [       184]
 230 keptBest      -6.425    -6.425  [       197]
 231  Rotate       -6.507    -6.507  [       198]
 232  Rotate       -6.425    -6.425  [       197]
 233 softmutate    -6.357    -6.357  [       171]
 234 softmutate    -6.506    -6.505  [       195]
 235 softmutate    -6.425    -6.425  [       197]
 236 keptBest      -6.357    -6.357  [       171]
 237 keptBest      -6.329    -6.329  [       189]
 238  Heredity     -6.503    -6.506  [  207  234]
 239  Heredity     -6.306    -6.300  [  226  209]
 240  Heredity     -6.309    -6.396  [  209  229]
 241  Heredity     -6.507    -6.506  [  234  207]
 242  Heredity     -6.507    -6.506  [  207  205]
 243  Heredity     -6.249    -6.506  [  228  234]
 244  Heredity     -6.357    -6.399  [  234  237]
 245  Heredity     -6.507    -6.433  [  207  223]
 246  Heredity     -6.296    -6.376  [  205  215]
 247  Heredity     -6.506    -6.505  [  205  229]
 248  Random       -6.504    -6.504  [         0]
 249  Random       -5.983    -5.983  [         0]
 250  Random       -6.131    -6.131  [         0]
 251  Random       -6.292    -6.292  [         0]
 252  Random       -6.292    -6.292  [         0]
 253  Random       -6.249    -6.249  [         0]
 254  Random       -6.329    -6.329  [         0]
 255  Random       -6.507    -6.507  [         0]
 256  Random       -6.506    -6.506  [         0]
 257  Random       -5.983    -5.983  [         0]
 258  Random       -6.213    -6.213  [         0]
 259  Random       -6.214    -6.214  [         0]
 260  Random       -6.131    -6.131  [         0]
 261 keptBest      -6.507    -6.507  [       228]
 262 keptBest      -6.503    -6.503  [       229]
 263  Rotate       -6.507    -6.506  [       234]
 264  Rotate       -6.329    -6.329  [       237]
 265 keptBest      -6.425    -6.425  [       230]
 266 softmutate    -6.506    -6.506  [       205]
 267 softmutate    -6.329    -6.329  [       237]
 268 softmutate    -6.506    -6.506  [       234]
 269 keptBest      -6.357    -6.357  [       212]
 270 keptBest      -6.329    -6.329  [       237]
 271  Heredity     -6.201    -6.482  [  265  238]
 272  Heredity     -6.357    -6.341  [  244  240]
 273  Heredity     -6.506    -6.482  [  248  265]
 274  Heredity     -6.507    -6.506  [  241  266]
 275  Heredity     -6.292    -6.399  [  254  241]
 276  Heredity     -6.357    -6.419  [  244  241]
 277  Heredity     -6.506    -6.505  [  238  266]
 278  Heredity     -6.507    -6.505  [  266  238]
 279  Heredity     -6.506    -6.451  [  244  266]
 280  Heredity     -6.310    -6.455  [  241  265]
 281  Random       -6.357    -6.357  [         0]
 282  Random       -6.249    -6.249  [         0]
 283  Random       -6.235    -6.235  [         0]
 284  Random       -6.507    -6.507  [         0]
 285  Random       -6.329    -6.329  [         0]
 286  Random       -6.309    -6.309  [         0]
 287  Random       -6.507    -6.507  [         0]
 288  Random       -6.245    -6.245  [         0]
 289  Random       -6.131    -6.131  [         0]
 290  Random       -6.309    -6.309  [         0]
 291  Random       -6.213    -6.213  [         0]
 292  Random       -6.310    -6.310  [         0]
 293  Random       -6.357    -6.357  [         0]
 294  Rotate       -6.507    -6.507  [       241]
 295 keptBest      -6.507    -6.507  [       241]
 296  Rotate       -6.031    -6.296  [       246]
 297  Rotate       -6.306    -6.306  [       239]
 298  Rotate       -6.242    -6.306  [       239]
 299 softmutate    -6.357    -6.357  [       244]
 300 softmutate    -6.506    -6.506  [       266]
 301 softmutate    -6.296    -6.296  [       246]
 302 softmutate    -6.249    -6.249  [       243]
 303 keptBest      -6.507    -6.504  [       248]
 304 keptBest      -6.425    -6.425  [       265]
 305 keptBest      -6.357    -6.357  [       244]
 306 keptBest      -6.329    -6.329  [       254]
 307  Heredity     -6.506    -6.403  [  298  294]
 308  Heredity     -6.507    -6.433  [  292  294]
 309  Heredity     -6.507    -6.398  [  277  292]
 310  Heredity     -6.507    -6.419  [  294  297]
 311  Heredity     -6.507    -6.444  [  294  297]
 312  Heredity     -6.425    -6.338  [  282  304]
 313  Heredity     -6.507    -6.389  [  304  272]
 314  Heredity     -6.425    -6.363  [  298  304]
 315  Heredity     -6.131    -6.385  [  285  304]
 316  Heredity     -6.357    -6.333  [  272  275]
 317  Random       -6.507    -6.507  [         0]
 318  Random       -6.507    -6.507  [         0]
 319  Random       -6.357    -6.357  [         0]
 320  Random       -6.310    -6.310  [         0]
 321  Random       -6.203    -6.203  [         0]
 322  Random       -6.507    -6.507  [         0]
 323  Random       -6.357    -6.357  [         0]
 324  Random       -6.213    -6.213  [         0]
 325  Random       -6.235    -6.235  [         0]
 326  Rotate       -6.305    -6.306  [       297]
 327  Rotate       -6.306    -6.306  [       297]
 328  Rotate       -6.357    -6.357  [       272]
 329  Rotate       -6.357    -6.357  [       272]
 330  Rotate       -6.296    -6.296  [       301]
 331 keptBest      -6.507    -6.507  [       294]
 332  Rotate       -6.425    -6.425  [       304]
 333  Rotate       -6.357    -6.292  [       275]
 334  Rotate       -6.507    -6.506  [       277]
 335 softmutate    -6.357    -6.357  [       272]
 336 softmutate    -6.507    -6.506  [       277]
 337 softmutate    -6.329    -6.329  [       285]
 338 softmutate    -6.357    -6.357  [       272]
 339 keptBest      -6.425    -6.425  [       304]
 340 keptBest      -6.357    -6.357  [       272]
 341 keptBest      -6.329    -6.329  [       285]
 342 keptBest      -6.310    -6.310  [       292]
