Gen   ID    Origin   Composition    Enthalpy   Volume  Density   Fitness   KPOINTS  SYMM  Q_entr A_order S_order
                                      (eV)     (A^3)  (g/cm^3)
  1    1   Random    [      8    ]  -274.337   158.005   2.361   -274.337 [ 4  7  5] 166  0.000  3.829  3.833
  2   25  Heredity   [      8    ]  -274.339   158.350   2.356   -274.339 [ 4  7  5] 166  0.000  3.804  3.808
  3   62 keptBest    [      8    ]  -274.339   158.350   2.356   -274.339 [ 4  7  5] 166  0.000  3.804  3.808
  4   85 keptBest    [      8    ]  -274.339   158.350   2.356   -274.339 [ 4  7  5] 166  0.000  3.804  3.808
  5  108 keptBest    [      8    ]  -274.339   158.350   2.356   -274.339 [ 4  7  5] 166  0.000  3.804  3.808
  6  131 keptBest    [      8    ]  -274.339   158.350   2.356   -274.339 [ 4  7  5] 166  0.000  3.804  3.808
  7  154 keptBest    [      8    ]  -274.339   158.350   2.356   -274.339 [ 4  7  5] 166  0.000  3.804  3.808
  8  177 keptBest    [      8    ]  -274.339   158.350   2.356   -274.339 [ 4  7  5] 166  0.000  3.804  3.808
