  ID   Compositions    Enthalpies    Volumes    fitness  SYMM
                       (eV/atom)    (A^3/atom)    ()         
  25  [      8    ]    -34.2924     19.7937   -274.3389   166
 107  [      8    ]    -34.2821     19.8245   -274.2568   194
 118  [      8    ]    -34.1652     21.0417   -273.3213   139
 145  [      8    ]    -34.1579     21.0184   -273.2634    64
  44  [      8    ]    -34.1543     21.1515   -273.2344     1
  70  [      8    ]    -34.1299     21.8211   -273.0392     1
  11  [      8    ]    -34.0413     23.7587   -272.3304    12
 125  [      8    ]    -34.0238     22.1696   -272.1903     2
 168  [      8    ]    -33.9962     20.6290   -271.9696     1
  50  [      8    ]    -33.9941     23.1277   -271.9524    15
   7  [      8    ]    -33.9872     18.8115   -271.8973   221
  27  [      8    ]    -33.9775     18.7625   -271.8203     1
  12  [      8    ]    -33.9684     18.8342   -271.7472     1
  21  [      8    ]    -33.9603     18.6734   -271.6825    11
 105  [      8    ]    -33.9523     23.8335   -271.6183     1
  74  [      8    ]    -33.9309     21.3263   -271.4474     2
   8  [      8    ]    -33.9284     18.5136   -271.4272    11
  46  [      8    ]    -33.9232     18.6186   -271.3859     2
   5  [      8    ]    -33.9191     19.2865   -271.3530     2
  91  [      8    ]    -33.9185     23.0249   -271.3481     1
