Gen   ID    Origin   Composition    Enthalpy   Volume  Density   Fitness   KPOINTS  SYMM  Q_entr A_order S_order
                                      (eV)     (A^3)  (g/cm^3)
  1    1   Random    [      8    ]  -274.337   158.005   2.361   -274.337 [ 4  7  5] 166  0.000  3.829  3.833
  1    2   Random    [      8    ]  -269.944   150.980   2.471   -269.944 [ 5  5  5]   1  0.109  2.067  1.853
  1    3   Random    [      8    ]  -268.887   155.703   2.396   -268.887 [ 5  5  5]   1  0.102  1.782  1.613
  1    4   Random    [      8    ]  -267.935   156.943   2.377   -267.935 [ 5  5  5]   1  0.178  1.628  1.323
  1    5   Random    [      8    ]  -271.353   154.292   2.418   -271.353 [ 4  5  7]   2  0.014  2.747  2.718
  1    6   Random    [      8    ]  -269.082   151.055   2.470   -269.082 [ 5  4  7]   1  0.057  1.935  1.840
  1    7   Random    [      8    ]  -271.897   150.492   2.479   -271.897 [ 5  5  5] 221  0.000  3.875  3.879
  1    8   Random    [      8    ]  -271.427   148.109   2.519   -271.427 [ 5  5  5]  11  0.023  2.856  2.802
  1    9   Random    [      8    ]  -268.852   179.804   2.075   -268.852 [ 5  5  5]   1  0.108  2.246  2.019
  1   10   Random    [      8    ]  -268.666   166.985   2.234   -268.666 [ 4 10  3]   1  0.165  1.801  1.498
  1   11   Random    [      8    ]  -272.330   190.070   1.963   -272.330 [ 6  6  5]  12  0.013  2.428  2.407
  1   12   Random    [      8    ]  -271.747   150.673   2.476   -271.747 [ 5  5  5]   1  0.003  3.713  3.707
  1   13   Random    [      8    ]  -269.853   165.059   2.260   -269.853 [ 6  5  6]   1  0.161  1.853  1.542
  1   14   Random    [      8    ]  -270.052   150.188   2.484   -270.052 [ 5  6  5]   1  0.125  2.015  1.777
  1   15   Random    [      8    ]  -274.335   158.043   2.361   -274.335 [ 5  5  5] 166  0.000  3.765  3.769
  1   16   Random    [      8    ]  -268.404   176.274   2.117   -268.404 [ 4  4  7]   1  0.172  1.890  1.521
  1   17   Random    [      8    ]  -267.810   176.306   2.116   -267.810 [ 6  7  3]   1  0.134  1.994  1.738
  1   18   Random    [      8    ]  -270.949   153.655   2.428   -270.949 [ 6  6  6]   1  0.134  2.060  1.784
  1   19   Random    [      8    ]  -268.308   170.789   2.185   -268.308 [ 6  5  5]   1  0.183  1.760  1.417
  1   20   Random    [      8    ]  -269.320   160.938   2.318   -269.320 [ 5  7  4]   1  0.144  1.886  1.616
  2   21  Heredity   [      8    ]  -271.682   149.387   2.498   -271.682 [ 5  5  5]  11  0.013  2.717  2.691
  2   22  Heredity   [      8    ]  -268.486   202.375   1.844   -268.486 [ 4  5  5]   1  0.186  1.901  1.518
  2   23  Heredity   [      8    ]  -267.754   174.386   2.139   -267.754 [ 6  5  5]   1  0.151  1.910  1.623
  2   24  Heredity   [      8    ]  -268.255   182.163   2.048   -268.255 [ 4  6  5]   1  0.203  1.819  1.401
  2   25  Heredity   [      8    ]  -274.339   158.350   2.356   -274.339 [ 4  7  5] 166  0.000  3.804  3.808
  2   26  Heredity   [      8    ]  -267.716   208.174   1.792   -267.716 [ 4  5  5]   1  0.152  2.034  1.724
  2   27  Heredity   [      8    ]  -271.820   150.100   2.486   -271.820 [ 5  5  5]   1  0.001  3.053  3.055
  2   28  Heredity   [      8    ]  -267.683   172.677   2.161   -267.683 [ 5  5  5]   1  0.194  1.794  1.416
  2   29  Heredity   [      8    ]  -267.946   168.538   2.214   -267.946 [ 5  5  5]   1  0.162  1.827  1.526
  2   30  Heredity   [      8    ]  -267.842   152.927   2.440   -267.842 [ 5  6  5]   1  0.157  1.879  1.578
  2   31   Random    [      8    ]  -270.466   188.433   1.980   -270.466 [ 5  5  5]   1  0.084  2.238  2.064
  2   32   Random    [      8    ]  -267.354   148.838   2.507   -267.354 [ 6  6  6]   1  0.079  1.917  1.780
  2   33   Random    [      8    ]  -269.215   180.404   2.068   -269.215 [ 5  5  5]   1  0.152  1.833  1.547
  2   34   Random    [      8    ]  -271.136   146.830   2.541   -271.136 [ 6  6  6]   2  0.039  2.281  2.206
  2   35 LatMutate   [      8    ]  -268.287   187.525   1.990   -268.287 [ 5  5  5]   1  0.168  1.886  1.555
  2   36 LatMutate   [      8    ]  -268.260   174.184   2.142   -268.260 [ 4  7  5]   1  0.199  1.855  1.435
  2   37 softmutate  [      8    ]  -269.539   153.740   2.427   -269.539 [ 5  5  5]   1  0.079  1.915  1.780
  2   38 softmutate  [      8    ]  -268.923   167.887   2.222   -268.923 [ 4  5  6]   1  0.118  1.860  1.650
  2   39 softmutate  [      8    ]  -268.736   200.713   1.859   -268.736 [ 5  5  6]   1  0.155  1.916  1.614
  2   40 softmutate  [      8    ]  -268.948   176.644   2.112   -268.948 [ 6  5  5]   1  0.149  1.699  1.444
  2   41 keptBest    [      8    ]  -274.337   158.005   2.361   -274.337 [ 4  7  5] 166  0.000  3.829  3.833
  2   42 keptBest    [      8    ]  -272.330   190.070   1.963   -272.330 [ 6  6  5]  12  0.013  2.428  2.407
  2   43 keptBest    [      8    ]  -271.897   150.492   2.479   -271.897 [ 5  5  5] 221  0.000  3.875  3.879
  3   44  Heredity   [      8    ]  -273.234   169.212   2.205   -273.234 [ 4  7  4]   1  0.120  2.312  2.045
  3   45  Heredity   [      8    ]  -267.150   172.545   2.162   -267.150 [ 5  5  5]   1  0.150  1.842  1.564
  3   46  Heredity   [      8    ]  -271.386   148.948   2.505   -271.386 [ 5  5  5]   2  0.016  2.627  2.596
  3   47  Heredity   [      8    ]  -269.293   174.283   2.141   -269.293 [ 5  5  5]   1  0.201  1.802  1.395
  3   48  Heredity   [      8    ]  -268.275   169.891   2.196   -268.275 [ 5  4  6]   1  0.181  1.823  1.472
  3   49  Heredity   [      8    ]  -268.699   167.727   2.224   -268.699 [ 5  5  5]   1  0.128  1.993  1.749
  3   50   Random    [      8    ]  -271.952   185.022   2.017   -271.952 [ 4  7  4]  15  0.002  2.692  2.693
  3   51   Random    [      8    ]  -268.662   225.605   1.654   -268.662 [ 5  5  4]   1  0.096  2.368  2.156
  3   52   Random    [      8    ]  -268.767   187.500   1.990   -268.767 [ 5  5  5]   1  0.162  1.795  1.490
  3   53   Random    [      8    ]  -269.223   181.891   2.051   -269.223 [ 7  6  3]   1  0.135  2.071  1.798
  3   54 LatMutate   [      8    ]  -269.316   177.070   2.107   -269.316 [ 3 10  4]   1  0.103  2.149  1.949
  3   55 LatMutate   [      8    ]  -268.729   172.301   2.165   -268.729 [ 4  6  5]   1  0.185  1.842  1.476
  3   56 softmutate  [      8    ]  -267.708   171.326   2.178   -267.708 [ 5  5  6]   1  0.147  1.908  1.628
  3   57 softmutate  [      8    ]  -267.519   173.056   2.156   -267.519 [ 6  6  4]   1  0.211  1.702  1.286
  3   58 softmutate  [      8    ]  -268.232   172.351   2.165   -268.232 [ 5  5  6]   1  0.181  1.825  1.482
  3   59 softmutate  [      8    ]  -268.386   172.479   2.163   -268.386 [ 4  6  5]   1  0.150  1.691  1.440
  3   60 softmutate  [      8    ]  -269.794   185.004   2.017   -269.794 [ 6  5  4]   2  0.015  2.432  2.406
  3   61 softmutate  [      8    ]  -274.324   158.409   2.355   -274.324 [ 4  7  5] 166  0.000  3.821  3.825
  3   62 keptBest    [      8    ]  -274.339   158.350   2.356   -274.339 [ 4  7  5] 166  0.000  3.804  3.808
  3   63 keptBest    [      8    ]  -272.330   190.070   1.963   -272.330 [ 6  6  5]  12  0.013  2.428  2.407
  3   64 keptBest    [      8    ]  -271.897   150.492   2.479   -271.897 [ 5  5  5] 221  0.000  3.875  3.879
  4   65  Heredity   [      8    ]  -269.609   202.669   1.841   -269.609 [ 4  6  5]   1  0.143  2.007  1.718
  4   66  Heredity   [      8    ]  -267.440   193.689   1.926   -267.440 [ 4  5  5]   1  0.204  1.899  1.453
  4   67  Heredity   [      8    ]  -268.466   181.903   2.051   -268.466 [ 5  5  5]   1  0.166  2.012  1.668
  4   68  Heredity   [      8    ]  -267.990   180.460   2.067   -267.990 [ 4  7  5]   1  0.191  1.799  1.419
  4   69  Heredity   [      8    ]  -270.073   176.175   2.118   -270.073 [ 4  7  5]   1  0.145  1.910  1.629
  4   70  Heredity   [      8    ]  -273.039   174.569   2.137   -273.039 [ 4  7  5]   1  0.132  2.223  1.932
  4   71  Heredity   [      8    ]  -267.167   184.944   2.017   -267.167 [ 6  6  4]   1  0.173  1.818  1.487
  4   72  Heredity   [      8    ]  -268.958   177.100   2.107   -268.958 [ 5  5  5]   1  0.173  1.888  1.540
  4   73   Random    [      8    ]  -268.362   185.501   2.011   -268.362 [ 5  5  5]   1  0.184  1.799  1.445
  4   74   Random    [      8    ]  -271.447   170.610   2.187   -271.447 [ 7  4  4]   2  0.035  2.269  2.205
  4   75   Random    [      8    ]  -269.109   208.282   1.791   -269.109 [ 4  4  7]   1  0.181  2.097  1.699
  4   76   Random    [      8    ]  -269.715   175.060   2.131   -269.715 [ 5  5  5]   1  0.176  1.806  1.470
  4   77   Random    [      8    ]  -273.235   169.300   2.204   -273.235 [ 5  4  5]  64  0.005  2.650  2.645
  4   78   Random    [      8    ]  -268.522   171.629   2.174   -268.522 [ 6  5  5]   1  0.172  1.801  1.483
  4   79 LatMutate   [      8    ]  -267.536   184.248   2.025   -267.536 [ 4  6  5]   1  0.169  1.914  1.582
  4   80 LatMutate   [      8    ]  -267.585   193.259   1.931   -267.585 [ 6  4  5]   1  0.163  2.051  1.717
  4   81 softmutate  [      8    ]  -270.884   171.928   2.170   -270.884 [ 4  6  5]  12  0.004  2.188  2.186
  4   82 softmutate  [      8    ]  -270.725   159.759   2.335   -270.725 [ 5  5  5]  10  0.045  2.229  2.143
  4   83 softmutate  [      8    ]  -269.021   184.689   2.020   -269.021 [ 5  5  5]   1  0.199  1.818  1.419
  4   84 softmutate  [      8    ]  -268.103   172.724   2.160   -268.103 [ 5  5  5]   1  0.192  1.750  1.376
  4   85 keptBest    [      8    ]  -274.339   158.350   2.356   -274.339 [ 4  7  5] 166  0.000  3.804  3.808
  4   86 keptBest    [      8    ]  -272.330   190.070   1.963   -272.330 [ 6  6  5]  12  0.013  2.428  2.407
  4   87 keptBest    [      8    ]  -271.897   150.492   2.479   -271.897 [ 5  5  5] 221  0.000  3.875  3.879
  5   88  Heredity   [      8    ]  -268.336   182.946   2.039   -268.336 [ 4  7  4]   1  0.191  1.762  1.395
  5   89  Heredity   [      8    ]  -268.557   182.073   2.049   -268.557 [ 4  7  4]   1  0.218  1.870  1.391
  5   90  Heredity   [      8    ]  -269.069   177.707   2.099   -269.069 [ 5  6  5]   1  0.164  1.832  1.519
  5   91  Heredity   [      8    ]  -271.348   184.199   2.026   -271.348 [ 5  4  5]   1  0.167  2.007  1.649
  5   92  Heredity   [      8    ]  -270.782   193.890   1.924   -270.782 [ 4  5  5]   1  0.171  1.913  1.562
  5   93  Heredity   [      8    ]  -267.279   179.212   2.082   -267.279 [ 7  4  5]   1  0.170  1.821  1.505
  5   94  Heredity   [      8    ]  -270.608   149.348   2.498   -270.608 [ 5  5  5]   6  0.067  2.446  2.298
  5   95  Heredity   [      8    ]  -268.164   191.107   1.952   -268.164 [ 4  6  5]   1  0.176  1.925  1.562
  5   96   Random    [      8    ]  -269.531   164.645   2.266   -269.531 [ 5  5  7]   1  0.140  1.735  1.496
  5   97   Random    [      8    ]  -268.771   175.793   2.122   -268.771 [ 5  6  5]   2  0.124  1.879  1.653
  5   98   Random    [      8    ]  -267.072   217.822   1.713   -267.072 [ 4  4  7]   1  0.148  2.065  1.752
  5   99   Random    [      8    ]  -268.073   195.077   1.913   -268.073 [ 5  4  6]   1  0.157  1.981  1.667
  5  100   Random    [      8    ]  -270.188   225.060   1.658   -270.188 [ 5  5  5]   2  0.095  2.308  2.102
  5  101   Random    [      8    ]  -271.148   150.822   2.474   -271.148 [ 5  5  5]  49  0.025  2.921  2.864
  5  102 LatMutate   [      8    ]  -269.084   166.234   2.244   -269.084 [ 5  5  5]   1  0.122  2.053  1.817
  5  103 LatMutate   [      8    ]  -268.370   171.513   2.175   -268.370 [ 5  5  5]   1  0.096  2.178  1.994
  5  104 softmutate  [      8    ]  -269.371   178.562   2.089   -269.371 [ 5  5  5]   1  0.112  2.116  1.892
  5  105 softmutate  [      8    ]  -271.618   190.668   1.957   -271.618 [ 5  4  5]   1  0.072  2.307  2.163
  5  106 softmutate  [      8    ]  -269.472   164.159   2.273   -269.472 [ 5  5  6]   1  0.116  1.899  1.691
  5  107 softmutate  [      8    ]  -274.257   158.596   2.352   -274.257 [ 4  7  4] 194  0.000  3.515  3.519
  5  108 keptBest    [      8    ]  -274.339   158.350   2.356   -274.339 [ 4  7  5] 166  0.000  3.804  3.808
  5  109 keptBest    [      8    ]  -272.330   190.070   1.963   -272.330 [ 6  6  5]  12  0.013  2.428  2.407
  5  110 keptBest    [      8    ]  -271.897   150.492   2.479   -271.897 [ 5  5  5] 221  0.000  3.875  3.879
  6  111  Heredity   [      8    ]  -266.782   230.278   1.620   -266.782 [ 5  5  5]   1  0.186  2.016  1.596
  6  112  Heredity   [      8    ]  -268.723   175.700   2.123   -268.723 [ 4  7  4]   1  0.132  2.101  1.838
  6  113  Heredity   [      8    ]  -266.963   208.269   1.791   -266.963 [ 6  5  5]   1  0.173  1.876  1.533
  6  114  Heredity   [      8    ]  -266.993   209.294   1.783   -266.993 [ 4  5  5]   1  0.180  1.904  1.536
  6  115  Heredity   [      8    ]  -266.857   184.807   2.019   -266.857 [ 4  6  5]   1  0.184  1.820  1.463
  6  116  Heredity   [      8    ]  -268.870   190.624   1.957   -268.870 [ 5  5  5]   1  0.160  1.897  1.581
  6  117  Heredity   [      8    ]  -267.756   188.793   1.976   -267.756 [ 6  4  5]   1  0.121  2.087  1.845
  6  118   Random    [      8    ]  -273.321   168.333   2.216   -273.321 [ 4  4  7] 139  0.000  3.034  3.038
  6  119   Random    [      8    ]  -274.338   158.024   2.361   -274.338 [ 5  5  5] 166  0.000  3.843  3.847
  6  120   Random    [      8    ]  -270.202   187.056   1.995   -270.202 [ 6  5  5]   2  0.042  2.216  2.138
  6  121   Random    [      8    ]  -268.905   199.583   1.869   -268.905 [ 6  5  4]   2  0.084  2.270  2.093
  6  122   Random    [      8    ]  -274.337   158.031   2.361   -274.337 [ 5  5  5] 166  0.000  3.834  3.838
  6  123 LatMutate   [      8    ]  -266.498   185.048   2.016   -266.498 [ 6  6  4]   1  0.192  1.753  1.389
  6  124 LatMutate   [      8    ]  -267.873   191.305   1.950   -267.873 [ 6  4  6]   1  0.184  1.809  1.453
  6  125 softmutate  [      8    ]  -272.190   177.357   2.104   -272.190 [ 4  7  4]   2  0.098  1.889  1.714
  6  126 softmutate  [      8    ]  -267.460   187.052   1.995   -267.460 [ 5  5  6]   1  0.150  1.981  1.685
  6  127 softmutate  [      8    ]  -268.601   160.627   2.323   -268.601 [ 6  6  5]   1  0.118  1.791  1.591
  6  128 softmutate  [      8    ]  -268.926   183.375   2.035   -268.926 [ 5  5  5]   1  0.115  2.059  1.834
  6  129 softmutate  [      8    ]  -266.331   175.495   2.126   -266.331 [ 5  5  6]   1  0.206  1.676  1.288
  6  130 softmutate  [      8    ]  -268.447   171.025   2.182   -268.447 [ 5  4  7]   1  0.167  1.801  1.487
  6  131 keptBest    [      8    ]  -274.339   158.350   2.356   -274.339 [ 4  7  5] 166  0.000  3.804  3.808
  6  132 keptBest    [      8    ]  -272.330   190.070   1.963   -272.330 [ 6  6  5]  12  0.013  2.428  2.407
  6  133 keptBest    [      8    ]  -271.897   150.492   2.479   -271.897 [ 5  5  5] 221  0.000  3.875  3.879
  7  134  Heredity   [      8    ]  -269.092   190.505   1.958   -269.092 [ 4  6  5]   1  0.204  1.930  1.476
  7  135  Heredity   [      8    ]  -269.098   173.810   2.147   -269.098 [ 5  5  6]   1  0.133  1.815  1.578
  7  136  Heredity   [      8    ]  -267.602   190.186   1.962   -267.602 [ 5  4  6]   1  0.188  1.804  1.437
  7  137  Heredity   [      8    ]  -269.102   168.174   2.219   -269.102 [ 5  7  4]   1  0.138  1.849  1.597
  7  138  Heredity   [      8    ]  -268.840   169.603   2.200   -268.840 [ 5  5  5]   1  0.194  1.872  1.471
  7  139  Heredity   [      8    ]  -267.554   176.640   2.112   -267.554 [ 5  5  5]   1  0.169  1.855  1.530
  7  140  Heredity   [      8    ]  -267.370   183.764   2.030   -267.370 [ 4  5  5]   1  0.149  1.911  1.628
  7  141   Random    [      8    ]  -268.642   176.461   2.114   -268.642 [ 3  7  7]   1  0.148  1.839  1.558
  7  142   Random    [      8    ]  -267.637   156.011   2.391   -267.637 [ 6  5  6]   1  0.110  1.878  1.683
  7  143   Random    [      8    ]  -269.168   171.597   2.174   -269.168 [ 7  8  3]   1  0.153  1.835  1.552
  7  144   Random    [      8    ]  -269.893   195.313   1.910   -269.893 [ 4  4  6]   1  0.063  1.907  1.802
  7  145   Random    [      8    ]  -273.263   168.147   2.219   -273.263 [ 4  5  6]  64  0.003  2.647  2.646
  7  146 LatMutate   [      8    ]  -268.982   156.947   2.377   -268.982 [ 5  5  5]   1  0.116  1.908  1.697
  7  147 LatMutate   [      8    ]  -268.920   165.024   2.261   -268.920 [ 4  5  6]   1  0.134  1.917  1.673
  7  148 softmutate  [      8    ]  -268.753   170.780   2.185   -268.753 [ 5  6  4]   1  0.153  1.859  1.572
  7  149 softmutate  [      8    ]  -268.350   183.533   2.033   -268.350 [ 4  7  4]   1  0.193  1.820  1.421
  7  150 softmutate  [      8    ]  -268.599   179.228   2.082   -268.599 [ 6  5  5]   1  0.109  2.007  1.800
  7  151 softmutate  [      8    ]  -267.463   175.337   2.128   -267.463 [ 5  6  5]   1  0.206  1.662  1.279
  7  152 softmutate  [      8    ]  -269.506   167.831   2.223   -269.506 [ 4  7  5]   1  0.155  1.708  1.437
  7  153 softmutate  [      8    ]  -269.203   186.031   2.006   -269.203 [ 4  7  5]   1  0.191  1.754  1.390
  7  154 keptBest    [      8    ]  -274.339   158.350   2.356   -274.339 [ 4  7  5] 166  0.000  3.804  3.808
  7  155 keptBest    [      8    ]  -273.321   168.333   2.216   -273.321 [ 4  4  7] 139  0.000  3.034  3.038
  7  156 keptBest    [      8    ]  -271.897   150.492   2.479   -271.897 [ 5  5  5] 221  0.000  3.875  3.879
  8  157  Heredity   [      8    ]  -268.716   163.751   2.278   -268.716 [ 5  5  6]   1  0.164  2.000  1.660
  8  158  Heredity   [      8    ]  -267.940   181.276   2.058   -267.940 [ 5  5  5]   1  0.173  1.811  1.487
  8  159  Heredity   [      8    ]  -268.862   184.356   2.024   -268.862 [ 4  5  6]   1  0.153  1.876  1.587
  8  160  Heredity   [      8    ]  -270.142   174.136   2.143   -270.142 [ 4  7  5]   1  0.155  1.861  1.565
  8  161  Heredity   [      8    ]  -267.436   187.256   1.992   -267.436 [ 5  5  5]   1  0.182  1.954  1.564
  8  162  Heredity   [      8    ]  -268.233   183.364   2.035   -268.233 [ 6  7  3]   1  0.141  1.880  1.622
  8  163   Random    [      8    ]  -267.468   164.420   2.269   -267.468 [ 7  4  5]   1  0.149  1.790  1.524
  8  164   Random    [      8    ]  -267.249   175.867   2.121   -267.249 [ 5  5  5]   1  0.153  1.821  1.542
  8  165   Random    [      8    ]  -269.900   173.677   2.148   -269.900 [ 5  5  6]   2  0.113  1.875  1.671
  8  166   Random    [      8    ]  -267.241   158.207   2.358   -267.241 [ 5  6  6]   1  0.158  1.782  1.490
  8  167   Random    [      8    ]  -267.813   170.901   2.183   -267.813 [ 5  5  5]   1  0.175  1.788  1.459
  8  168   Random    [      8    ]  -271.970   165.032   2.261   -271.970 [ 6  6  6]   1  0.085  2.072  1.909
  8  169 LatMutate   [      8    ]  -268.778   186.242   2.003   -268.778 [ 3  7  5]   1  0.146  1.948  1.667
  8  170 LatMutate   [      8    ]  -268.375   181.301   2.058   -268.375 [ 4  5  6]   1  0.198  1.881  1.451
  8  171 softmutate  [      8    ]  -267.479   193.796   1.925   -267.479 [ 4  6  5]   1  0.133  2.042  1.780
  8  172 softmutate  [      8    ]  -267.744   182.404   2.045   -267.744 [ 4  7  5]   1  0.191  1.777  1.403
  8  173 softmutate  [      8    ]  -274.252   158.526   2.354   -274.252 [ 4  4  7] 194  0.000  3.471  3.474
  8  174 softmutate  [      8    ]  -270.497   191.998   1.943   -270.497 [ 4  5  6]   2  0.130  1.840  1.600
  8  175 softmutate  [      8    ]  -267.517   183.319   2.035   -267.517 [ 7  7  3]   1  0.185  1.838  1.477
  8  176 softmutate  [      8    ]  -268.099   177.818   2.098   -268.099 [ 7  6  3]   1  0.167  1.896  1.570
  8  177 keptBest    [      8    ]  -274.339   158.350   2.356   -274.339 [ 4  7  5] 166  0.000  3.804  3.808
  8  178 keptBest    [      8    ]  -273.321   168.333   2.216   -273.321 [ 4  4  7] 139  0.000  3.034  3.038
  8  179 keptBest    [      8    ]  -271.897   150.492   2.479   -271.897 [ 5  5  5] 221  0.000  3.875  3.879
