 ID    Origin    Enthalpy   Parent-E   Parent-ID
   1   Random     -34.292   -34.292  [         0]
   2   Random     -33.743   -33.743  [         0]
   3   Random     -33.611   -33.611  [         0]
   4   Random     -33.492   -33.492  [         0]
   5   Random     -33.919   -33.919  [         0]
   6   Random     -33.635   -33.635  [         0]
   7   Random     -33.987   -33.987  [         0]
   8   Random     -33.928   -33.928  [         0]
   9   Random     -33.607   -33.607  [         0]
  10   Random     -33.583   -33.583  [         0]
  11   Random     -34.041   -34.041  [         0]
  12   Random     -33.968   -33.968  [         0]
  13   Random     -33.732   -33.732  [         0]
  14   Random     -33.757   -33.757  [         0]
  15   Random     -34.292   -34.292  [         0]
  16   Random     -33.550   -33.550  [         0]
  17   Random     -33.476   -33.476  [         0]
  18   Random     -33.869   -33.869  [         0]
  19   Random     -33.538   -33.538  [         0]
  20   Random     -33.665   -33.665  [         0]
  21  Heredity    -33.960   -33.935  [    12   5]
  22  Heredity    -33.561   -34.124  [      1  5]
  23  Heredity    -33.469   -33.803  [    18  14]
  24  Heredity    -33.532   -34.077  [      1  5]
  25  Heredity    -34.292   -34.082  [      8  1]
  26  Heredity    -33.465   -34.107  [      8  1]
  27  Heredity    -33.978   -34.002  [    11   8]
  28  Heredity    -33.460   -33.966  [    11   8]
  29  Heredity    -33.493   -34.025  [      1  8]
  30  Heredity    -33.480   -34.163  [      8  1]
  31   Random     -33.808   -33.808  [         0]
  32   Random     -33.419   -33.419  [         0]
  33   Random     -33.652   -33.652  [         0]
  34   Random     -33.892   -33.892  [         0]
  35 LatMutate    -33.536   -34.041  [        11]
  36 LatMutate    -33.532   -33.968  [        12]
  37 softmutate   -33.692   -33.928  [         8]
  38 softmutate   -33.615   -33.928  [         8]
  39 softmutate   -33.592   -34.041  [        11]
  40 softmutate   -33.618   -34.041  [        11]
  41 keptBest     -34.292   -34.292  [         1]
  42 keptBest     -34.041   -34.041  [        11]
  43 keptBest     -33.987   -33.987  [         7]
  44  Heredity    -34.154   -34.049  [    25  37]
  45  Heredity    -33.394   -34.079  [    25  31]
  46  Heredity    -33.923   -33.983  [    27  43]
  47  Heredity    -33.662   -34.018  [    43  42]
  48  Heredity    -33.534   -33.934  [    27  34]
  49  Heredity    -33.587   -33.871  [    31  27]
  50   Random     -33.994   -33.994  [         0]
  51   Random     -33.583   -33.583  [         0]
  52   Random     -33.596   -33.596  [         0]
  53   Random     -33.653   -33.653  [         0]
  54 LatMutate    -33.664   -33.987  [        43]
  55 LatMutate    -33.591   -34.292  [        25]
  56 softmutate   -33.464   -33.652  [        33]
  57 softmutate   -33.440   -33.652  [        33]
  58 softmutate   -33.529   -33.978  [        27]
  59 softmutate   -33.548   -33.978  [        27]
  60 softmutate   -33.724   -33.987  [        43]
  61 softmutate   -34.291   -34.292  [        25]
  62 keptBest     -34.292   -34.292  [        25]
  63 keptBest     -34.041   -34.041  [        42]
  64 keptBest     -33.987   -33.987  [        43]
  65  Heredity    -33.701   -33.800  [    44  47]
  66  Heredity    -33.430   -34.164  [    63  62]
  67  Heredity    -33.558   -33.947  [    46  50]
  68  Heredity    -33.499   -34.074  [    63  44]
  69  Heredity    -33.759   -34.207  [    44  62]
  70  Heredity    -34.130   -34.240  [    62  44]
  71  Heredity    -33.396   -33.659  [    53  47]
  72  Heredity    -33.620   -33.633  [    49  47]
  73   Random     -33.545   -33.545  [         0]
  74   Random     -33.931   -33.931  [         0]
  75   Random     -33.639   -33.639  [         0]
  76   Random     -33.714   -33.714  [         0]
  77   Random     -34.154   -34.154  [         0]
  78   Random     -33.565   -33.565  [         0]
  79 LatMutate    -33.442   -33.994  [        50]
  80 LatMutate    -33.448   -34.041  [        63]
  81 softmutate   -33.860   -33.987  [        64]
  82 softmutate   -33.841   -33.987  [        64]
  83 softmutate   -33.628   -33.662  [        47]
  84 softmutate   -33.513   -33.662  [        47]
  85 keptBest     -34.292   -34.292  [        62]
  86 keptBest     -34.041   -34.041  [        63]
  87 keptBest     -33.987   -33.987  [        64]
  88  Heredity    -33.542   -34.143  [    77  70]
  89  Heredity    -33.570   -34.023  [    70  87]
  90  Heredity    -33.634   -34.007  [    77  69]
  91  Heredity    -33.919   -33.972  [    82  77]
  92  Heredity    -33.848   -33.958  [    70  76]
  93  Heredity    -33.410   -33.978  [    86  74]
  94  Heredity    -33.826   -34.195  [    85  87]
  95  Heredity    -33.521   -34.212  [    85  86]
  96   Random     -33.691   -33.691  [         0]
  97   Random     -33.596   -33.596  [         0]
  98   Random     -33.384   -33.384  [         0]
  99   Random     -33.509   -33.509  [         0]
 100   Random     -33.773   -33.773  [         0]
 101   Random     -33.894   -33.894  [         0]
 102 LatMutate    -33.636   -33.841  [        82]
 103 LatMutate    -33.546   -34.154  [        77]
 104 softmutate   -33.671   -34.154  [        77]
 105 softmutate   -33.952   -34.154  [        77]
 106 softmutate   -33.684   -33.841  [        82]
 107 softmutate   -34.282   -33.841  [        82]
 108 keptBest     -34.292   -34.292  [        85]
 109 keptBest     -34.041   -34.041  [        86]
 110 keptBest     -33.987   -33.987  [        87]
 111  Heredity    -33.348   -34.135  [  107  100]
 112  Heredity    -33.590   -34.120  [  107   92]
 113  Heredity    -33.370   -33.924  [  100  109]
 114  Heredity    -33.374   -34.026  [  108   92]
 115  Heredity    -33.357   -34.205  [  109  108]
 116  Heredity    -33.609   -34.130  [  105  108]
 117  Heredity    -33.469   -33.918  [  101  105]
 118   Random     -34.165   -34.165  [         0]
 119   Random     -34.292   -34.292  [         0]
 120   Random     -33.775   -33.775  [         0]
 121   Random     -33.613   -33.613  [         0]
 122   Random     -34.292   -34.292  [         0]
 123 LatMutate    -33.312   -33.848  [        92]
 124 LatMutate    -33.484   -33.919  [        91]
 125 softmutate   -34.024   -34.282  [       107]
 126 softmutate   -33.433   -34.041  [       109]
 127 softmutate   -33.575   -34.041  [       109]
 128 softmutate   -33.616   -33.848  [        92]
 129 softmutate   -33.291   -33.952  [       105]
 130 softmutate   -33.556   -33.952  [       105]
 131 keptBest     -34.292   -34.292  [       108]
 132 keptBest     -34.041   -34.041  [       109]
 133 keptBest     -33.987   -33.987  [       110]
 134  Heredity    -33.636   -34.217  [  132  131]
 135  Heredity    -33.637   -33.824  [  121  118]
 136  Heredity    -33.450   -33.963  [  132  120]
 137  Heredity    -33.638   -34.002  [  125  133]
 138  Heredity    -33.605   -33.927  [  120  133]
 139  Heredity    -33.444   -33.891  [  132  128]
 140  Heredity    -33.421   -33.825  [  131  116]
 141   Random     -33.580   -33.580  [         0]
 142   Random     -33.455   -33.455  [         0]
 143   Random     -33.646   -33.646  [         0]
 144   Random     -33.737   -33.737  [         0]
 145   Random     -34.158   -34.158  [         0]
 146 LatMutate    -33.623   -33.987  [       133]
 147 LatMutate    -33.615   -33.987  [       133]
 148 softmutate   -33.594   -34.024  [       125]
 149 softmutate   -33.544   -34.024  [       125]
 150 softmutate   -33.575   -33.775  [       120]
 151 softmutate   -33.433   -33.775  [       120]
 152 softmutate   -33.688   -34.292  [       131]
 153 softmutate   -33.650   -34.292  [       131]
 154 keptBest     -34.292   -34.292  [       131]
 155 keptBest     -34.165   -34.165  [       118]
 156 keptBest     -33.987   -33.987  [       133]
 157  Heredity    -33.589   -34.075  [  155  156]
 158  Heredity    -33.492   -33.677  [  144  148]
 159  Heredity    -33.608   -33.824  [  152  155]
 160  Heredity    -33.768   -34.021  [  154  152]
 161  Heredity    -33.430   -34.104  [  156  154]
 162  Heredity    -33.529   -33.649  [  143  153]
 163   Random     -33.434   -33.434  [         0]
 164   Random     -33.406   -33.406  [         0]
 165   Random     -33.737   -33.737  [         0]
 166   Random     -33.405   -33.405  [         0]
 167   Random     -33.477   -33.477  [         0]
 168   Random     -33.996   -33.996  [         0]
 169 LatMutate    -33.597   -34.165  [       155]
 170 LatMutate    -33.547   -34.292  [       154]
 171 softmutate   -33.435   -33.650  [       153]
 172 softmutate   -33.468   -33.650  [       153]
 173 softmutate   -34.282   -34.165  [       155]
 174 softmutate   -33.812   -34.158  [       145]
 175 softmutate   -33.440   -33.646  [       143]
 176 softmutate   -33.512   -33.646  [       143]
 177 keptBest     -34.292   -34.292  [       154]
 178 keptBest     -34.165   -34.165  [       155]
 179 keptBest     -33.987   -33.987  [       156]
