VCNEB Calcualtion Step  434

Image  Energy-(eV)  Dist 
  1      -0.3429  0.0000
  2      -0.3390  0.3615
  3      -0.3338  0.3604
  4      -0.3286  0.3583
  5      -0.3268  0.3554
  6      -0.3264  0.3527
  7      -0.3274  0.3502
  8      -0.3305  0.3489
  9      -0.3336  0.3500
 10      -0.3341  0.3539
 11      -0.3332  0.3604
 12      -0.3311  0.3685
 13      -0.3296  0.3825
 14      -0.3325  0.3990
 15      -0.3321  0.3964
 16      -0.3342  0.3894
 17      -0.3377  0.3821
 18      -0.3412  0.3748
 19      -0.3423  0.3715
