VCNEB Calcualtion Step  434

Image                  Force RootMeanSquare                                  Force Maximum  
              Lattice                    Atomic        ------      Lattice                   Atomic  
      [Total  Project  Elastic] [Total  Project  Elastic]  [Total  Project  Elastic] [Total  Project  Elastic] 
  1 : [ 0.0000  0.0000  0.0000] [ 0.0000  0.0000  0.0000]--[ 0.0000  0.0000  0.0000] [ 0.0000  0.0000  0.0000]
  2 : [ 0.0004  0.0002  0.0002] [ 0.0000  0.0002  0.0002]--[ 0.0010  0.0004  0.0006] [ 0.0000  0.0002  0.0002]
  3 : [ 0.0007  0.0002  0.0004] [ 0.0001  0.0003  0.0003]--[ 0.0020  0.0007  0.0012] [ 0.0001  0.0005  0.0004]
  4 : [ 0.0010  0.0004  0.0006] [ 0.0001  0.0004  0.0004]--[ 0.0029  0.0011  0.0018] [ 0.0002  0.0007  0.0006]
  5 : [ 0.0013  0.0008  0.0006] [ 0.0002  0.0003  0.0004]--[ 0.0036  0.0024  0.0014] [ 0.0002  0.0005  0.0007]
  6 : [ 0.0016  0.0012  0.0005] [ 0.0008  0.0008  0.0003]--[ 0.0042  0.0030  0.0012] [ 0.0011  0.0011  0.0006]
  7 : [ 0.0013  0.0011  0.0003] [ 0.0004  0.0005  0.0002]--[ 0.0024  0.0017  0.0007] [ 0.0006  0.0008  0.0003]
  8 : [ 0.0013  0.0014  0.0002] [ 0.0008  0.0007  0.0002]--[ 0.0023  0.0022  0.0003] [ 0.0011  0.0011  0.0002]
  9 : [ 0.0014  0.0013  0.0008] [ 0.0014  0.0010  0.0006]--[ 0.0031  0.0026  0.0012] [ 0.0019  0.0017  0.0009]
 10 : [ 0.0024  0.0013  0.0013] [ 0.0003  0.0005  0.0003]--[ 0.0047  0.0031  0.0032] [ 0.0005  0.0007  0.0005]
 11 : [ 0.0013  0.0008  0.0013] [ 0.0016  0.0008  0.0011]--[ 0.0027  0.0015  0.0026] [ 0.0025  0.0011  0.0019]
 12 : [ 0.0019  0.0007  0.0021] [ 0.0022  0.0006  0.0019]--[ 0.0044  0.0014  0.0045] [ 0.0036  0.0009  0.0033]
 13 : [ 0.0030  0.0024  0.0017] [ 0.0028  0.0013  0.0030]--[ 0.0065  0.0057  0.0028] [ 0.0045  0.0019  0.0046]
 14 : [ 0.0011  0.0012  0.0004] [ 0.0008  0.0004  0.0005]--[ 0.0025  0.0027  0.0009] [ 0.0011  0.0006  0.0007]
 15 : [ 0.0017  0.0009  0.0011] [ 0.0013  0.0006  0.0012]--[ 0.0011  0.0012 -0.0000] [ 0.0020  0.0009  0.0019]
 16 : [ 0.0016  0.0009  0.0011] [ 0.0013  0.0005  0.0011]--[ 0.0010  0.0013  0.0001] [ 0.0020  0.0007  0.0019]
 17 : [ 0.0018  0.0013  0.0011] [ 0.0014  0.0008  0.0011]--[ 0.0014  0.0021  0.0003] [ 0.0021  0.0011  0.0019]
 18 : [ 0.0010  0.0005  0.0006] [ 0.0003  0.0006  0.0005]--[ 0.0012  0.0008  0.0010] [ 0.0005  0.0009  0.0008]
 19 : [ 0.0000  0.0000  0.0000] [ 0.0000  0.0000  0.0000]--[ 0.0000  0.0000  0.0000] [ 0.0000  0.0000  0.0000]
