VCNEB Calcualtion Step  434

 Image    a        b        c      alpha    beta   gamma  
   1   5.2655   5.2655   5.2655,   90.000  90.000  90.000
   2   5.0545   5.4045   5.3824,   89.759  90.037  90.032
   3   4.8460   5.5489   5.5193,   89.611  90.042  90.050
   4   4.6364   5.6905   5.6670,   89.742  90.034  90.083
   5   4.4295   5.8099   5.8036,   91.104  90.118  90.316
   6   4.2972   5.8677   5.9116,   93.010  89.955  90.667
   7   4.1390   5.9655   6.0211,   94.129  89.825  90.776
   8   3.9683   6.0870   6.1369,   95.065  89.739  90.875
   9   3.8115   6.2334   6.2598,   95.890  89.799  91.083
  10   3.7301   6.3438   6.3143,   96.508  90.332  91.267
  11   3.7825   6.3221   6.2979,   96.351  89.992  90.673
  12   3.7837   6.3740   6.2613,   96.392  90.564  90.096
  13   3.7857   6.4184   6.2159,   96.306  91.097  89.505
  14   3.7938   6.2617   6.2480,   97.535  90.861  91.522
  15   3.7949   6.3007   6.2359,   94.901  90.607  90.625
  16   3.7889   6.3296   6.2624,   92.153  90.167  89.820
  17   3.7761   6.3581   6.2825,   89.491  89.648  89.103
  18   3.7224   6.4701   6.1349,   88.121  90.027  89.071
  19   3.7225   6.4487   6.0840,   89.880  89.997  90.000
