Gen   ID   Composition  Enthalpy(eV/atom)  Volume(A^3/atom)  KPOINTS  SYMMETRY
  0    1  [     4  4  ]       -20.4312          9.6500     [ 1  1  1]  225
  1    2  [     4  4  ]       -20.4312          9.6498     [ 1  1  1]  225
  2   12  [     4  4  ]       -20.4312          9.6498     [ 1  1  1]  225
  3   23  [     4  4  ]       -20.4157         11.2719     [ 1  1  1]  194
  4   32  [     4  4  ]       -20.4157         11.2719     [ 1  1  1]  194
  5   42  [     4  4  ]       -20.4157         11.2719     [ 1  1  1]  194
  6   52  [     4  4  ]       -20.4157         11.2719     [ 1  1  1]  194
  7   70  [     4  4  ]       -20.3335         11.9442     [ 1  1  1]  160
  8   73  [     4  4  ]       -20.3335         11.9442     [ 1  1  1]  160
  9   83  [     4  4  ]       -20.3335         11.9442     [ 1  1  1]  160
 10   93  [     4  4  ]       -20.3335         11.9441     [ 1  1  1]  160
 11  105  [     4  4  ]       -20.4312          9.6500     [ 1  1  1]  160
 12  113  [     4  4  ]       -20.4312          9.6501     [ 1  1  1]  160
 13  123  [     4  4  ]       -20.4312          9.6498     [ 1  1  1]  160
 14  135  [     4  4  ]       -20.3335         11.9442     [ 1  1  1]  160
 15  144  [     4  4  ]       -20.4312          9.6498     [ 1  1  1]  160
 16  155  [     4  4  ]       -20.4312          9.6499     [ 1  1  1]  160
 17  164  [     4  4  ]       -20.4312          9.6498     [ 1  1  1]  160
 18  174  [     4  4  ]       -20.4312          9.6498     [ 1  1  1]  160
 19  185  [     4  4  ]       -20.4312          9.6498     [ 1  1  1]  225
 20  194  [     4  4  ]       -20.4312          9.6499     [ 1  1  1]  225
 21  204  [     4  4  ]       -20.4312          9.6498     [ 1  1  1]  225
 22  214  [     4  4  ]       -20.4312          9.6498     [ 1  1  1]  225
 23  225  [     4  4  ]       -20.2608         10.3504     [ 1  1  1]   36
 24  233  [     4  4  ]       -20.2608         10.3504     [ 1  1  1]   36
 25  245  [     4  4  ]       -20.2608         10.3504     [ 1  1  1]    1
 26  254  [     4  4  ]       -20.4312          9.6498     [ 1  1  1]  160
 27  266  [     4  4  ]       -20.4312          9.6498     [ 1  1  1]  160
 28  281  [     4  4  ]       -20.4312          9.6498     [ 1  1  1]  160
 29  288  [     4  4  ]       -20.3335         11.9442     [ 1  1  1]  216
 30  296  [     4  4  ]       -20.3872         11.9015     [ 1  1  1]  186
 31  305  [     4  4  ]       -20.3872         11.9015     [ 1  1  1]  186
 32  316  [     4  4  ]       -20.3872         11.9016     [ 1  1  1]  186
 33  330  [     4  4  ]       -20.4312          9.6498     [ 1  1  1]  225
 34  339  [     4  4  ]       -20.4312          9.6499     [ 1  1  1]  160
 35  355  [     4  4  ]       -20.4312          9.6497     [ 1  1  1]  160
 36  364  [     4  4  ]       -20.4312          9.6497     [ 1  1  1]  225
 37  375  [     4  4  ]       -20.3335         11.9442     [ 1  1  1]  160
 38  378  [     4  4  ]       -20.3335         11.9436     [ 1  1  1]  160
 39  398  [     4  4  ]       -20.3335         11.9442     [ 1  1  1]    6
 40  399  [     4  4  ]       -20.3335         11.9442     [ 1  1  1]    6
