Gen   ID   Composition  Enthalpy(eV/atom)  Volume(A^3/atom)  KPOINTS  SYMMETRY
  0    1  [     4  4  ]       -20.4312          9.6500     [ 1  1  1]  225
  1    2  [     4  4  ]       -20.4222          9.9426     [ 1  1  1]  225
  2   12  [     4  4  ]       -20.3567         10.3906     [ 1  1  1]  225
  3   23  [     4  4  ]       -20.2907         10.6575     [ 1  1  1]  194
  4   32  [     4  4  ]       -20.2947         10.8177     [ 1  1  1]  194
  5   42  [     4  4  ]       -20.3194         10.9292     [ 1  1  1]  194
  6   52  [     4  4  ]       -20.3069         11.0463     [ 1  1  1]  194
  7   70  [     4  4  ]       -20.2473         11.1747     [ 1  1  1]  160
  8   73  [     4  4  ]       -20.1680         11.3172     [ 1  1  1]  160
  9   83  [     4  4  ]       -20.0398         11.4612     [ 1  1  1]  160
 10   93  [     4  4  ]       -19.8871         11.6090     [ 1  1  1]  160
 11  105  [     4  4  ]       -19.7734         11.7670     [ 1  1  1]  160
 12  113  [     4  4  ]       -19.7703         11.8743     [ 1  1  1]  160
 13  123  [     4  4  ]       -19.7610         11.5661     [ 1  1  1]  160
 14  135  [     4  4  ]       -19.8867         10.9476     [ 1  1  1]  160
 15  144  [     4  4  ]       -20.1150         10.3335     [ 1  1  1]  160
 16  155  [     4  4  ]       -20.2483          9.8920     [ 1  1  1]  160
 17  164  [     4  4  ]       -20.1550          9.5742     [ 1  1  1]  160
 18  174  [     4  4  ]       -19.8587          9.3550     [ 1  1  1]  160
 19  185  [     4  4  ]       -19.6682          9.2225     [ 1  1  1]  225
 20  194  [     4  4  ]       -19.7296          9.1478     [ 1  1  1]  225
 21  204  [     4  4  ]       -19.7391          9.0894     [ 1  1  1]  225
 22  214  [     4  4  ]       -19.6431          9.0460     [ 1  1  1]  225
 23  225  [     4  4  ]       -19.8270          9.0185     [ 1  1  1]   36
 24  233  [     4  4  ]       -19.8755          9.0270     [ 1  1  1]   36
 25  245  [     4  4  ]       -20.0203          9.1189     [ 1  1  1]    1
 26  254  [     4  4  ]       -20.1616          9.2974     [ 1  1  1]  160
 27  266  [     4  4  ]       -20.1614          9.6018     [ 1  1  1]  160
 28  281  [     4  4  ]       -20.1260         10.0776     [ 1  1  1]  160
 29  288  [     4  4  ]       -20.1113         10.7132     [ 1  1  1]  216
 30  296  [     4  4  ]       -20.3405         11.4863     [ 1  1  1]  186
 31  305  [     4  4  ]       -20.3196         12.1387     [ 1  1  1]  186
 32  316  [     4  4  ]       -20.1924         12.6176     [ 1  1  1]  186
 33  330  [     4  4  ]       -20.1137         12.8368     [ 1  1  1]  225
 34  339  [     4  4  ]       -20.0997         12.9522     [ 1  1  1]  160
 35  355  [     4  4  ]       -20.0477         12.9258     [ 1  1  1]  160
 36  364  [     4  4  ]       -20.0045         12.7307     [ 1  1  1]  225
 37  375  [     4  4  ]       -20.0013         12.0000     [ 1  1  1]  160
 38  378  [     4  4  ]       -20.1186         11.5256     [ 1  1  1]  160
 39  398  [     4  4  ]       -20.1910         11.1542     [ 1  1  1]    6
 40  399  [     4  4  ]       -20.2355         10.8462     [ 1  1  1]    6
