  ID   Compositions    Enthalpies    Volumes     SYMM
                       (eV/atom)    (A^3/atom)       
   1  [     4  4  ]    -20.4312      9.6500    225
 119  [     4  4  ]    -20.4256      9.6333     15
  42  [     4  4  ]    -20.4157     11.2719    194
 311  [     4  4  ]    -20.3989     11.2543     26
 305  [     4  4  ]    -20.3872     11.9015    186
  73  [     4  4  ]    -20.3335     11.9442    160
 199  [     4  4  ]    -20.2875     14.1678     87
 225  [     4  4  ]    -20.2608     10.3504     36
  71  [     4  4  ]    -20.2403     11.5645      7
 179  [     4  4  ]    -20.2286     10.3711      1
