Gen   ID   Composition  Enthalpy(eV/atom)  Volume(A^3/atom)  KPOINTS  SYMMETRY
  0    1  [     4  4  ]       -20.4312          9.6500     [ 1  1  1]  225
  1    2  [     4  4  ]       -20.4222          9.9426     [ 1  1  1]  225
  1    3  [     4  4  ]       -20.4222          9.9426     [ 1  1  1]  225
  1    4  [     4  4  ]       -20.4222          9.9426     [ 1  1  1]  225
  1    5  [     4  4  ]       -20.4222          9.9426     [ 1  1  1]  225
  1    6  [     4  4  ]       -20.4222          9.9426     [ 1  1  1]  225
  1    7  [     4  4  ]       -20.4222          9.9426     [ 1  1  1]  225
  1    8  [     4  4  ]       -20.4222          9.9426     [ 1  1  1]  225
  1    9  [     4  4  ]       -20.4222          9.9426     [ 1  1  1]  225
  1   10  [     4  4  ]       -20.0881          9.9426     [ 1  1  1]  216
  1   11  [     4  4  ]       -20.4222          9.9426     [ 1  1  1]  225
  2   12  [     4  4  ]       -20.3567         10.3906     [ 1  1  1]   12
  2   13  [     4  4  ]       -20.3567         10.3906     [ 1  1  1]   12
  2   14  [     4  4  ]       -20.3567         10.3906     [ 1  1  1]   12
  2   15  [     4  4  ]       -20.3567         10.3906     [ 1  1  1]   12
  2   16  [     4  4  ]       -20.3567         10.3906     [ 1  1  1]   12
  2   17  [     4  4  ]       -20.3567         10.3906     [ 1  1  1]   12
  2   18  [     4  4  ]       -20.3567         10.3906     [ 1  1  1]   12
  2   19  [     4  4  ]       -20.3567         10.3906     [ 1  1  1]   12
  2   20  [     4  4  ]       -20.3567         10.3906     [ 1  1  1]    1
  2   21  [     4  4  ]       -20.1874         10.3906     [ 1  1  1]    5
  3   22  [     4  4  ]       -20.2289         10.6575     [ 1  1  1]    2
  3   23  [     4  4  ]       -20.2907         10.6575     [ 1  1  1]    2
  3   24  [     4  4  ]       -20.2907         10.6575     [ 1  1  1]    2
  3   25  [     4  4  ]       -20.2707         10.6575     [ 1  1  1]    1
  3   26  [     4  4  ]       -20.2707         10.6575     [ 1  1  1]    1
  3   27  [     4  4  ]       -20.2707         10.6575     [ 1  1  1]    1
  3   28  [     4  4  ]       -20.2907         10.6575     [ 1  1  1]    2
  3   29  [     4  4  ]       -20.2907         10.6575     [ 1  1  1]    2
  3   30  [     4  4  ]       -20.2907         10.6575     [ 1  1  1]    2
  3   31  [     4  4  ]       -20.2707         10.6575     [ 1  1  1]    1
  4   32  [     4  4  ]       -20.2947         10.8177     [ 1  1  1]    1
  4   33  [     4  4  ]       -20.2947         10.8177     [ 1  1  1]    1
  4   34  [     4  4  ]       -20.1443         10.8177     [ 1  1  1]    1
  4   35  [     4  4  ]       -20.2947         10.8177     [ 1  1  1]    1
  4   36  [     4  4  ]       -20.2947         10.8177     [ 1  1  1]    1
  4   37  [     4  4  ]       -20.1443         10.8177     [ 1  1  1]    1
  4   38  [     4  4  ]       -20.2947         10.8177     [ 1  1  1]    1
  4   39  [     4  4  ]       -20.2947         10.8177     [ 1  1  1]    1
  4   40  [     4  4  ]       -20.1443         10.8177     [ 1  1  1]    1
  4   41  [     4  4  ]       -20.1443         10.8177     [ 1  1  1]    1
  5   42  [     4  4  ]       -20.3194         10.9292     [ 1  1  1]    8
  5   43  [     4  4  ]       -20.3194         10.9292     [ 1  1  1]    8
  5   44  [     4  4  ]       -20.0639         10.9292     [ 1  1  1]    1
  5   45  [     4  4  ]       -19.9548         10.9292     [ 1  1  1]    1
  5   46  [     4  4  ]       -20.3194         10.9292     [ 1  1  1]    8
  5   47  [     4  4  ]       -20.0842         10.9292     [ 1  1  1]    8
  5   48  [     4  4  ]       -20.3194         10.9292     [ 1  1  1]    8
  5   49  [     4  4  ]       -20.3194         10.9292     [ 1  1  1]    8
  5   50  [     4  4  ]       -20.3194         10.9292     [ 1  1  1]    8
  5   51  [     4  4  ]       -20.3194         10.9292     [ 1  1  1]    8
  6   52  [     4  4  ]       -20.3069         11.0463     [ 1  1  1]    1
  6   53  [     4  4  ]       -20.3069         11.0463     [ 1  1  1]    1
  6   54  [     4  4  ]       -20.3069         11.0463     [ 1  1  1]    1
  6   55  [     4  4  ]       -20.3069         11.0463     [ 1  1  1]    1
  6   56  [     4  4  ]       -20.0541         11.0463     [ 1  1  1]    1
  6   57  [     4  4  ]       -20.2516         11.0463     [ 1  1  1]    1
  6   58  [     4  4  ]       -20.2516         11.0463     [ 1  1  1]    1
  6   59  [     4  4  ]       -20.2516         11.0463     [ 1  1  1]    1
  6   60  [     4  4  ]       -20.2505         11.0463     [ 1  1  1]    1
  6   61  [     4  4  ]       -20.3069         11.0463     [ 1  1  1]    1
  6   62  [     4  4  ]       -20.3069         11.0463     [ 1  1  1]    1
  7   63  [     4  4  ]       -20.2341         11.1747     [ 1  1  1]    1
  7   64  [     4  4  ]       -20.2341         11.1747     [ 1  1  1]    1
  7   65  [     4  4  ]       -20.2341         11.1747     [ 1  1  1]    1
  7   66  [     4  4  ]       -20.2341         11.1747     [ 1  1  1]    1
  7   67  [     4  4  ]       -20.0602         11.1747     [ 1  1  1]    1
  7   68  [     4  4  ]       -20.2341         11.1747     [ 1  1  1]    1
  7   69  [     4  4  ]       -20.2122         11.1747     [ 1  1  1]    1
  7   70  [     4  4  ]       -20.2473         11.1747     [ 1  1  1]    1
  7   71  [     4  4  ]       -20.1418         11.1747     [ 1  1  1]    1
  7   72  [     4  4  ]       -20.2341         11.1747     [ 1  1  1]    1
  8   73  [     4  4  ]       -20.1680         11.3172     [ 1  1  1]    1
  8   74  [     4  4  ]       -20.1680         11.3172     [ 1  1  1]    1
  8   75  [     4  4  ]       -20.1680         11.3172     [ 1  1  1]    1
  8   76  [     4  4  ]       -20.0342         11.3172     [ 1  1  1]    1
  8   77  [     4  4  ]       -19.9908         11.3172     [ 1  1  1]    1
  8   78  [     4  4  ]       -20.1680         11.3172     [ 1  1  1]    1
  8   79  [     4  4  ]       -20.1680         11.3172     [ 1  1  1]    1
  8   80  [     4  4  ]       -20.1680         11.3172     [ 1  1  1]    1
  8   81  [     4  4  ]       -20.0723         11.3172     [ 1  1  1]    1
  8   82  [     4  4  ]       -20.1680         11.3172     [ 1  1  1]    1
  9   83  [     4  4  ]       -20.0398         11.4612     [ 1  1  1]    1
  9   84  [     4  4  ]       -20.0398         11.4612     [ 1  1  1]    1
  9   85  [     4  4  ]       -20.0398         11.4612     [ 1  1  1]    1
  9   86  [     4  4  ]       -19.9242         11.4612     [ 1  1  1]    1
  9   87  [     4  4  ]       -19.7473         11.4612     [ 1  1  1]    2
  9   88  [     4  4  ]       -20.0398         11.4612     [ 1  1  1]    1
  9   89  [     4  4  ]       -20.0398         11.4612     [ 1  1  1]    1
  9   90  [     4  4  ]       -20.0398         11.4612     [ 1  1  1]    1
  9   91  [     4  4  ]       -19.9100         11.4612     [ 1  1  1]    1
  9   92  [     4  4  ]       -20.0398         11.4612     [ 1  1  1]    1
 10   93  [     4  4  ]       -19.8871         11.6090     [ 1  1  1]    1
 10   94  [     4  4  ]       -19.8871         11.6090     [ 1  1  1]    1
 10   95  [     4  4  ]       -19.7681         11.6090     [ 1  1  1]    1
 10   96  [     4  4  ]       -19.7982         11.6090     [ 1  1  1]    1
 10   97  [     4  4  ]       -19.7681         11.6090     [ 1  1  1]   12
 10   98  [     4  4  ]       -19.7795         11.6090     [ 1  1  1]    1
 10   99  [     4  4  ]       -19.7814         11.6090     [ 1  1  1]    1
 10  100  [     4  4  ]       -19.7760         11.6090     [ 1  1  1]    2
 10  101  [     4  4  ]       -19.7814         11.6090     [ 1  1  1]    1
 10  102  [     4  4  ]       -19.8871         11.6090     [ 1  1  1]    1
 11  103  [     4  4  ]       -19.7295         11.7670     [ 1  1  1]    1
 11  104  [     4  4  ]       -19.7295         11.7670     [ 1  1  1]    1
 11  105  [     4  4  ]       -19.7734         11.7670     [ 1  1  1]    1
 11  106  [     4  4  ]       -19.7295         11.7670     [ 1  1  1]    1
 11  107  [     4  4  ]       -19.7734         11.7670     [ 1  1  1]    1
 11  108  [     4  4  ]       -19.7295         11.7670     [ 1  1  1]    1
 11  109  [     4  4  ]       -19.6633         11.7670     [ 1  1  1]    1
 11  110  [     4  4  ]       -19.7295         11.7670     [ 1  1  1]    1
 11  111  [     4  4  ]       -19.6907         11.7670     [ 1  1  1]    1
 11  112  [     4  4  ]       -19.7295         11.7670     [ 1  1  1]    1
 12  113  [     4  4  ]       -19.7703         11.8743     [ 1  1  1]    1
 12  114  [     4  4  ]       -19.5883         11.8743     [ 1  1  1]    1
 12  115  [     4  4  ]       -19.4403         11.8743     [ 1  1  1]    2
 12  116  [     4  4  ]       -19.7703         11.8743     [ 1  1  1]    1
 12  117  [     4  4  ]       -19.7703         11.8743     [ 1  1  1]    2
 12  118  [     4  4  ]       -19.7703         11.8743     [ 1  1  1]    1
 12  119  [     4  4  ]       -19.6870         11.8743     [ 1  1  1]    1
 12  120  [     4  4  ]       -19.7703         11.8743     [ 1  1  1]    1
 12  121  [     4  4  ]       -19.7703         11.8743     [ 1  1  1]    1
 12  122  [     4  4  ]       -19.7703         11.8743     [ 1  1  1]    1
 13  123  [     4  4  ]       -19.7610         11.5661     [ 1  1  1]    1
 13  124  [     4  4  ]       -19.7346         11.5661     [ 1  1  1]    1
 13  125  [     4  4  ]       -19.7610         11.5661     [ 1  1  1]    1
 13  126  [     4  4  ]       -19.7610         11.5661     [ 1  1  1]    1
 13  127  [     4  4  ]       -19.7346         11.5661     [ 1  1  1]    1
 13  128  [     4  4  ]       -19.7610         11.5661     [ 1  1  1]    1
 13  129  [     4  4  ]       -19.7610         11.5661     [ 1  1  1]    1
 13  130  [     4  4  ]       -19.7290         11.5661     [ 1  1  1]    1
 13  131  [     4  4  ]       -19.7290         11.5661     [ 1  1  1]    1
 13  132  [     4  4  ]       -19.7094         11.5661     [ 1  1  1]    1
 14  133  [     4  4  ]       -19.6867         10.9476     [ 1  1  1]    1
 14  134  [     4  4  ]       -19.6867         10.9476     [ 1  1  1]    1
 14  135  [     4  4  ]       -19.8867         10.9476     [ 1  1  1]    1
 14  136  [     4  4  ]       -19.6867         10.9476     [ 1  1  1]    1
 14  137  [     4  4  ]       -19.6867         10.9476     [ 1  1  1]    1
 14  138  [     4  4  ]       -19.6867         10.9476     [ 1  1  1]    1
 14  139  [     4  4  ]       -19.6867         10.9476     [ 1  1  1]    1
 14  140  [     4  4  ]       -19.6867         10.9476     [ 1  1  1]   12
 14  141  [     4  4  ]       -19.8496         10.9476     [ 1  1  1]    1
 14  142  [     4  4  ]       -19.6867         10.9476     [ 1  1  1]    1
 15  143  [     4  4  ]       -20.0415         10.3335     [ 1  1  1]    1
 15  144  [     4  4  ]       -20.1150         10.3335     [ 1  1  1]    1
 15  145  [     4  4  ]       -20.0415         10.3335     [ 1  1  1]    1
 15  146  [     4  4  ]       -20.0415         10.3335     [ 1  1  1]    1
 15  147  [     4  4  ]       -20.1150         10.3335     [ 1  1  1]    1
 15  148  [     4  4  ]       -20.0415         10.3335     [ 1  1  1]    1
 15  149  [     4  4  ]       -20.0415         10.3335     [ 1  1  1]    1
 15  150  [     4  4  ]       -20.1150         10.3335     [ 1  1  1]    1
 15  151  [     4  4  ]       -20.1150         10.3335     [ 1  1  1]    1
 15  152  [     4  4  ]       -20.0415         10.3335     [ 1  1  1]    1
 16  153  [     4  4  ]       -20.2480          9.8920     [ 1  1  1]    1
 16  154  [     4  4  ]       -19.9686          9.8920     [ 1  1  1]    1
 16  155  [     4  4  ]       -20.2483          9.8920     [ 1  1  1]    1
 16  156  [     4  4  ]       -20.2483          9.8920     [ 1  1  1]    1
 16  157  [     4  4  ]       -20.2483          9.8920     [ 1  1  1]    1
 16  158  [     4  4  ]       -20.2483          9.8920     [ 1  1  1]    1
 16  159  [     4  4  ]       -20.2483          9.8920     [ 1  1  1]    1
 16  160  [     4  4  ]       -19.9686          9.8920     [ 1  1  1]    1
 16  161  [     4  4  ]       -19.9686          9.8920     [ 1  1  1]    1
 16  162  [     4  4  ]       -20.0284          9.8920     [ 1  1  1]    1
 17  163  [     4  4  ]       -20.1542          9.5742     [ 1  1  1]    1
 17  164  [     4  4  ]       -20.1550          9.5742     [ 1  1  1]    1
 17  165  [     4  4  ]       -20.1550          9.5742     [ 1  1  1]    1
 17  166  [     4  4  ]       -20.1550          9.5742     [ 1  1  1]    1
 17  167  [     4  4  ]       -20.1550          9.5742     [ 1  1  1]    1
 17  168  [     4  4  ]       -19.8883          9.5742     [ 1  1  1]    1
 17  169  [     4  4  ]       -20.1550          9.5742     [ 1  1  1]    1
 17  170  [     4  4  ]       -20.1550          9.5742     [ 1  1  1]    1
 17  171  [     4  4  ]       -20.1550          9.5742     [ 1  1  1]    1
 17  172  [     4  4  ]       -20.1550          9.5742     [ 1  1  1]    1
 18  173  [     4  4  ]       -19.8438          9.3550     [ 1  1  1]    1
 18  174  [     4  4  ]       -19.8587          9.3550     [ 1  1  1]    1
 18  175  [     4  4  ]       -19.8122          9.3550     [ 1  1  1]    1
 18  176  [     4  4  ]       -19.8122          9.3550     [ 1  1  1]    1
 18  177  [     4  4  ]       -19.7092          9.3550     [ 1  1  1]    1
 18  178  [     4  4  ]       -19.7092          9.3550     [ 1  1  1]    1
 18  179  [     4  4  ]       -19.4354          9.3550     [ 1  1  1]    1
 18  180  [     4  4  ]       -19.7958          9.3550     [ 1  1  1]    2
 18  181  [     4  4  ]       -19.8587          9.3550     [ 1  1  1]    1
 18  182  [     4  4  ]       -19.8587          9.3550     [ 1  1  1]    1
 19  183  [     4  4  ]       -19.4005          9.2225     [ 1  1  1]    1
 19  184  [     4  4  ]       -19.5477          9.2225     [ 1  1  1]    1
 19  185  [     4  4  ]       -19.6682          9.2225     [ 1  1  1]    1
 19  186  [     4  4  ]       -19.5477          9.2225     [ 1  1  1]    1
 19  187  [     4  4  ]       -19.6682          9.2225     [ 1  1  1]    1
 19  188  [     4  4  ]       -19.5477          9.2225     [ 1  1  1]    1
 19  189  [     4  4  ]       -19.5477          9.2225     [ 1  1  1]    1
 19  190  [     4  4  ]       -19.5477          9.2225     [ 1  1  1]    1
 19  191  [     4  4  ]       -19.5477          9.2225     [ 1  1  1]    1
 19  192  [     4  4  ]       -19.4512          9.2225     [ 1  1  1]    1
 20  193  [     4  4  ]       -19.0010          9.1478     [ 1  1  1]    2
 20  194  [     4  4  ]       -19.7296          9.1478     [ 1  1  1]    1
 20  195  [     4  4  ]       -19.7296          9.1478     [ 1  1  1]    1
 20  196  [     4  4  ]       -19.5618          9.1478     [ 1  1  1]    1
 20  197  [     4  4  ]       -19.5618          9.1478     [ 1  1  1]    1
 20  198  [     4  4  ]       -19.2227          9.1478     [ 1  1  1]    2
 20  199  [     4  4  ]       -19.2676          9.1478     [ 1  1  1]    2
 20  200  [     4  4  ]       -19.7296          9.1478     [ 1  1  1]    1
 20  201  [     4  4  ]       -19.0708          9.1478     [ 1  1  1]    2
 20  202  [     4  4  ]       -19.3765          9.1478     [ 1  1  1]    1
 21  203  [     4  4  ]       -19.7278          9.0894     [ 1  1  1]    2
 21  204  [     4  4  ]       -19.7391          9.0894     [ 1  1  1]    1
 21  205  [     4  4  ]       -19.7391          9.0894     [ 1  1  1]    1
 21  206  [     4  4  ]       -19.5454          9.0894     [ 1  1  1]    1
 21  207  [     4  4  ]       -19.7391          9.0894     [ 1  1  1]    1
 21  208  [     4  4  ]       -19.7391          9.0894     [ 1  1  1]    1
 21  209  [     4  4  ]       -19.5454          9.0894     [ 1  1  1]    1
 21  210  [     4  4  ]       -19.7391          9.0894     [ 1  1  1]    1
 21  211  [     4  4  ]       -19.7391          9.0894     [ 1  1  1]    1
 21  212  [     4  4  ]       -19.7391          9.0894     [ 1  1  1]    1
 22  213  [     4  4  ]       -19.6103          9.0460     [ 1  1  1]    2
 22  214  [     4  4  ]       -19.6431          9.0460     [ 1  1  1]    1
 22  215  [     4  4  ]       -19.6431          9.0460     [ 1  1  1]    1
 22  216  [     4  4  ]       -19.6431          9.0460     [ 1  1  1]    1
 22  217  [     4  4  ]       -19.6431          9.0460     [ 1  1  1]    1
 22  218  [     4  4  ]       -19.6431          9.0460     [ 1  1  1]    1
 22  219  [     4  4  ]       -19.6431          9.0460     [ 1  1  1]    1
 22  220  [     4  4  ]       -19.6431          9.0460     [ 1  1  1]    1
 22  221  [     4  4  ]       -19.6431          9.0460     [ 1  1  1]    1
 22  222  [     4  4  ]       -19.6431          9.0460     [ 1  1  1]    1
 23  223  [     4  4  ]       -19.4342          9.0185     [ 1  1  1]   12
 23  224  [     4  4  ]       -19.7645          9.0185     [ 1  1  1]    2
 23  225  [     4  4  ]       -19.8270          9.0185     [ 1  1  1]    1
 23  226  [     4  4  ]       -19.8270          9.0185     [ 1  1  1]    1
 23  227  [     4  4  ]       -19.7645          9.0185     [ 1  1  1]    2
 23  228  [     4  4  ]       -19.7645          9.0185     [ 1  1  1]    2
 23  229  [     4  4  ]       -19.6901          9.0185     [ 1  1  1]    8
 23  230  [     4  4  ]       -19.6901          9.0185     [ 1  1  1]    8
 23  231  [     4  4  ]       -19.8270          9.0185     [ 1  1  1]    1
 23  232  [     4  4  ]       -19.6901          9.0185     [ 1  1  1]    8
 24  233  [     4  4  ]       -19.8755          9.0270     [ 1  1  1]    1
 24  234  [     4  4  ]       -19.8755          9.0270     [ 1  1  1]    1
 24  235  [     4  4  ]       -19.8646          9.0270     [ 1  1  1]    1
 24  236  [     4  4  ]       -19.8755          9.0270     [ 1  1  1]    1
 24  237  [     4  4  ]       -19.8755          9.0270     [ 1  1  1]    1
 24  238  [     4  4  ]       -19.8646          9.0270     [ 1  1  1]    1
 24  239  [     4  4  ]       -19.8755          9.0270     [ 1  1  1]    1
 24  240  [     4  4  ]       -19.8755          9.0270     [ 1  1  1]    1
 24  241  [     4  4  ]       -19.8755          9.0270     [ 1  1  1]    1
 24  242  [     4  4  ]       -19.8646          9.0270     [ 1  1  1]    1
 25  243  [     4  4  ]       -19.9577          9.1189     [ 1  1  1]    1
 25  244  [     4  4  ]       -19.9577          9.1189     [ 1  1  1]    1
 25  245  [     4  4  ]       -20.0203          9.1189     [ 1  1  1]    1
 25  246  [     4  4  ]       -19.9577          9.1189     [ 1  1  1]    1
 25  247  [     4  4  ]       -19.9577          9.1189     [ 1  1  1]    1
 25  248  [     4  4  ]       -20.0203          9.1189     [ 1  1  1]    1
 25  249  [     4  4  ]       -20.0203          9.1189     [ 1  1  1]    1
 25  250  [     4  4  ]       -19.9747          9.1189     [ 1  1  1]    2
 25  251  [     4  4  ]       -19.9577          9.1189     [ 1  1  1]    1
 25  252  [     4  4  ]       -19.9577          9.1189     [ 1  1  1]    1
 25  253  [     4  4  ]       -20.0203          9.1189     [ 1  1  1]    1
 26  254  [     4  4  ]       -20.1616          9.2974     [ 1  1  1]    1
 26  255  [     4  4  ]       -20.0884          9.2974     [ 1  1  1]    1
 26  256  [     4  4  ]       -20.1616          9.2974     [ 1  1  1]    1
 26  257  [     4  4  ]       -20.1012          9.2974     [ 1  1  1]    1
 26  258  [     4  4  ]       -20.0884          9.2974     [ 1  1  1]    1
 26  259  [     4  4  ]       -20.1616          9.2974     [ 1  1  1]    1
 26  260  [     4  4  ]       -20.1616          9.2974     [ 1  1  1]    1
 26  261  [     4  4  ]       -20.1616          9.2974     [ 1  1  1]    1
 26  262  [     4  4  ]       -20.0884          9.2974     [ 1  1  1]    1
 26  263  [     4  4  ]       -20.1616          9.2974     [ 1  1  1]    1
 26  264  [     4  4  ]       -20.0884          9.2974     [ 1  1  1]    1
 27  265  [     4  4  ]       -20.1000          9.6018     [ 1  1  1]    1
 27  266  [     4  4  ]       -20.1614          9.6018     [ 1  1  1]    1
 27  267  [     4  4  ]       -20.1614          9.6018     [ 1  1  1]    1
 27  268  [     4  4  ]       -20.1614          9.6018     [ 1  1  1]    1
 27  269  [     4  4  ]       -20.1463          9.6018     [ 1  1  1]    1
 27  270  [     4  4  ]       -20.1614          9.6018     [ 1  1  1]    1
 27  271  [     4  4  ]       -20.1614          9.6018     [ 1  1  1]    1
 27  272  [     4  4  ]       -20.1614          9.6018     [ 1  1  1]    1
 27  273  [     4  4  ]       -20.1614          9.6018     [ 1  1  1]    1
 27  274  [     4  4  ]       -20.1463          9.6018     [ 1  1  1]    1
 28  275  [     4  4  ]       -20.0296         10.0776     [ 1  1  1]    1
 28  276  [     4  4  ]       -20.0986         10.0776     [ 1  1  1]    1
 28  277  [     4  4  ]       -20.0986         10.0776     [ 1  1  1]    1
 28  278  [     4  4  ]       -20.0986         10.0776     [ 1  1  1]    1
 28  279  [     4  4  ]       -20.1114         10.0776     [ 1  1  1]    1
 28  280  [     4  4  ]       -20.0986         10.0776     [ 1  1  1]    1
 28  281  [     4  4  ]       -20.1260         10.0776     [ 1  1  1]    8
 28  282  [     4  4  ]       -20.1114         10.0776     [ 1  1  1]    1
 28  283  [     4  4  ]       -20.0986         10.0776     [ 1  1  1]    1
 28  284  [     4  4  ]       -20.1097         10.0776     [ 1  1  1]    1
 29  285  [     4  4  ]       -20.0068         10.7132     [ 1  1  1]    1
 29  286  [     4  4  ]       -20.0622         10.7132     [ 1  1  1]    1
 29  287  [     4  4  ]       -20.0622         10.7132     [ 1  1  1]    1
 29  288  [     4  4  ]       -20.1113         10.7132     [ 1  1  1]    1
 29  289  [     4  4  ]       -20.1113         10.7132     [ 1  1  1]    1
 29  290  [     4  4  ]       -20.0622         10.7132     [ 1  1  1]    1
 29  291  [     4  4  ]       -20.0622         10.7132     [ 1  1  1]    1
 29  292  [     4  4  ]       -20.0622         10.7132     [ 1  1  1]    1
 29  293  [     4  4  ]       -20.0622         10.7132     [ 1  1  1]    1
 29  294  [     4  4  ]       -20.0622         10.7132     [ 1  1  1]    1
 30  295  [     4  4  ]       -20.1900         11.4863     [ 1  1  1]    1
 30  296  [     4  4  ]       -20.3405         11.4863     [ 1  1  1]    1
 30  297  [     4  4  ]       -20.1046         11.4863     [ 1  1  1]    1
 30  298  [     4  4  ]       -20.1900         11.4863     [ 1  1  1]    1
 30  299  [     4  4  ]       -20.1970         11.4863     [ 1  1  1]    1
 30  300  [     4  4  ]       -20.1433         11.4863     [ 1  1  1]    1
 30  301  [     4  4  ]       -20.3405         11.4863     [ 1  1  1]    1
 30  302  [     4  4  ]       -20.1011         11.4863     [ 1  1  1]    1
 30  303  [     4  4  ]       -20.1900         11.4863     [ 1  1  1]    1
 30  304  [     4  4  ]       -20.3405         11.4863     [ 1  1  1]    1
 31  305  [     4  4  ]       -20.3196         12.1387     [ 1  1  1]    1
 31  306  [     4  4  ]       -20.3196         12.1387     [ 1  1  1]    1
 31  307  [     4  4  ]       -20.1095         12.1387     [ 1  1  1]    1
 31  308  [     4  4  ]       -20.3196         12.1387     [ 1  1  1]    1
 31  309  [     4  4  ]       -20.2030         12.1387     [ 1  1  1]    1
 31  310  [     4  4  ]       -20.3196         12.1387     [ 1  1  1]    1
 31  311  [     4  4  ]       -20.1195         12.1387     [ 1  1  1]    1
 31  312  [     4  4  ]       -20.1727         12.1387     [ 1  1  1]    1
 31  313  [     4  4  ]       -20.1571         12.1387     [ 1  1  1]    1
 31  314  [     4  4  ]       -20.1571         12.1387     [ 1  1  1]    1
 31  315  [     4  4  ]       -20.3196         12.1387     [ 1  1  1]    1
 32  316  [     4  4  ]       -20.1924         12.6176     [ 1  1  1]    1
 32  317  [     4  4  ]       -20.1924         12.6176     [ 1  1  1]    1
 32  318  [     4  4  ]       -20.0952         12.6176     [ 1  1  1]    1
 32  319  [     4  4  ]       -20.1924         12.6176     [ 1  1  1]    1
 32  320  [     4  4  ]       -20.1924         12.6176     [ 1  1  1]    1
 32  321  [     4  4  ]       -20.1924         12.6176     [ 1  1  1]    1
 32  322  [     4  4  ]       -20.0863         12.6176     [ 1  1  1]    1
 32  323  [     4  4  ]       -20.1198         12.6176     [ 1  1  1]    1
 32  324  [     4  4  ]       -20.1459         12.6176     [ 1  1  1]    8
 32  325  [     4  4  ]       -20.1924         12.6176     [ 1  1  1]    1
 32  326  [     4  4  ]       -20.0952         12.6176     [ 1  1  1]    1
 33  327  [     4  4  ]       -19.9788         12.8368     [ 1  1  1]    1
 33  328  [     4  4  ]       -19.9788         12.8368     [ 1  1  1]    1
 33  329  [     4  4  ]       -20.0218         12.8368     [ 1  1  1]    1
 33  330  [     4  4  ]       -20.1137         12.8368     [ 1  1  1]    2
 33  331  [     4  4  ]       -20.0222         12.8368     [ 1  1  1]    1
 33  332  [     4  4  ]       -20.1137         12.8368     [ 1  1  1]    2
 33  333  [     4  4  ]       -20.1137         12.8368     [ 1  1  1]    2
 33  334  [     4  4  ]       -20.0423         12.8368     [ 1  1  1]    1
 33  335  [     4  4  ]       -19.8522         12.8368     [ 1  1  1]    1
 33  336  [     4  4  ]       -19.9788         12.8368     [ 1  1  1]    1
 33  337  [     4  4  ]       -20.0461         12.8368     [ 1  1  1]    1
 34  338  [     4  4  ]       -19.8615         12.9522     [ 1  1  1]    2
 34  339  [     4  4  ]       -20.0997         12.9522     [ 1  1  1]    2
 34  340  [     4  4  ]       -20.0997         12.9522     [ 1  1  1]    2
 34  341  [     4  4  ]       -20.0997         12.9522     [ 1  1  1]    2
 34  342  [     4  4  ]       -20.0997         12.9522     [ 1  1  1]    2
 34  343  [     4  4  ]       -20.0997         12.9522     [ 1  1  1]    2
 34  344  [     4  4  ]       -20.0997         12.9522     [ 1  1  1]    2
 34  345  [     4  4  ]       -20.0997         12.9522     [ 1  1  1]    2
 34  346  [     4  4  ]       -20.0997         12.9522     [ 1  1  1]    2
 34  347  [     4  4  ]       -20.0997         12.9522     [ 1  1  1]    2
 35  348  [     4  4  ]       -19.9474         12.9258     [ 1  1  1]    1
 35  349  [     4  4  ]       -20.0475         12.9258     [ 1  1  1]    2
 35  350  [     4  4  ]       -20.0469         12.9258     [ 1  1  1]    2
 35  351  [     4  4  ]       -20.0359         12.9258     [ 1  1  1]    1
 35  352  [     4  4  ]       -20.0475         12.9258     [ 1  1  1]    2
 35  353  [     4  4  ]       -20.0359         12.9258     [ 1  1  1]    1
 35  354  [     4  4  ]       -20.0359         12.9258     [ 1  1  1]    1
 35  355  [     4  4  ]       -20.0477         12.9258     [ 1  1  1]    2
 35  356  [     4  4  ]       -20.0359         12.9258     [ 1  1  1]    1
 35  357  [     4  4  ]       -19.9655         12.9258     [ 1  1  1]    1
 36  358  [     4  4  ]       -19.7669         12.7307     [ 1  1  1]    1
 36  359  [     4  4  ]       -19.9298         12.7307     [ 1  1  1]    2
 36  360  [     4  4  ]       -20.0044         12.7307     [ 1  1  1]    2
 36  361  [     4  4  ]       -19.8820         12.7307     [ 1  1  1]    1
 36  362  [     4  4  ]       -19.9924         12.7307     [ 1  1  1]    1
 36  363  [     4  4  ]       -19.9924         12.7307     [ 1  1  1]    1
 36  364  [     4  4  ]       -20.0045         12.7307     [ 1  1  1]    2
 36  365  [     4  4  ]       -19.9298         12.7307     [ 1  1  1]    2
 36  366  [     4  4  ]       -19.8820         12.7307     [ 1  1  1]    1
 36  367  [     4  4  ]       -19.9924         12.7307     [ 1  1  1]    1
 37  368  [     4  4  ]       -19.8380         12.0000     [ 1  1  1]    2
 37  369  [     4  4  ]       -19.9773         12.0000     [ 1  1  1]    1
 37  370  [     4  4  ]       -19.9776         12.0000     [ 1  1  1]    1
 37  371  [     4  4  ]       -19.9643         12.0000     [ 1  1  1]    1
 37  372  [     4  4  ]       -19.9776         12.0000     [ 1  1  1]    1
 37  373  [     4  4  ]       -19.9938         12.0000     [ 1  1  1]    2
 37  374  [     4  4  ]       -19.9776         12.0000     [ 1  1  1]    1
 37  375  [     4  4  ]       -20.0013         12.0000     [ 1  1  1]    1
 37  376  [     4  4  ]       -19.9776         12.0000     [ 1  1  1]    1
 37  377  [     4  4  ]       -19.9809         12.0000     [ 1  1  1]    1
 38  378  [     4  4  ]       -20.1186         11.5256     [ 1  1  1]    1
 38  379  [     4  4  ]       -20.1186         11.5256     [ 1  1  1]    1
 38  380  [     4  4  ]       -20.1042         11.5256     [ 1  1  1]    1
 38  381  [     4  4  ]       -20.1186         11.5256     [ 1  1  1]    1
 38  382  [     4  4  ]       -20.0867         11.5256     [ 1  1  1]    1
 38  383  [     4  4  ]       -20.1186         11.5256     [ 1  1  1]    1
 38  384  [     4  4  ]       -20.1186         11.5256     [ 1  1  1]    1
 38  385  [     4  4  ]       -20.0258         11.5256     [ 1  1  1]    2
 38  386  [     4  4  ]       -20.1186         11.5256     [ 1  1  1]    1
 38  387  [     4  4  ]       -20.0867         11.5256     [ 1  1  1]    1
 38  388  [     4  4  ]       -20.1117         11.5256     [ 1  1  1]    1
 39  389  [     4  4  ]       -20.1845         11.1542     [ 1  1  1]    1
 39  390  [     4  4  ]       -20.1845         11.1542     [ 1  1  1]    1
 39  391  [     4  4  ]       -20.1705         11.1542     [ 1  1  1]    1
 39  392  [     4  4  ]       -20.1578         11.1542     [ 1  1  1]    1
 39  393  [     4  4  ]       -20.1705         11.1542     [ 1  1  1]    1
 39  394  [     4  4  ]       -20.1845         11.1542     [ 1  1  1]    1
 39  395  [     4  4  ]       -20.1880         11.1542     [ 1  1  1]    1
 39  396  [     4  4  ]       -20.1705         11.1542     [ 1  1  1]    1
 39  397  [     4  4  ]       -20.1578         11.1542     [ 1  1  1]    1
 39  398  [     4  4  ]       -20.1910         11.1542     [ 1  1  1]    1
 40  399  [     4  4  ]       -20.2355         10.8462     [ 1  1  1]    1
 40  400  [     4  4  ]       -20.2355         10.8462     [ 1  1  1]    1
 40  401  [     4  4  ]       -20.2156         10.8462     [ 1  1  1]    1
 40  402  [     4  4  ]       -20.2355         10.8462     [ 1  1  1]    1
 40  403  [     4  4  ]       -20.2156         10.8462     [ 1  1  1]    1
 40  404  [     4  4  ]       -20.2156         10.8462     [ 1  1  1]    1
 40  405  [     4  4  ]       -20.2355         10.8462     [ 1  1  1]    1
 40  406  [     4  4  ]       -20.2094         10.8462     [ 1  1  1]    1
 40  407  [     4  4  ]       -20.2355         10.8462     [ 1  1  1]    1
 40  408  [     4  4  ]       -20.1760         10.8462     [ 1  1  1]    1
