Gen   ID   Composition  Enthalpy(eV/atom)  Volume(A^3/atom)  KPOINTS  SYMMETRY
  0    1  [     4  4  ]       -20.4312          9.6500     [ 1  1  1]  225
  1    2  [     4  4  ]       -20.4312          9.6498     [ 1  1  1]  225
  2   12  [     4  4  ]       -20.4312          9.6498     [ 1  1  1]  225
  2   21  [     4  4  ]       -20.3335         11.9442     [ 1  1  1]  216
  3   23  [     4  4  ]       -20.4157         11.2719     [ 1  1  1]  194
  3   25  [     4  4  ]       -20.4312          9.6499     [ 1  1  1]  225
  4   32  [     4  4  ]       -20.4157         11.2719     [ 1  1  1]  194
  4   34  [     4  4  ]       -20.3335         11.9445     [ 1  1  1]  216
  5   42  [     4  4  ]       -20.4157         11.2719     [ 1  1  1]  194
  5   44  [     4  4  ]       -20.2403         11.5646     [ 1  1  1]    7
  6   52  [     4  4  ]       -20.4157         11.2719     [ 1  1  1]  194
  6   57  [     4  4  ]       -20.4312          9.6499     [ 1  1  1]  160
  7   64  [     4  4  ]       -20.4157         11.2719     [ 1  1  1]  194
  7   67  [     4  4  ]       -20.3335         11.9438     [ 1  1  1]  216
  7   69  [     4  4  ]       -20.4312          9.6499     [ 1  1  1]  160
  7   70  [     4  4  ]       -20.3335         11.9442     [ 1  1  1]  160
  7   71  [     4  4  ]       -20.2403         11.5645     [ 1  1  1]    7
  8   73  [     4  4  ]       -20.3335         11.9442     [ 1  1  1]  160
  8   76  [     4  4  ]       -20.4312          9.6498     [ 1  1  1]  160
  8   77  [     4  4  ]       -20.3335         11.9447     [ 1  1  1]  216
  8   81  [     4  4  ]       -20.4312          9.6498     [ 1  1  1]  160
  9   83  [     4  4  ]       -20.3335         11.9442     [ 1  1  1]  160
  9   86  [     4  4  ]       -20.2403         11.5646     [ 1  1  1]    7
  9   87  [     4  4  ]       -20.4312          9.6499     [ 1  1  1]  123
  9   91  [     4  4  ]       -20.4312          9.6500     [ 1  1  1]  160
 10   93  [     4  4  ]       -20.3335         11.9441     [ 1  1  1]  160
 10   95  [     4  4  ]       -20.4312          9.6499     [ 1  1  1]  160
 10   98  [     4  4  ]       -20.2563         11.6161     [ 1  1  1]    4
 10   99  [     4  4  ]       -20.4312          9.6498     [ 1  1  1]  160
 11  103  [     4  4  ]       -20.3335         11.9433     [ 1  1  1]  160
 11  105  [     4  4  ]       -20.4312          9.6500     [ 1  1  1]  160
 11  111  [     4  4  ]       -20.3335         11.9443     [ 1  1  1]  160
 12  113  [     4  4  ]       -20.4312          9.6501     [ 1  1  1]  160
 12  114  [     4  4  ]       -20.3335         11.9442     [ 1  1  1]  160
 12  115  [     4  4  ]       -20.0786         12.9676     [ 1  1  1]    1
 12  119  [     4  4  ]       -20.4256          9.6333     [ 1  1  1]   15
 13  123  [     4  4  ]       -20.4312          9.6498     [ 1  1  1]  160
 13  124  [     4  4  ]       -20.3335         11.9442     [ 1  1  1]  160
 14  133  [     4  4  ]       -20.4312          9.6499     [ 1  1  1]  160
 14  135  [     4  4  ]       -20.3335         11.9442     [ 1  1  1]  160
 14  141  [     4  4  ]       -20.4312          9.6498     [ 1  1  1]  160
 15  143  [     4  4  ]       -20.3335         11.9443     [ 1  1  1]  160
 15  144  [     4  4  ]       -20.4312          9.6498     [ 1  1  1]  160
 16  154  [     4  4  ]       -20.4312          9.6498     [ 1  1  1]  225
 16  155  [     4  4  ]       -20.4312          9.6499     [ 1  1  1]  160
 16  162  [     4  4  ]       -20.3335         11.9442     [ 1  1  1]  160
 17  164  [     4  4  ]       -20.4312          9.6498     [ 1  1  1]  160
 17  168  [     4  4  ]       -20.3335         11.9441     [ 1  1  1]  160
 18  173  [     4  4  ]       -20.4312          9.6502     [ 1  1  1]  160
 18  174  [     4  4  ]       -20.4312          9.6498     [ 1  1  1]  160
 18  177  [     4  4  ]       -20.3335         11.9440     [ 1  1  1]  160
 18  179  [     4  4  ]       -20.2286         10.3711     [ 1  1  1]    1
 18  180  [     4  4  ]       -20.4312          9.6499     [ 1  1  1]  225
 19  184  [     4  4  ]       -20.4312          9.6498     [ 1  1  1]  123
 19  185  [     4  4  ]       -20.4312          9.6498     [ 1  1  1]  225
 19  192  [     4  4  ]       -20.1759         10.5743     [ 1  1  1]    3
 20  194  [     4  4  ]       -20.4312          9.6499     [ 1  1  1]  225
 20  196  [     4  4  ]       -20.3335         11.9442     [ 1  1  1]  216
 20  199  [     4  4  ]       -20.2875         14.1678     [ 1  1  1]   87
 20  201  [     4  4  ]       -20.2246         10.7344     [ 1  1  1]    1
 20  202  [     4  4  ]       -20.4312          9.6499     [ 1  1  1]  123
 21  204  [     4  4  ]       -20.4312          9.6498     [ 1  1  1]  225
 21  206  [     4  4  ]       -20.3335         11.9443     [ 1  1  1]  216
 22  214  [     4  4  ]       -20.4312          9.6498     [ 1  1  1]  225
 23  223  [     4  4  ]       -20.4312          9.6497     [ 1  1  1]  225
 23  224  [     4  4  ]       -20.4157         11.2719     [ 1  1  1]  194
 23  225  [     4  4  ]       -20.2608         10.3504     [ 1  1  1]   36
 23  229  [     4  4  ]       -20.4312          9.6499     [ 1  1  1]  225
 24  233  [     4  4  ]       -20.2608         10.3504     [ 1  1  1]   36
 25  243  [     4  4  ]       -20.3335         11.9447     [ 1  1  1]  160
 25  245  [     4  4  ]       -20.2608         10.3504     [ 1  1  1]    1
 25  250  [     4  4  ]       -20.4157         11.2719     [ 1  1  1]  194
 26  254  [     4  4  ]       -20.4312          9.6498     [ 1  1  1]  160
 26  255  [     4  4  ]       -20.4312          9.6498     [ 1  1  1]  123
 27  266  [     4  4  ]       -20.4312          9.6498     [ 1  1  1]  160
 27  269  [     4  4  ]       -20.4312          9.6499     [ 1  1  1]  123
 28  276  [     4  4  ]       -20.4312          9.6498     [ 1  1  1]  160
 28  279  [     4  4  ]       -20.4312          9.6498     [ 1  1  1]  225
 28  281  [     4  4  ]       -20.4312          9.6498     [ 1  1  1]  160
 28  284  [     4  4  ]       -20.4157         11.2719     [ 1  1  1]  194
 29  286  [     4  4  ]       -20.4312          9.6499     [ 1  1  1]  160
 29  288  [     4  4  ]       -20.3335         11.9442     [ 1  1  1]  216
 30  295  [     4  4  ]       -20.3335         11.9442     [ 1  1  1]  216
 30  296  [     4  4  ]       -20.3872         11.9015     [ 1  1  1]  186
 30  299  [     4  4  ]       -20.3335         11.9442     [ 1  1  1]  216
 30  300  [     4  4  ]       -20.2403         11.5646     [ 1  1  1]    7
 31  305  [     4  4  ]       -20.3872         11.9015     [ 1  1  1]  186
 31  307  [     4  4  ]       -20.3335         11.9448     [ 1  1  1]  216
 31  309  [     4  4  ]       -20.3335         11.9442     [ 1  1  1]  216
 31  311  [     4  4  ]       -20.3989         11.2543     [ 1  1  1]   26
 31  313  [     4  4  ]       -20.3335         11.9442     [ 1  1  1]  216
 32  316  [     4  4  ]       -20.3872         11.9016     [ 1  1  1]  186
 32  318  [     4  4  ]       -20.3335         11.9442     [ 1  1  1]   25
 32  324  [     4  4  ]       -20.3335         11.9442     [ 1  1  1]  216
 33  330  [     4  4  ]       -20.4312          9.6498     [ 1  1  1]  225
 33  331  [     4  4  ]       -20.4157         11.2719     [ 1  1  1]  194
 33  334  [     4  4  ]       -20.4312          9.6498     [ 1  1  1]  225
 33  337  [     4  4  ]       -20.3335         11.9442     [ 1  1  1]   25
 34  338  [     4  4  ]       -20.4312          9.6499     [ 1  1  1]  225
 34  339  [     4  4  ]       -20.4312          9.6499     [ 1  1  1]  160
 35  348  [     4  4  ]       -20.4312          9.6491     [ 1  1  1]  160
 35  351  [     4  4  ]       -20.4312          9.6499     [ 1  1  1]  160
 35  355  [     4  4  ]       -20.4312          9.6497     [ 1  1  1]  160
 36  361  [     4  4  ]       -20.3335         11.9437     [ 1  1  1]  160
 36  364  [     4  4  ]       -20.4312          9.6497     [ 1  1  1]  225
 36  365  [     4  4  ]       -20.4312          9.6500     [ 1  1  1]  160
 37  369  [     4  4  ]       -20.3872         11.9015     [ 1  1  1]  186
 37  373  [     4  4  ]       -20.4312          9.6497     [ 1  1  1]  160
 37  375  [     4  4  ]       -20.3335         11.9442     [ 1  1  1]  160
 38  378  [     4  4  ]       -20.3335         11.9436     [ 1  1  1]  160
 38  385  [     4  4  ]       -20.4312          9.6502     [ 1  1  1]  123
 38  388  [     4  4  ]       -20.3872         11.9015     [ 1  1  1]  186
 39  389  [     4  4  ]       -20.3335         11.9448     [ 1  1  1]  160
 39  395  [     4  4  ]       -20.3872         11.9015     [ 1  1  1]  186
 39  398  [     4  4  ]       -20.3335         11.9442     [ 1  1  1]    6
 40  399  [     4  4  ]       -20.3335         11.9442     [ 1  1  1]    6
 40  408  [     4  4  ]       -20.3872         11.9016     [ 1  1  1]  186
