Gen   ID    Origin   Composition    Enthalpy   Volume  Density   Fitness   KPOINTS  SYMM  Q_entr A_order S_order
                                      (eV)     (A^3)  (g/cm^3)
  1    1   Seeds     [  16 16 64 ] 100000.000  1090.005   4.163      3.932 [ 1  1  1]   3  0.076  4.257  3.932
  2   13 Permutate   [  16 16 64 ] 100000.000  1090.005   4.163      3.929 [ 1  1  1]   1  0.069  4.214  3.929
  3   60 Permutate   [  16 16 64 ] 100000.000  1090.005   4.163      3.928 [ 1  1  1]   1  0.064  4.186  3.928
  4   70 Permutate   [  16 16 64 ] 100000.000  1090.005   4.163      3.928 [ 1  1  1]   1  0.064  4.186  3.928
  5  124 keptBest    [  16 16 64 ] 100000.000  1090.005   4.163      3.928 [ 1  1  1]   1  0.064  4.186  3.928
  6  130 Permutate   [  16 16 64 ] 100000.000  1090.005   4.163      3.928 [ 1  1  1]   1  0.068  4.201  3.928
  7  181 Permutate   [  16 16 64 ] 100000.000  1090.005   4.163      3.928 [ 1  1  1]   1  0.070  4.211  3.928
  8  217 keptBest    [  16 16 64 ] 100000.000  1090.005   4.163      3.928 [ 1  1  1]   1  0.070  4.211  3.928
  9  221 Permutate   [  16 16 64 ] 100000.000  1090.005   4.163      3.928 [ 1  1  1]   1  0.070  4.211  3.928
 10  279 keptBest    [  16 16 64 ] 100000.000  1090.005   4.163      3.928 [ 1  1  1]   1  0.070  4.211  3.928
 11  310 keptBest    [  16 16 64 ] 100000.000  1090.005   4.163      3.928 [ 1  1  1]   1  0.070  4.211  3.928
 12  311 Permutate   [  16 16 64 ] 100000.000  1090.005   4.163      3.928 [ 1  1  1]   1  0.069  4.211  3.928
 13  372 keptBest    [  16 16 64 ] 100000.000  1090.005   4.163      3.928 [ 1  1  1]   1  0.069  4.211  3.928
 14  403 keptBest    [  16 16 64 ] 100000.000  1090.005   4.163      3.928 [ 1  1  1]   1  0.069  4.211  3.928
 15  434 keptBest    [  16 16 64 ] 100000.000  1090.005   4.163      3.928 [ 1  1  1]   1  0.069  4.211  3.928
 16  463 Permutate   [  16 16 64 ] 100000.000  1090.005   4.163      3.928 [ 1  1  1]   1  0.069  4.211  3.928
 17  496 keptBest    [  16 16 64 ] 100000.000  1090.005   4.163      3.928 [ 1  1  1]   1  0.069  4.211  3.928
 18  527 keptBest    [  16 16 64 ] 100000.000  1090.005   4.163      3.928 [ 1  1  1]   1  0.069  4.211  3.928
 19  558 keptBest    [  16 16 64 ] 100000.000  1090.005   4.163      3.928 [ 1  1  1]   1  0.069  4.211  3.928
 20  589 keptBest    [  16 16 64 ] 100000.000  1090.005   4.163      3.928 [ 1  1  1]   1  0.069  4.211  3.928
 21  620 keptBest    [  16 16 64 ] 100000.000  1090.005   4.163      3.928 [ 1  1  1]   1  0.069  4.211  3.928
 22  651 keptBest    [  16 16 64 ] 100000.000  1090.005   4.163      3.928 [ 1  1  1]   1  0.069  4.211  3.928
 23  682 keptBest    [  16 16 64 ] 100000.000  1090.005   4.163      3.928 [ 1  1  1]   1  0.069  4.211  3.928
 24  713 keptBest    [  16 16 64 ] 100000.000  1090.005   4.163      3.928 [ 1  1  1]   1  0.069  4.211  3.928
 25  744 keptBest    [  16 16 64 ] 100000.000  1090.005   4.163      3.928 [ 1  1  1]   1  0.069  4.211  3.928
 26  775 keptBest    [  16 16 64 ] 100000.000  1090.005   4.163      3.928 [ 1  1  1]   1  0.069  4.211  3.928
 27  806 keptBest    [  16 16 64 ] 100000.000  1090.005   4.163      3.928 [ 1  1  1]   1  0.069  4.211  3.928
 28  837 keptBest    [  16 16 64 ] 100000.000  1090.005   4.163      3.928 [ 1  1  1]   1  0.069  4.211  3.928
 29  868 keptBest    [  16 16 64 ] 100000.000  1090.005   4.163      3.928 [ 1  1  1]   1  0.069  4.211  3.928
 30  885 Permutate   [  16 16 64 ] 100000.000  1090.005   4.163      3.928 [ 1  1  1]   1  0.069  4.211  3.928
 31  930 keptBest    [  16 16 64 ] 100000.000  1090.005   4.163      3.928 [ 1  1  1]   1  0.069  4.211  3.928
 32  961 keptBest    [  16 16 64 ] 100000.000  1090.005   4.163      3.928 [ 1  1  1]   1  0.069  4.211  3.928
 33  992 keptBest    [  16 16 64 ] 100000.000  1090.005   4.163      3.928 [ 1  1  1]   1  0.069  4.211  3.928
 34 1023 keptBest    [  16 16 64 ] 100000.000  1090.005   4.163      3.928 [ 1  1  1]   1  0.069  4.211  3.928
 35 1043 Permutate   [  16 16 64 ] 100000.000  1090.005   4.163      3.928 [ 1  1  1]   1  0.069  4.211  3.928
 36 1085 keptBest    [  16 16 64 ] 100000.000  1090.005   4.163      3.928 [ 1  1  1]   1  0.069  4.211  3.928
 37 1086 Permutate   [  16 16 64 ] 100000.000  1090.005   4.163      3.928 [ 1  1  1]   1  0.069  4.211  3.928
 38 1147 keptBest    [  16 16 64 ] 100000.000  1090.005   4.163      3.928 [ 1  1  1]   1  0.069  4.211  3.928
 39 1178 keptBest    [  16 16 64 ] 100000.000  1090.005   4.163      3.928 [ 1  1  1]   1  0.069  4.211  3.928
 40 1209 keptBest    [  16 16 64 ] 100000.000  1090.005   4.163      3.928 [ 1  1  1]   1  0.069  4.211  3.928
 41 1240 keptBest    [  16 16 64 ] 100000.000  1090.005   4.163      3.928 [ 1  1  1]   1  0.069  4.211  3.928
 42 1257 Permutate   [  16 16 64 ] 100000.000  1090.005   4.163      3.928 [ 1  1  1]   1  0.069  4.211  3.928
 43 1284 Permutate   [  16 16 64 ] 100000.000  1090.005   4.163      3.928 [ 1  1  1]   1  0.069  4.211  3.928
 44 1333 keptBest    [  16 16 64 ] 100000.000  1090.005   4.163      3.928 [ 1  1  1]   1  0.069  4.211  3.928
 45 1364 keptBest    [  16 16 64 ] 100000.000  1090.005   4.163      3.928 [ 1  1  1]   1  0.069  4.211  3.928
 46 1395 keptBest    [  16 16 64 ] 100000.000  1090.005   4.163      3.928 [ 1  1  1]   1  0.069  4.211  3.928
 47 1416 Permutate   [  16 16 64 ] 100000.000  1090.005   4.163      3.928 [ 1  1  1]   1  0.069  4.211  3.928
 48 1457 keptBest    [  16 16 64 ] 100000.000  1090.005   4.163      3.928 [ 1  1  1]   1  0.069  4.211  3.928
 49 1488 keptBest    [  16 16 64 ] 100000.000  1090.005   4.163      3.928 [ 1  1  1]   1  0.069  4.211  3.928
 50 1499 Permutate   [  16 16 64 ] 100000.000  1090.005   4.163      3.928 [ 1  1  1]   1  0.069  4.211  3.928
