 ID    Origin    Enthalpy   Parent-E   Parent-ID
   1   Seeds     1041.667    [          ]
   2 Permutate   1041.667  1041.667  [         1]
   3 Permutate   1041.667  1041.667  [         1]
   4 Permutate   1041.667  1041.667  [         1]
   5 Permutate   1041.667  1041.667  [         1]
   6 Permutate   1041.667  1041.667  [         1]
   7 Permutate   1041.667  1041.667  [         1]
   8 Permutate   1041.667  1041.667  [         1]
   9 Permutate   1041.667  1041.667  [         1]
  10 Permutate   1041.667  1041.667  [         1]
  11 Permutate   1041.667  1041.667  [         1]
  12 Permutate   1041.667  1041.667  [         1]
  13 Permutate   1041.667  1041.667  [         1]
  14 Permutate   1041.667  1041.667  [         1]
  15 Permutate   1041.667  1041.667  [         1]
  16 Permutate   1041.667  1041.667  [         1]
  17 Permutate   1041.667  1041.667  [         1]
  18 Permutate   1041.667  1041.667  [         1]
  19 Permutate   1041.667  1041.667  [         1]
  20 Permutate   1041.667  1041.667  [         1]
  21 Permutate   1041.667  1041.667  [         1]
  22 Permutate   1041.667  1041.667  [         1]
  23 Permutate   1041.667  1041.667  [         1]
  24 Permutate   1041.667  1041.667  [         1]
  25 Permutate   1041.667  1041.667  [         1]
  26 Permutate   1041.667  1041.667  [         1]
  27 Permutate   1041.667  1041.667  [         1]
  28 Permutate   1041.667  1041.667  [         1]
  29 Permutate   1041.667  1041.667  [         1]
  30 Permutate   1041.667  1041.667  [         1]
  31 Permutate   1041.667  1041.667  [         1]
  32 Permutate   1041.667  1041.667  [        13]
  33 Permutate   1041.667  1041.667  [        13]
  34 Permutate   1041.667  1041.667  [        13]
  35 Permutate   1041.667  1041.667  [        13]
  36 Permutate   1041.667  1041.667  [        13]
  37 Permutate   1041.667  1041.667  [        13]
  38 Permutate   1041.667  1041.667  [        13]
  39 Permutate   1041.667  1041.667  [        13]
  40 Permutate   1041.667  1041.667  [        13]
  41 Permutate   1041.667  1041.667  [        13]
  42 Permutate   1041.667  1041.667  [        13]
  43 Permutate   1041.667  1041.667  [        13]
  44 Permutate   1041.667  1041.667  [        13]
  45 Permutate   1041.667  1041.667  [        13]
  46 Permutate   1041.667  1041.667  [        13]
  47 Permutate   1041.667  1041.667  [        13]
  48 Permutate   1041.667  1041.667  [        13]
  49 Permutate   1041.667  1041.667  [        13]
  50 Permutate   1041.667  1041.667  [        13]
  51 Permutate   1041.667  1041.667  [        13]
  52 Permutate   1041.667  1041.667  [        13]
  53 Permutate   1041.667  1041.667  [        13]
  54 Permutate   1041.667  1041.667  [        13]
  55 Permutate   1041.667  1041.667  [        13]
  56 Permutate   1041.667  1041.667  [        13]
  57 Permutate   1041.667  1041.667  [        13]
  58 Permutate   1041.667  1041.667  [        13]
  59 Permutate   1041.667  1041.667  [        13]
  60 Permutate   1041.667  1041.667  [        13]
  61 Permutate   1041.667  1041.667  [        13]
  62 keptBest    1041.667  1041.667  [        13]
  63 Permutate   1041.667  1041.667  [        60]
  64 Permutate   1041.667  1041.667  [        60]
  65 Permutate   1041.667  1041.667  [        60]
  66 Permutate   1041.667  1041.667  [        60]
  67 Permutate   1041.667  1041.667  [        60]
  68 Permutate   1041.667  1041.667  [        60]
  69 Permutate   1041.667  1041.667  [        60]
  70 Permutate   1041.667  1041.667  [        60]
  71 Permutate   1041.667  1041.667  [        60]
  72 Permutate   1041.667  1041.667  [        60]
  73 Permutate   1041.667  1041.667  [        60]
  74 Permutate   1041.667  1041.667  [        60]
  75 Permutate   1041.667  1041.667  [        60]
  76 Permutate   1041.667  1041.667  [        60]
  77 Permutate   1041.667  1041.667  [        60]
  78 Permutate   1041.667  1041.667  [        60]
  79 Permutate   1041.667  1041.667  [        60]
  80 Permutate   1041.667  1041.667  [        60]
  81 Permutate   1041.667  1041.667  [        60]
  82 Permutate   1041.667  1041.667  [        60]
  83 Permutate   1041.667  1041.667  [        60]
  84 Permutate   1041.667  1041.667  [        60]
  85 Permutate   1041.667  1041.667  [        60]
  86 Permutate   1041.667  1041.667  [        60]
  87 Permutate   1041.667  1041.667  [        60]
  88 Permutate   1041.667  1041.667  [        60]
  89 Permutate   1041.667  1041.667  [        60]
  90 Permutate   1041.667  1041.667  [        60]
  91 Permutate   1041.667  1041.667  [        60]
  92 Permutate   1041.667  1041.667  [        60]
  93 keptBest    1041.667  1041.667  [        60]
  94 Permutate   1041.667  1041.667  [        70]
  95 Permutate   1041.667  1041.667  [        70]
  96 Permutate   1041.667  1041.667  [        70]
  97 Permutate   1041.667  1041.667  [        70]
  98 Permutate   1041.667  1041.667  [        70]
  99 Permutate   1041.667  1041.667  [        70]
 100 Permutate   1041.667  1041.667  [        70]
 101 Permutate   1041.667  1041.667  [        70]
 102 Permutate   1041.667  1041.667  [        70]
 103 Permutate   1041.667  1041.667  [        70]
 104 Permutate   1041.667  1041.667  [        70]
 105 Permutate   1041.667  1041.667  [        70]
 106 Permutate   1041.667  1041.667  [        70]
 107 Permutate   1041.667  1041.667  [        70]
 108 Permutate   1041.667  1041.667  [        70]
 109 Permutate   1041.667  1041.667  [        70]
 110 Permutate   1041.667  1041.667  [        70]
 111 Permutate   1041.667  1041.667  [        70]
 112 Permutate   1041.667  1041.667  [        70]
 113 Permutate   1041.667  1041.667  [        70]
 114 Permutate   1041.667  1041.667  [        70]
 115 Permutate   1041.667  1041.667  [        70]
 116 Permutate   1041.667  1041.667  [        70]
 117 Permutate   1041.667  1041.667  [        70]
 118 Permutate   1041.667  1041.667  [        70]
 119 Permutate   1041.667  1041.667  [        70]
 120 Permutate   1041.667  1041.667  [        70]
 121 Permutate   1041.667  1041.667  [        70]
 122 Permutate   1041.667  1041.667  [        70]
 123 Permutate   1041.667  1041.667  [        70]
 124 keptBest    1041.667  1041.667  [        70]
 125 Permutate   1041.667  1041.667  [       124]
 126 Permutate   1041.667  1041.667  [       124]
 127 Permutate   1041.667  1041.667  [       124]
 128 Permutate   1041.667  1041.667  [       124]
 129 Permutate   1041.667  1041.667  [       124]
 130 Permutate   1041.667  1041.667  [       124]
 131 Permutate   1041.667  1041.667  [       124]
 132 Permutate   1041.667  1041.667  [       124]
 133 Permutate   1041.667  1041.667  [       124]
 134 Permutate   1041.667  1041.667  [       124]
 135 Permutate   1041.667  1041.667  [       124]
 136 Permutate   1041.667  1041.667  [       124]
 137 Permutate   1041.667  1041.667  [       124]
 138 Permutate   1041.667  1041.667  [       124]
 139 Permutate   1041.667  1041.667  [       124]
 140 Permutate   1041.667  1041.667  [       124]
 141 Permutate   1041.667  1041.667  [       124]
 142 Permutate   1041.667  1041.667  [       124]
 143 Permutate   1041.667  1041.667  [       124]
 144 Permutate   1041.667  1041.667  [       124]
 145 Permutate   1041.667  1041.667  [       124]
 146 Permutate   1041.667  1041.667  [       124]
 147 Permutate   1041.667  1041.667  [       124]
 148 Permutate   1041.667  1041.667  [       124]
 149 Permutate   1041.667  1041.667  [       124]
 150 Permutate   1041.667  1041.667  [       124]
 151 Permutate   1041.667  1041.667  [       124]
 152 Permutate   1041.667  1041.667  [       124]
 153 Permutate   1041.667  1041.667  [       124]
 154 Permutate   1041.667  1041.667  [       124]
 155 keptBest    1041.667  1041.667  [       124]
 156 Permutate   1041.667  1041.667  [       130]
 157 Permutate   1041.667  1041.667  [       130]
 158 Permutate   1041.667  1041.667  [       130]
 159 Permutate   1041.667  1041.667  [       130]
 160 Permutate   1041.667  1041.667  [       130]
 161 Permutate   1041.667  1041.667  [       130]
 162 Permutate   1041.667  1041.667  [       130]
 163 Permutate   1041.667  1041.667  [       130]
 164 Permutate   1041.667  1041.667  [       130]
 165 Permutate   1041.667  1041.667  [       130]
 166 Permutate   1041.667  1041.667  [       130]
 167 Permutate   1041.667  1041.667  [       130]
 168 Permutate   1041.667  1041.667  [       130]
 169 Permutate   1041.667  1041.667  [       130]
 170 Permutate   1041.667  1041.667  [       130]
 171 Permutate   1041.667  1041.667  [       130]
 172 Permutate   1041.667  1041.667  [       130]
 173 Permutate   1041.667  1041.667  [       130]
 174 Permutate   1041.667  1041.667  [       130]
 175 Permutate   1041.667  1041.667  [       130]
 176 Permutate   1041.667  1041.667  [       130]
 177 Permutate   1041.667  1041.667  [       130]
 178 Permutate   1041.667  1041.667  [       130]
 179 Permutate   1041.667  1041.667  [       130]
 180 Permutate   1041.667  1041.667  [       130]
 181 Permutate   1041.667  1041.667  [       130]
 182 Permutate   1041.667  1041.667  [       130]
 183 Permutate   1041.667  1041.667  [       130]
 184 Permutate   1041.667  1041.667  [       130]
 185 Permutate   1041.667  1041.667  [       130]
 186 keptBest    1041.667  1041.667  [       130]
 187 Permutate   1041.667  1041.667  [       181]
 188 Permutate   1041.667  1041.667  [       181]
 189 Permutate   1041.667  1041.667  [       181]
 190 Permutate   1041.667  1041.667  [       181]
 191 Permutate   1041.667  1041.667  [       181]
 192 Permutate   1041.667  1041.667  [       181]
 193 Permutate   1041.667  1041.667  [       181]
 194 Permutate   1041.667  1041.667  [       181]
 195 Permutate   1041.667  1041.667  [       181]
 196 Permutate   1041.667  1041.667  [       181]
 197 Permutate   1041.667  1041.667  [       181]
 198 Permutate   1041.667  1041.667  [       181]
 199 Permutate   1041.667  1041.667  [       181]
 200 Permutate   1041.667  1041.667  [       181]
 201 Permutate   1041.667  1041.667  [       181]
 202 Permutate   1041.667  1041.667  [       181]
 203 Permutate   1041.667  1041.667  [       181]
 204 Permutate   1041.667  1041.667  [       181]
 205 Permutate   1041.667  1041.667  [       181]
 206 Permutate   1041.667  1041.667  [       181]
 207 Permutate   1041.667  1041.667  [       181]
 208 Permutate   1041.667  1041.667  [       181]
 209 Permutate   1041.667  1041.667  [       181]
 210 Permutate   1041.667  1041.667  [       181]
 211 Permutate   1041.667  1041.667  [       181]
 212 Permutate   1041.667  1041.667  [       181]
 213 Permutate   1041.667  1041.667  [       181]
 214 Permutate   1041.667  1041.667  [       181]
 215 Permutate   1041.667  1041.667  [       181]
 216 Permutate   1041.667  1041.667  [       181]
 217 keptBest    1041.667  1041.667  [       181]
 218 Permutate   1041.667  1041.667  [       217]
 219 Permutate   1041.667  1041.667  [       217]
 220 Permutate   1041.667  1041.667  [       217]
 221 Permutate   1041.667  1041.667  [       217]
 222 Permutate   1041.667  1041.667  [       217]
 223 Permutate   1041.667  1041.667  [       217]
 224 Permutate   1041.667  1041.667  [       217]
 225 Permutate   1041.667  1041.667  [       217]
 226 Permutate   1041.667  1041.667  [       217]
 227 Permutate   1041.667  1041.667  [       217]
 228 Permutate   1041.667  1041.667  [       217]
 229 Permutate   1041.667  1041.667  [       217]
 230 Permutate   1041.667  1041.667  [       217]
 231 Permutate   1041.667  1041.667  [       217]
 232 Permutate   1041.667  1041.667  [       217]
 233 Permutate   1041.667  1041.667  [       217]
 234 Permutate   1041.667  1041.667  [       217]
 235 Permutate   1041.667  1041.667  [       217]
 236 Permutate   1041.667  1041.667  [       217]
 237 Permutate   1041.667  1041.667  [       217]
 238 Permutate   1041.667  1041.667  [       217]
 239 Permutate   1041.667  1041.667  [       217]
 240 Permutate   1041.667  1041.667  [       217]
 241 Permutate   1041.667  1041.667  [       217]
 242 Permutate   1041.667  1041.667  [       217]
 243 Permutate   1041.667  1041.667  [       217]
 244 Permutate   1041.667  1041.667  [       217]
 245 Permutate   1041.667  1041.667  [       217]
 246 Permutate   1041.667  1041.667  [       217]
 247 Permutate   1041.667  1041.667  [       217]
 248 keptBest    1041.667  1041.667  [       217]
 249 Permutate   1041.667  1041.667  [       221]
 250 Permutate   1041.667  1041.667  [       221]
 251 Permutate   1041.667  1041.667  [       221]
 252 Permutate   1041.667  1041.667  [       221]
 253 Permutate   1041.667  1041.667  [       221]
 254 Permutate   1041.667  1041.667  [       221]
 255 Permutate   1041.667  1041.667  [       221]
 256 Permutate   1041.667  1041.667  [       221]
 257 Permutate   1041.667  1041.667  [       221]
 258 Permutate   1041.667  1041.667  [       221]
 259 Permutate   1041.667  1041.667  [       221]
 260 Permutate   1041.667  1041.667  [       221]
 261 Permutate   1041.667  1041.667  [       221]
 262 Permutate   1041.667  1041.667  [       221]
 263 Permutate   1041.667  1041.667  [       221]
 264 Permutate   1041.667  1041.667  [       221]
 265 Permutate   1041.667  1041.667  [       221]
 266 Permutate   1041.667  1041.667  [       221]
 267 Permutate   1041.667  1041.667  [       221]
 268 Permutate   1041.667  1041.667  [       221]
 269 Permutate   1041.667  1041.667  [       221]
 270 Permutate   1041.667  1041.667  [       221]
 271 Permutate   1041.667  1041.667  [       221]
 272 Permutate   1041.667  1041.667  [       221]
 273 Permutate   1041.667  1041.667  [       221]
 274 Permutate   1041.667  1041.667  [       221]
 275 Permutate   1041.667  1041.667  [       221]
 276 Permutate   1041.667  1041.667  [       221]
 277 Permutate   1041.667  1041.667  [       221]
 278 Permutate   1041.667  1041.667  [       221]
 279 keptBest    1041.667  1041.667  [       221]
 280 Permutate   1041.667  1041.667  [       279]
 281 Permutate   1041.667  1041.667  [       279]
 282 Permutate   1041.667  1041.667  [       279]
 283 Permutate   1041.667  1041.667  [       279]
 284 Permutate   1041.667  1041.667  [       279]
 285 Permutate   1041.667  1041.667  [       279]
 286 Permutate   1041.667  1041.667  [       279]
 287 Permutate   1041.667  1041.667  [       279]
 288 Permutate   1041.667  1041.667  [       279]
 289 Permutate   1041.667  1041.667  [       279]
 290 Permutate   1041.667  1041.667  [       279]
 291 Permutate   1041.667  1041.667  [       279]
 292 Permutate   1041.667  1041.667  [       279]
 293 Permutate   1041.667  1041.667  [       279]
 294 Permutate   1041.667  1041.667  [       279]
 295 Permutate   1041.667  1041.667  [       279]
 296 Permutate   1041.667  1041.667  [       279]
 297 Permutate   1041.667  1041.667  [       279]
 298 Permutate   1041.667  1041.667  [       279]
 299 Permutate   1041.667  1041.667  [       279]
 300 Permutate   1041.667  1041.667  [       279]
 301 Permutate   1041.667  1041.667  [       279]
 302 Permutate   1041.667  1041.667  [       279]
 303 Permutate   1041.667  1041.667  [       279]
 304 Permutate   1041.667  1041.667  [       279]
 305 Permutate   1041.667  1041.667  [       279]
 306 Permutate   1041.667  1041.667  [       279]
 307 Permutate   1041.667  1041.667  [       279]
 308 Permutate   1041.667  1041.667  [       279]
 309 Permutate   1041.667  1041.667  [       279]
 310 keptBest    1041.667  1041.667  [       279]
 311 Permutate   1041.667  1041.667  [       310]
 312 Permutate   1041.667  1041.667  [       310]
 313 Permutate   1041.667  1041.667  [       310]
 314 Permutate   1041.667  1041.667  [       310]
 315 Permutate   1041.667  1041.667  [       310]
 316 Permutate   1041.667  1041.667  [       310]
 317 Permutate   1041.667  1041.667  [       310]
 318 Permutate   1041.667  1041.667  [       310]
 319 Permutate   1041.667  1041.667  [       310]
 320 Permutate   1041.667  1041.667  [       310]
 321 Permutate   1041.667  1041.667  [       310]
 322 Permutate   1041.667  1041.667  [       310]
 323 Permutate   1041.667  1041.667  [       310]
 324 Permutate   1041.667  1041.667  [       310]
 325 Permutate   1041.667  1041.667  [       310]
 326 Permutate   1041.667  1041.667  [       310]
 327 Permutate   1041.667  1041.667  [       310]
 328 Permutate   1041.667  1041.667  [       310]
 329 Permutate   1041.667  1041.667  [       310]
 330 Permutate   1041.667  1041.667  [       310]
 331 Permutate   1041.667  1041.667  [       310]
 332 Permutate   1041.667  1041.667  [       310]
 333 Permutate   1041.667  1041.667  [       310]
 334 Permutate   1041.667  1041.667  [       310]
 335 Permutate   1041.667  1041.667  [       310]
 336 Permutate   1041.667  1041.667  [       310]
 337 Permutate   1041.667  1041.667  [       310]
 338 Permutate   1041.667  1041.667  [       310]
 339 Permutate   1041.667  1041.667  [       310]
 340 Permutate   1041.667  1041.667  [       310]
 341 keptBest    1041.667  1041.667  [       310]
 342 Permutate   1041.667  1041.667  [       311]
 343 Permutate   1041.667  1041.667  [       311]
 344 Permutate   1041.667  1041.667  [       311]
 345 Permutate   1041.667  1041.667  [       311]
 346 Permutate   1041.667  1041.667  [       311]
 347 Permutate   1041.667  1041.667  [       311]
 348 Permutate   1041.667  1041.667  [       311]
 349 Permutate   1041.667  1041.667  [       311]
 350 Permutate   1041.667  1041.667  [       311]
 351 Permutate   1041.667  1041.667  [       311]
 352 Permutate   1041.667  1041.667  [       311]
 353 Permutate   1041.667  1041.667  [       311]
 354 Permutate   1041.667  1041.667  [       311]
 355 Permutate   1041.667  1041.667  [       311]
 356 Permutate   1041.667  1041.667  [       311]
 357 Permutate   1041.667  1041.667  [       311]
 358 Permutate   1041.667  1041.667  [       311]
 359 Permutate   1041.667  1041.667  [       311]
 360 Permutate   1041.667  1041.667  [       311]
 361 Permutate   1041.667  1041.667  [       311]
 362 Permutate   1041.667  1041.667  [       311]
 363 Permutate   1041.667  1041.667  [       311]
 364 Permutate   1041.667  1041.667  [       311]
 365 Permutate   1041.667  1041.667  [       311]
 366 Permutate   1041.667  1041.667  [       311]
 367 Permutate   1041.667  1041.667  [       311]
 368 Permutate   1041.667  1041.667  [       311]
 369 Permutate   1041.667  1041.667  [       311]
 370 Permutate   1041.667  1041.667  [       311]
 371 Permutate   1041.667  1041.667  [       311]
 372 keptBest    1041.667  1041.667  [       311]
 373 Permutate   1041.667  1041.667  [       372]
 374 Permutate   1041.667  1041.667  [       372]
 375 Permutate   1041.667  1041.667  [       372]
 376 Permutate   1041.667  1041.667  [       372]
 377 Permutate   1041.667  1041.667  [       372]
 378 Permutate   1041.667  1041.667  [       372]
 379 Permutate   1041.667  1041.667  [       372]
 380 Permutate   1041.667  1041.667  [       372]
 381 Permutate   1041.667  1041.667  [       372]
 382 Permutate   1041.667  1041.667  [       372]
 383 Permutate   1041.667  1041.667  [       372]
 384 Permutate   1041.667  1041.667  [       372]
 385 Permutate   1041.667  1041.667  [       372]
 386 Permutate   1041.667  1041.667  [       372]
 387 Permutate   1041.667  1041.667  [       372]
 388 Permutate   1041.667  1041.667  [       372]
 389 Permutate   1041.667  1041.667  [       372]
 390 Permutate   1041.667  1041.667  [       372]
 391 Permutate   1041.667  1041.667  [       372]
 392 Permutate   1041.667  1041.667  [       372]
 393 Permutate   1041.667  1041.667  [       372]
 394 Permutate   1041.667  1041.667  [       372]
 395 Permutate   1041.667  1041.667  [       372]
 396 Permutate   1041.667  1041.667  [       372]
 397 Permutate   1041.667  1041.667  [       372]
 398 Permutate   1041.667  1041.667  [       372]
 399 Permutate   1041.667  1041.667  [       372]
 400 Permutate   1041.667  1041.667  [       372]
 401 Permutate   1041.667  1041.667  [       372]
 402 Permutate   1041.667  1041.667  [       372]
 403 keptBest    1041.667  1041.667  [       372]
 404 Permutate   1041.667  1041.667  [       403]
 405 Permutate   1041.667  1041.667  [       403]
 406 Permutate   1041.667  1041.667  [       403]
 407 Permutate   1041.667  1041.667  [       403]
 408 Permutate   1041.667  1041.667  [       403]
 409 Permutate   1041.667  1041.667  [       403]
 410 Permutate   1041.667  1041.667  [       403]
 411 Permutate   1041.667  1041.667  [       403]
 412 Permutate   1041.667  1041.667  [       403]
 413 Permutate   1041.667  1041.667  [       403]
 414 Permutate   1041.667  1041.667  [       403]
 415 Permutate   1041.667  1041.667  [       403]
 416 Permutate   1041.667  1041.667  [       403]
 417 Permutate   1041.667  1041.667  [       403]
 418 Permutate   1041.667  1041.667  [       403]
 419 Permutate   1041.667  1041.667  [       403]
 420 Permutate   1041.667  1041.667  [       403]
 421 Permutate   1041.667  1041.667  [       403]
 422 Permutate   1041.667  1041.667  [       403]
 423 Permutate   1041.667  1041.667  [       403]
 424 Permutate   1041.667  1041.667  [       403]
 425 Permutate   1041.667  1041.667  [       403]
 426 Permutate   1041.667  1041.667  [       403]
 427 Permutate   1041.667  1041.667  [       403]
 428 Permutate   1041.667  1041.667  [       403]
 429 Permutate   1041.667  1041.667  [       403]
 430 Permutate   1041.667  1041.667  [       403]
 431 Permutate   1041.667  1041.667  [       403]
 432 Permutate   1041.667  1041.667  [       403]
 433 Permutate   1041.667  1041.667  [       403]
 434 keptBest    1041.667  1041.667  [       403]
 435 Permutate   1041.667  1041.667  [       434]
 436 Permutate   1041.667  1041.667  [       434]
 437 Permutate   1041.667  1041.667  [       434]
 438 Permutate   1041.667  1041.667  [       434]
 439 Permutate   1041.667  1041.667  [       434]
 440 Permutate   1041.667  1041.667  [       434]
 441 Permutate   1041.667  1041.667  [       434]
 442 Permutate   1041.667  1041.667  [       434]
 443 Permutate   1041.667  1041.667  [       434]
 444 Permutate   1041.667  1041.667  [       434]
 445 Permutate   1041.667  1041.667  [       434]
 446 Permutate   1041.667  1041.667  [       434]
 447 Permutate   1041.667  1041.667  [       434]
 448 Permutate   1041.667  1041.667  [       434]
 449 Permutate   1041.667  1041.667  [       434]
 450 Permutate   1041.667  1041.667  [       434]
 451 Permutate   1041.667  1041.667  [       434]
 452 Permutate   1041.667  1041.667  [       434]
 453 Permutate   1041.667  1041.667  [       434]
 454 Permutate   1041.667  1041.667  [       434]
 455 Permutate   1041.667  1041.667  [       434]
 456 Permutate   1041.667  1041.667  [       434]
 457 Permutate   1041.667  1041.667  [       434]
 458 Permutate   1041.667  1041.667  [       434]
 459 Permutate   1041.667  1041.667  [       434]
 460 Permutate   1041.667  1041.667  [       434]
 461 Permutate   1041.667  1041.667  [       434]
 462 Permutate   1041.667  1041.667  [       434]
 463 Permutate   1041.667  1041.667  [       434]
 464 Permutate   1041.667  1041.667  [       434]
 465 keptBest    1041.667  1041.667  [       434]
 466 Permutate   1041.667  1041.667  [       463]
 467 Permutate   1041.667  1041.667  [       463]
 468 Permutate   1041.667  1041.667  [       463]
 469 Permutate   1041.667  1041.667  [       463]
 470 Permutate   1041.667  1041.667  [       463]
 471 Permutate   1041.667  1041.667  [       463]
 472 Permutate   1041.667  1041.667  [       463]
 473 Permutate   1041.667  1041.667  [       463]
 474 Permutate   1041.667  1041.667  [       463]
 475 Permutate   1041.667  1041.667  [       463]
 476 Permutate   1041.667  1041.667  [       463]
 477 Permutate   1041.667  1041.667  [       463]
 478 Permutate   1041.667  1041.667  [       463]
 479 Permutate   1041.667  1041.667  [       463]
 480 Permutate   1041.667  1041.667  [       463]
 481 Permutate   1041.667  1041.667  [       463]
 482 Permutate   1041.667  1041.667  [       463]
 483 Permutate   1041.667  1041.667  [       463]
 484 Permutate   1041.667  1041.667  [       463]
 485 Permutate   1041.667  1041.667  [       463]
 486 Permutate   1041.667  1041.667  [       463]
 487 Permutate   1041.667  1041.667  [       463]
 488 Permutate   1041.667  1041.667  [       463]
 489 Permutate   1041.667  1041.667  [       463]
 490 Permutate   1041.667  1041.667  [       463]
 491 Permutate   1041.667  1041.667  [       463]
 492 Permutate   1041.667  1041.667  [       463]
 493 Permutate   1041.667  1041.667  [       463]
 494 Permutate   1041.667  1041.667  [       463]
 495 Permutate   1041.667  1041.667  [       463]
 496 keptBest    1041.667  1041.667  [       463]
 497 Permutate   1041.667  1041.667  [       496]
 498 Permutate   1041.667  1041.667  [       496]
 499 Permutate   1041.667  1041.667  [       496]
 500 Permutate   1041.667  1041.667  [       496]
 501 Permutate   1041.667  1041.667  [       496]
 502 Permutate   1041.667  1041.667  [       496]
 503 Permutate   1041.667  1041.667  [       496]
 504 Permutate   1041.667  1041.667  [       496]
 505 Permutate   1041.667  1041.667  [       496]
 506 Permutate   1041.667  1041.667  [       496]
 507 Permutate   1041.667  1041.667  [       496]
 508 Permutate   1041.667  1041.667  [       496]
 509 Permutate   1041.667  1041.667  [       496]
 510 Permutate   1041.667  1041.667  [       496]
 511 Permutate   1041.667  1041.667  [       496]
 512 Permutate   1041.667  1041.667  [       496]
 513 Permutate   1041.667  1041.667  [       496]
 514 Permutate   1041.667  1041.667  [       496]
 515 Permutate   1041.667  1041.667  [       496]
 516 Permutate   1041.667  1041.667  [       496]
 517 Permutate   1041.667  1041.667  [       496]
 518 Permutate   1041.667  1041.667  [       496]
 519 Permutate   1041.667  1041.667  [       496]
 520 Permutate   1041.667  1041.667  [       496]
 521 Permutate   1041.667  1041.667  [       496]
 522 Permutate   1041.667  1041.667  [       496]
 523 Permutate   1041.667  1041.667  [       496]
 524 Permutate   1041.667  1041.667  [       496]
 525 Permutate   1041.667  1041.667  [       496]
 526 Permutate   1041.667  1041.667  [       496]
 527 keptBest    1041.667  1041.667  [       496]
 528 Permutate   1041.667  1041.667  [       527]
 529 Permutate   1041.667  1041.667  [       527]
 530 Permutate   1041.667  1041.667  [       527]
 531 Permutate   1041.667  1041.667  [       527]
 532 Permutate   1041.667  1041.667  [       527]
 533 Permutate   1041.667  1041.667  [       527]
 534 Permutate   1041.667  1041.667  [       527]
 535 Permutate   1041.667  1041.667  [       527]
 536 Permutate   1041.667  1041.667  [       527]
 537 Permutate   1041.667  1041.667  [       527]
 538 Permutate   1041.667  1041.667  [       527]
 539 Permutate   1041.667  1041.667  [       527]
 540 Permutate   1041.667  1041.667  [       527]
 541 Permutate   1041.667  1041.667  [       527]
 542 Permutate   1041.667  1041.667  [       527]
 543 Permutate   1041.667  1041.667  [       527]
 544 Permutate   1041.667  1041.667  [       527]
 545 Permutate   1041.667  1041.667  [       527]
 546 Permutate   1041.667  1041.667  [       527]
 547 Permutate   1041.667  1041.667  [       527]
 548 Permutate   1041.667  1041.667  [       527]
 549 Permutate   1041.667  1041.667  [       527]
 550 Permutate   1041.667  1041.667  [       527]
 551 Permutate   1041.667  1041.667  [       527]
 552 Permutate   1041.667  1041.667  [       527]
 553 Permutate   1041.667  1041.667  [       527]
 554 Permutate   1041.667  1041.667  [       527]
 555 Permutate   1041.667  1041.667  [       527]
 556 Permutate   1041.667  1041.667  [       527]
 557 Permutate   1041.667  1041.667  [       527]
 558 keptBest    1041.667  1041.667  [       527]
 559 Permutate   1041.667  1041.667  [       558]
 560 Permutate   1041.667  1041.667  [       558]
 561 Permutate   1041.667  1041.667  [       558]
 562 Permutate   1041.667  1041.667  [       558]
 563 Permutate   1041.667  1041.667  [       558]
 564 Permutate   1041.667  1041.667  [       558]
 565 Permutate   1041.667  1041.667  [       558]
 566 Permutate   1041.667  1041.667  [       558]
 567 Permutate   1041.667  1041.667  [       558]
 568 Permutate   1041.667  1041.667  [       558]
 569 Permutate   1041.667  1041.667  [       558]
 570 Permutate   1041.667  1041.667  [       558]
 571 Permutate   1041.667  1041.667  [       558]
 572 Permutate   1041.667  1041.667  [       558]
 573 Permutate   1041.667  1041.667  [       558]
 574 Permutate   1041.667  1041.667  [       558]
 575 Permutate   1041.667  1041.667  [       558]
 576 Permutate   1041.667  1041.667  [       558]
 577 Permutate   1041.667  1041.667  [       558]
 578 Permutate   1041.667  1041.667  [       558]
 579 Permutate   1041.667  1041.667  [       558]
 580 Permutate   1041.667  1041.667  [       558]
 581 Permutate   1041.667  1041.667  [       558]
 582 Permutate   1041.667  1041.667  [       558]
 583 Permutate   1041.667  1041.667  [       558]
 584 Permutate   1041.667  1041.667  [       558]
 585 Permutate   1041.667  1041.667  [       558]
 586 Permutate   1041.667  1041.667  [       558]
 587 Permutate   1041.667  1041.667  [       558]
 588 Permutate   1041.667  1041.667  [       558]
 589 keptBest    1041.667  1041.667  [       558]
 590 Permutate   1041.667  1041.667  [       589]
 591 Permutate   1041.667  1041.667  [       589]
 592 Permutate   1041.667  1041.667  [       589]
 593 Permutate   1041.667  1041.667  [       589]
 594 Permutate   1041.667  1041.667  [       589]
 595 Permutate   1041.667  1041.667  [       589]
 596 Permutate   1041.667  1041.667  [       589]
 597 Permutate   1041.667  1041.667  [       589]
 598 Permutate   1041.667  1041.667  [       589]
 599 Permutate   1041.667  1041.667  [       589]
 600 Permutate   1041.667  1041.667  [       589]
 601 Permutate   1041.667  1041.667  [       589]
 602 Permutate   1041.667  1041.667  [       589]
 603 Permutate   1041.667  1041.667  [       589]
 604 Permutate   1041.667  1041.667  [       589]
 605 Permutate   1041.667  1041.667  [       589]
 606 Permutate   1041.667  1041.667  [       589]
 607 Permutate   1041.667  1041.667  [       589]
 608 Permutate   1041.667  1041.667  [       589]
 609 Permutate   1041.667  1041.667  [       589]
 610 Permutate   1041.667  1041.667  [       589]
 611 Permutate   1041.667  1041.667  [       589]
 612 Permutate   1041.667  1041.667  [       589]
 613 Permutate   1041.667  1041.667  [       589]
 614 Permutate   1041.667  1041.667  [       589]
 615 Permutate   1041.667  1041.667  [       589]
 616 Permutate   1041.667  1041.667  [       589]
 617 Permutate   1041.667  1041.667  [       589]
 618 Permutate   1041.667  1041.667  [       589]
 619 Permutate   1041.667  1041.667  [       589]
 620 keptBest    1041.667  1041.667  [       589]
 621 Permutate   1041.667  1041.667  [       620]
 622 Permutate   1041.667  1041.667  [       620]
 623 Permutate   1041.667  1041.667  [       620]
 624 Permutate   1041.667  1041.667  [       620]
 625 Permutate   1041.667  1041.667  [       620]
 626 Permutate   1041.667  1041.667  [       620]
 627 Permutate   1041.667  1041.667  [       620]
 628 Permutate   1041.667  1041.667  [       620]
 629 Permutate   1041.667  1041.667  [       620]
 630 Permutate   1041.667  1041.667  [       620]
 631 Permutate   1041.667  1041.667  [       620]
 632 Permutate   1041.667  1041.667  [       620]
 633 Permutate   1041.667  1041.667  [       620]
 634 Permutate   1041.667  1041.667  [       620]
 635 Permutate   1041.667  1041.667  [       620]
 636 Permutate   1041.667  1041.667  [       620]
 637 Permutate   1041.667  1041.667  [       620]
 638 Permutate   1041.667  1041.667  [       620]
 639 Permutate   1041.667  1041.667  [       620]
 640 Permutate   1041.667  1041.667  [       620]
 641 Permutate   1041.667  1041.667  [       620]
 642 Permutate   1041.667  1041.667  [       620]
 643 Permutate   1041.667  1041.667  [       620]
 644 Permutate   1041.667  1041.667  [       620]
 645 Permutate   1041.667  1041.667  [       620]
 646 Permutate   1041.667  1041.667  [       620]
 647 Permutate   1041.667  1041.667  [       620]
 648 Permutate   1041.667  1041.667  [       620]
 649 Permutate   1041.667  1041.667  [       620]
 650 Permutate   1041.667  1041.667  [       620]
 651 keptBest    1041.667  1041.667  [       620]
 652 Permutate   1041.667  1041.667  [       651]
 653 Permutate   1041.667  1041.667  [       651]
 654 Permutate   1041.667  1041.667  [       651]
 655 Permutate   1041.667  1041.667  [       651]
 656 Permutate   1041.667  1041.667  [       651]
 657 Permutate   1041.667  1041.667  [       651]
 658 Permutate   1041.667  1041.667  [       651]
 659 Permutate   1041.667  1041.667  [       651]
 660 Permutate   1041.667  1041.667  [       651]
 661 Permutate   1041.667  1041.667  [       651]
 662 Permutate   1041.667  1041.667  [       651]
 663 Permutate   1041.667  1041.667  [       651]
 664 Permutate   1041.667  1041.667  [       651]
 665 Permutate   1041.667  1041.667  [       651]
 666 Permutate   1041.667  1041.667  [       651]
 667 Permutate   1041.667  1041.667  [       651]
 668 Permutate   1041.667  1041.667  [       651]
 669 Permutate   1041.667  1041.667  [       651]
 670 Permutate   1041.667  1041.667  [       651]
 671 Permutate   1041.667  1041.667  [       651]
 672 Permutate   1041.667  1041.667  [       651]
 673 Permutate   1041.667  1041.667  [       651]
 674 Permutate   1041.667  1041.667  [       651]
 675 Permutate   1041.667  1041.667  [       651]
 676 Permutate   1041.667  1041.667  [       651]
 677 Permutate   1041.667  1041.667  [       651]
 678 Permutate   1041.667  1041.667  [       651]
 679 Permutate   1041.667  1041.667  [       651]
 680 Permutate   1041.667  1041.667  [       651]
 681 Permutate   1041.667  1041.667  [       651]
 682 keptBest    1041.667  1041.667  [       651]
 683 Permutate   1041.667  1041.667  [       682]
 684 Permutate   1041.667  1041.667  [       682]
 685 Permutate   1041.667  1041.667  [       682]
 686 Permutate   1041.667  1041.667  [       682]
 687 Permutate   1041.667  1041.667  [       682]
 688 Permutate   1041.667  1041.667  [       682]
 689 Permutate   1041.667  1041.667  [       682]
 690 Permutate   1041.667  1041.667  [       682]
 691 Permutate   1041.667  1041.667  [       682]
 692 Permutate   1041.667  1041.667  [       682]
 693 Permutate   1041.667  1041.667  [       682]
 694 Permutate   1041.667  1041.667  [       682]
 695 Permutate   1041.667  1041.667  [       682]
 696 Permutate   1041.667  1041.667  [       682]
 697 Permutate   1041.667  1041.667  [       682]
 698 Permutate   1041.667  1041.667  [       682]
 699 Permutate   1041.667  1041.667  [       682]
 700 Permutate   1041.667  1041.667  [       682]
 701 Permutate   1041.667  1041.667  [       682]
 702 Permutate   1041.667  1041.667  [       682]
 703 Permutate   1041.667  1041.667  [       682]
 704 Permutate   1041.667  1041.667  [       682]
 705 Permutate   1041.667  1041.667  [       682]
 706 Permutate   1041.667  1041.667  [       682]
 707 Permutate   1041.667  1041.667  [       682]
 708 Permutate   1041.667  1041.667  [       682]
 709 Permutate   1041.667  1041.667  [       682]
 710 Permutate   1041.667  1041.667  [       682]
 711 Permutate   1041.667  1041.667  [       682]
 712 Permutate   1041.667  1041.667  [       682]
 713 keptBest    1041.667  1041.667  [       682]
 714 Permutate   1041.667  1041.667  [       713]
 715 Permutate   1041.667  1041.667  [       713]
 716 Permutate   1041.667  1041.667  [       713]
 717 Permutate   1041.667  1041.667  [       713]
 718 Permutate   1041.667  1041.667  [       713]
 719 Permutate   1041.667  1041.667  [       713]
 720 Permutate   1041.667  1041.667  [       713]
 721 Permutate   1041.667  1041.667  [       713]
 722 Permutate   1041.667  1041.667  [       713]
 723 Permutate   1041.667  1041.667  [       713]
 724 Permutate   1041.667  1041.667  [       713]
 725 Permutate   1041.667  1041.667  [       713]
 726 Permutate   1041.667  1041.667  [       713]
 727 Permutate   1041.667  1041.667  [       713]
 728 Permutate   1041.667  1041.667  [       713]
 729 Permutate   1041.667  1041.667  [       713]
 730 Permutate   1041.667  1041.667  [       713]
 731 Permutate   1041.667  1041.667  [       713]
 732 Permutate   1041.667  1041.667  [       713]
 733 Permutate   1041.667  1041.667  [       713]
 734 Permutate   1041.667  1041.667  [       713]
 735 Permutate   1041.667  1041.667  [       713]
 736 Permutate   1041.667  1041.667  [       713]
 737 Permutate   1041.667  1041.667  [       713]
 738 Permutate   1041.667  1041.667  [       713]
 739 Permutate   1041.667  1041.667  [       713]
 740 Permutate   1041.667  1041.667  [       713]
 741 Permutate   1041.667  1041.667  [       713]
 742 Permutate   1041.667  1041.667  [       713]
 743 Permutate   1041.667  1041.667  [       713]
 744 keptBest    1041.667  1041.667  [       713]
 745 Permutate   1041.667  1041.667  [       744]
 746 Permutate   1041.667  1041.667  [       744]
 747 Permutate   1041.667  1041.667  [       744]
 748 Permutate   1041.667  1041.667  [       744]
 749 Permutate   1041.667  1041.667  [       744]
 750 Permutate   1041.667  1041.667  [       744]
 751 Permutate   1041.667  1041.667  [       744]
 752 Permutate   1041.667  1041.667  [       744]
 753 Permutate   1041.667  1041.667  [       744]
 754 Permutate   1041.667  1041.667  [       744]
 755 Permutate   1041.667  1041.667  [       744]
 756 Permutate   1041.667  1041.667  [       744]
 757 Permutate   1041.667  1041.667  [       744]
 758 Permutate   1041.667  1041.667  [       744]
 759 Permutate   1041.667  1041.667  [       744]
 760 Permutate   1041.667  1041.667  [       744]
 761 Permutate   1041.667  1041.667  [       744]
 762 Permutate   1041.667  1041.667  [       744]
 763 Permutate   1041.667  1041.667  [       744]
 764 Permutate   1041.667  1041.667  [       744]
 765 Permutate   1041.667  1041.667  [       744]
 766 Permutate   1041.667  1041.667  [       744]
 767 Permutate   1041.667  1041.667  [       744]
 768 Permutate   1041.667  1041.667  [       744]
 769 Permutate   1041.667  1041.667  [       744]
 770 Permutate   1041.667  1041.667  [       744]
 771 Permutate   1041.667  1041.667  [       744]
 772 Permutate   1041.667  1041.667  [       744]
 773 Permutate   1041.667  1041.667  [       744]
 774 Permutate   1041.667  1041.667  [       744]
 775 keptBest    1041.667  1041.667  [       744]
 776 Permutate   1041.667  1041.667  [       775]
 777 Permutate   1041.667  1041.667  [       775]
 778 Permutate   1041.667  1041.667  [       775]
 779 Permutate   1041.667  1041.667  [       775]
 780 Permutate   1041.667  1041.667  [       775]
 781 Permutate   1041.667  1041.667  [       775]
 782 Permutate   1041.667  1041.667  [       775]
 783 Permutate   1041.667  1041.667  [       775]
 784 Permutate   1041.667  1041.667  [       775]
 785 Permutate   1041.667  1041.667  [       775]
 786 Permutate   1041.667  1041.667  [       775]
 787 Permutate   1041.667  1041.667  [       775]
 788 Permutate   1041.667  1041.667  [       775]
 789 Permutate   1041.667  1041.667  [       775]
 790 Permutate   1041.667  1041.667  [       775]
 791 Permutate   1041.667  1041.667  [       775]
 792 Permutate   1041.667  1041.667  [       775]
 793 Permutate   1041.667  1041.667  [       775]
 794 Permutate   1041.667  1041.667  [       775]
 795 Permutate   1041.667  1041.667  [       775]
 796 Permutate   1041.667  1041.667  [       775]
 797 Permutate   1041.667  1041.667  [       775]
 798 Permutate   1041.667  1041.667  [       775]
 799 Permutate   1041.667  1041.667  [       775]
 800 Permutate   1041.667  1041.667  [       775]
 801 Permutate   1041.667  1041.667  [       775]
 802 Permutate   1041.667  1041.667  [       775]
 803 Permutate   1041.667  1041.667  [       775]
 804 Permutate   1041.667  1041.667  [       775]
 805 Permutate   1041.667  1041.667  [       775]
 806 keptBest    1041.667  1041.667  [       775]
 807 Permutate   1041.667  1041.667  [       806]
 808 Permutate   1041.667  1041.667  [       806]
 809 Permutate   1041.667  1041.667  [       806]
 810 Permutate   1041.667  1041.667  [       806]
 811 Permutate   1041.667  1041.667  [       806]
 812 Permutate   1041.667  1041.667  [       806]
 813 Permutate   1041.667  1041.667  [       806]
 814 Permutate   1041.667  1041.667  [       806]
 815 Permutate   1041.667  1041.667  [       806]
 816 Permutate   1041.667  1041.667  [       806]
 817 Permutate   1041.667  1041.667  [       806]
 818 Permutate   1041.667  1041.667  [       806]
 819 Permutate   1041.667  1041.667  [       806]
 820 Permutate   1041.667  1041.667  [       806]
 821 Permutate   1041.667  1041.667  [       806]
 822 Permutate   1041.667  1041.667  [       806]
 823 Permutate   1041.667  1041.667  [       806]
 824 Permutate   1041.667  1041.667  [       806]
 825 Permutate   1041.667  1041.667  [       806]
 826 Permutate   1041.667  1041.667  [       806]
 827 Permutate   1041.667  1041.667  [       806]
 828 Permutate   1041.667  1041.667  [       806]
 829 Permutate   1041.667  1041.667  [       806]
 830 Permutate   1041.667  1041.667  [       806]
 831 Permutate   1041.667  1041.667  [       806]
 832 Permutate   1041.667  1041.667  [       806]
 833 Permutate   1041.667  1041.667  [       806]
 834 Permutate   1041.667  1041.667  [       806]
 835 Permutate   1041.667  1041.667  [       806]
 836 Permutate   1041.667  1041.667  [       806]
 837 keptBest    1041.667  1041.667  [       806]
 838 Permutate   1041.667  1041.667  [       837]
 839 Permutate   1041.667  1041.667  [       837]
 840 Permutate   1041.667  1041.667  [       837]
 841 Permutate   1041.667  1041.667  [       837]
 842 Permutate   1041.667  1041.667  [       837]
 843 Permutate   1041.667  1041.667  [       837]
 844 Permutate   1041.667  1041.667  [       837]
 845 Permutate   1041.667  1041.667  [       837]
 846 Permutate   1041.667  1041.667  [       837]
 847 Permutate   1041.667  1041.667  [       837]
 848 Permutate   1041.667  1041.667  [       837]
 849 Permutate   1041.667  1041.667  [       837]
 850 Permutate   1041.667  1041.667  [       837]
 851 Permutate   1041.667  1041.667  [       837]
 852 Permutate   1041.667  1041.667  [       837]
 853 Permutate   1041.667  1041.667  [       837]
 854 Permutate   1041.667  1041.667  [       837]
 855 Permutate   1041.667  1041.667  [       837]
 856 Permutate   1041.667  1041.667  [       837]
 857 Permutate   1041.667  1041.667  [       837]
 858 Permutate   1041.667  1041.667  [       837]
 859 Permutate   1041.667  1041.667  [       837]
 860 Permutate   1041.667  1041.667  [       837]
 861 Permutate   1041.667  1041.667  [       837]
 862 Permutate   1041.667  1041.667  [       837]
 863 Permutate   1041.667  1041.667  [       837]
 864 Permutate   1041.667  1041.667  [       837]
 865 Permutate   1041.667  1041.667  [       837]
 866 Permutate   1041.667  1041.667  [       837]
 867 Permutate   1041.667  1041.667  [       837]
 868 keptBest    1041.667  1041.667  [       837]
 869 Permutate   1041.667  1041.667  [       868]
 870 Permutate   1041.667  1041.667  [       868]
 871 Permutate   1041.667  1041.667  [       868]
 872 Permutate   1041.667  1041.667  [       868]
 873 Permutate   1041.667  1041.667  [       868]
 874 Permutate   1041.667  1041.667  [       868]
 875 Permutate   1041.667  1041.667  [       868]
 876 Permutate   1041.667  1041.667  [       868]
 877 Permutate   1041.667  1041.667  [       868]
 878 Permutate   1041.667  1041.667  [       868]
 879 Permutate   1041.667  1041.667  [       868]
 880 Permutate   1041.667  1041.667  [       868]
 881 Permutate   1041.667  1041.667  [       868]
 882 Permutate   1041.667  1041.667  [       868]
 883 Permutate   1041.667  1041.667  [       868]
 884 Permutate   1041.667  1041.667  [       868]
 885 Permutate   1041.667  1041.667  [       868]
 886 Permutate   1041.667  1041.667  [       868]
 887 Permutate   1041.667  1041.667  [       868]
 888 Permutate   1041.667  1041.667  [       868]
 889 Permutate   1041.667  1041.667  [       868]
 890 Permutate   1041.667  1041.667  [       868]
 891 Permutate   1041.667  1041.667  [       868]
 892 Permutate   1041.667  1041.667  [       868]
 893 Permutate   1041.667  1041.667  [       868]
 894 Permutate   1041.667  1041.667  [       868]
 895 Permutate   1041.667  1041.667  [       868]
 896 Permutate   1041.667  1041.667  [       868]
 897 Permutate   1041.667  1041.667  [       868]
 898 Permutate   1041.667  1041.667  [       868]
 899 keptBest    1041.667  1041.667  [       868]
 900 Permutate   1041.667  1041.667  [       885]
 901 Permutate   1041.667  1041.667  [       885]
 902 Permutate   1041.667  1041.667  [       885]
 903 Permutate   1041.667  1041.667  [       885]
 904 Permutate   1041.667  1041.667  [       885]
 905 Permutate   1041.667  1041.667  [       885]
 906 Permutate   1041.667  1041.667  [       885]
 907 Permutate   1041.667  1041.667  [       885]
 908 Permutate   1041.667  1041.667  [       885]
 909 Permutate   1041.667  1041.667  [       885]
 910 Permutate   1041.667  1041.667  [       885]
 911 Permutate   1041.667  1041.667  [       885]
 912 Permutate   1041.667  1041.667  [       885]
 913 Permutate   1041.667  1041.667  [       885]
 914 Permutate   1041.667  1041.667  [       885]
 915 Permutate   1041.667  1041.667  [       885]
 916 Permutate   1041.667  1041.667  [       885]
 917 Permutate   1041.667  1041.667  [       885]
 918 Permutate   1041.667  1041.667  [       885]
 919 Permutate   1041.667  1041.667  [       885]
 920 Permutate   1041.667  1041.667  [       885]
 921 Permutate   1041.667  1041.667  [       885]
 922 Permutate   1041.667  1041.667  [       885]
 923 Permutate   1041.667  1041.667  [       885]
 924 Permutate   1041.667  1041.667  [       885]
 925 Permutate   1041.667  1041.667  [       885]
 926 Permutate   1041.667  1041.667  [       885]
 927 Permutate   1041.667  1041.667  [       885]
 928 Permutate   1041.667  1041.667  [       885]
 929 Permutate   1041.667  1041.667  [       885]
 930 keptBest    1041.667  1041.667  [       885]
 931 Permutate   1041.667  1041.667  [       930]
 932 Permutate   1041.667  1041.667  [       930]
 933 Permutate   1041.667  1041.667  [       930]
 934 Permutate   1041.667  1041.667  [       930]
 935 Permutate   1041.667  1041.667  [       930]
 936 Permutate   1041.667  1041.667  [       930]
 937 Permutate   1041.667  1041.667  [       930]
 938 Permutate   1041.667  1041.667  [       930]
 939 Permutate   1041.667  1041.667  [       930]
 940 Permutate   1041.667  1041.667  [       930]
 941 Permutate   1041.667  1041.667  [       930]
 942 Permutate   1041.667  1041.667  [       930]
 943 Permutate   1041.667  1041.667  [       930]
 944 Permutate   1041.667  1041.667  [       930]
 945 Permutate   1041.667  1041.667  [       930]
 946 Permutate   1041.667  1041.667  [       930]
 947 Permutate   1041.667  1041.667  [       930]
 948 Permutate   1041.667  1041.667  [       930]
 949 Permutate   1041.667  1041.667  [       930]
 950 Permutate   1041.667  1041.667  [       930]
 951 Permutate   1041.667  1041.667  [       930]
 952 Permutate   1041.667  1041.667  [       930]
 953 Permutate   1041.667  1041.667  [       930]
 954 Permutate   1041.667  1041.667  [       930]
 955 Permutate   1041.667  1041.667  [       930]
 956 Permutate   1041.667  1041.667  [       930]
 957 Permutate   1041.667  1041.667  [       930]
 958 Permutate   1041.667  1041.667  [       930]
 959 Permutate   1041.667  1041.667  [       930]
 960 Permutate   1041.667  1041.667  [       930]
 961 keptBest    1041.667  1041.667  [       930]
 962 Permutate   1041.667  1041.667  [       961]
 963 Permutate   1041.667  1041.667  [       961]
 964 Permutate   1041.667  1041.667  [       961]
 965 Permutate   1041.667  1041.667  [       961]
 966 Permutate   1041.667  1041.667  [       961]
 967 Permutate   1041.667  1041.667  [       961]
 968 Permutate   1041.667  1041.667  [       961]
 969 Permutate   1041.667  1041.667  [       961]
 970 Permutate   1041.667  1041.667  [       961]
 971 Permutate   1041.667  1041.667  [       961]
 972 Permutate   1041.667  1041.667  [       961]
 973 Permutate   1041.667  1041.667  [       961]
 974 Permutate   1041.667  1041.667  [       961]
 975 Permutate   1041.667  1041.667  [       961]
 976 Permutate   1041.667  1041.667  [       961]
 977 Permutate   1041.667  1041.667  [       961]
 978 Permutate   1041.667  1041.667  [       961]
 979 Permutate   1041.667  1041.667  [       961]
 980 Permutate   1041.667  1041.667  [       961]
 981 Permutate   1041.667  1041.667  [       961]
 982 Permutate   1041.667  1041.667  [       961]
 983 Permutate   1041.667  1041.667  [       961]
 984 Permutate   1041.667  1041.667  [       961]
 985 Permutate   1041.667  1041.667  [       961]
 986 Permutate   1041.667  1041.667  [       961]
 987 Permutate   1041.667  1041.667  [       961]
 988 Permutate   1041.667  1041.667  [       961]
 989 Permutate   1041.667  1041.667  [       961]
 990 Permutate   1041.667  1041.667  [       961]
 991 Permutate   1041.667  1041.667  [       961]
 992 keptBest    1041.667  1041.667  [       961]
 993 Permutate   1041.667  1041.667  [       992]
 994 Permutate   1041.667  1041.667  [       992]
 995 Permutate   1041.667  1041.667  [       992]
 996 Permutate   1041.667  1041.667  [       992]
 997 Permutate   1041.667  1041.667  [       992]
 998 Permutate   1041.667  1041.667  [       992]
 999 Permutate   1041.667  1041.667  [       992]
1000 Permutate   1041.667  1041.667  [       992]
1001 Permutate   1041.667  1041.667  [       992]
1002 Permutate   1041.667  1041.667  [       992]
1003 Permutate   1041.667  1041.667  [       992]
1004 Permutate   1041.667  1041.667  [       992]
1005 Permutate   1041.667  1041.667  [       992]
1006 Permutate   1041.667  1041.667  [       992]
1007 Permutate   1041.667  1041.667  [       992]
1008 Permutate   1041.667  1041.667  [       992]
1009 Permutate   1041.667  1041.667  [       992]
1010 Permutate   1041.667  1041.667  [       992]
1011 Permutate   1041.667  1041.667  [       992]
1012 Permutate   1041.667  1041.667  [       992]
1013 Permutate   1041.667  1041.667  [       992]
1014 Permutate   1041.667  1041.667  [       992]
1015 Permutate   1041.667  1041.667  [       992]
1016 Permutate   1041.667  1041.667  [       992]
1017 Permutate   1041.667  1041.667  [       992]
1018 Permutate   1041.667  1041.667  [       992]
1019 Permutate   1041.667  1041.667  [       992]
1020 Permutate   1041.667  1041.667  [       992]
1021 Permutate   1041.667  1041.667  [       992]
1022 Permutate   1041.667  1041.667  [       992]
1023 keptBest    1041.667  1041.667  [       992]
1024 Permutate   1041.667  1041.667  [      1023]
1025 Permutate   1041.667  1041.667  [      1023]
1026 Permutate   1041.667  1041.667  [      1023]
1027 Permutate   1041.667  1041.667  [      1023]
1028 Permutate   1041.667  1041.667  [      1023]
1029 Permutate   1041.667  1041.667  [      1023]
1030 Permutate   1041.667  1041.667  [      1023]
1031 Permutate   1041.667  1041.667  [      1023]
1032 Permutate   1041.667  1041.667  [      1023]
1033 Permutate   1041.667  1041.667  [      1023]
1034 Permutate   1041.667  1041.667  [      1023]
1035 Permutate   1041.667  1041.667  [      1023]
1036 Permutate   1041.667  1041.667  [      1023]
1037 Permutate   1041.667  1041.667  [      1023]
1038 Permutate   1041.667  1041.667  [      1023]
1039 Permutate   1041.667  1041.667  [      1023]
1040 Permutate   1041.667  1041.667  [      1023]
1041 Permutate   1041.667  1041.667  [      1023]
1042 Permutate   1041.667  1041.667  [      1023]
1043 Permutate   1041.667  1041.667  [      1023]
1044 Permutate   1041.667  1041.667  [      1023]
1045 Permutate   1041.667  1041.667  [      1023]
1046 Permutate   1041.667  1041.667  [      1023]
1047 Permutate   1041.667  1041.667  [      1023]
1048 Permutate   1041.667  1041.667  [      1023]
1049 Permutate   1041.667  1041.667  [      1023]
1050 Permutate   1041.667  1041.667  [      1023]
1051 Permutate   1041.667  1041.667  [      1023]
1052 Permutate   1041.667  1041.667  [      1023]
1053 Permutate   1041.667  1041.667  [      1023]
1054 keptBest    1041.667  1041.667  [      1023]
1055 Permutate   1041.667  1041.667  [      1043]
1056 Permutate   1041.667  1041.667  [      1043]
1057 Permutate   1041.667  1041.667  [      1043]
1058 Permutate   1041.667  1041.667  [      1043]
1059 Permutate   1041.667  1041.667  [      1043]
1060 Permutate   1041.667  1041.667  [      1043]
1061 Permutate   1041.667  1041.667  [      1043]
1062 Permutate   1041.667  1041.667  [      1043]
1063 Permutate   1041.667  1041.667  [      1043]
1064 Permutate   1041.667  1041.667  [      1043]
1065 Permutate   1041.667  1041.667  [      1043]
1066 Permutate   1041.667  1041.667  [      1043]
1067 Permutate   1041.667  1041.667  [      1043]
1068 Permutate   1041.667  1041.667  [      1043]
1069 Permutate   1041.667  1041.667  [      1043]
1070 Permutate   1041.667  1041.667  [      1043]
1071 Permutate   1041.667  1041.667  [      1043]
1072 Permutate   1041.667  1041.667  [      1043]
1073 Permutate   1041.667  1041.667  [      1043]
1074 Permutate   1041.667  1041.667  [      1043]
1075 Permutate   1041.667  1041.667  [      1043]
1076 Permutate   1041.667  1041.667  [      1043]
1077 Permutate   1041.667  1041.667  [      1043]
1078 Permutate   1041.667  1041.667  [      1043]
1079 Permutate   1041.667  1041.667  [      1043]
1080 Permutate   1041.667  1041.667  [      1043]
1081 Permutate   1041.667  1041.667  [      1043]
1082 Permutate   1041.667  1041.667  [      1043]
1083 Permutate   1041.667  1041.667  [      1043]
1084 Permutate   1041.667  1041.667  [      1043]
1085 keptBest    1041.667  1041.667  [      1043]
1086 Permutate   1041.667  1041.667  [      1085]
1087 Permutate   1041.667  1041.667  [      1085]
1088 Permutate   1041.667  1041.667  [      1085]
1089 Permutate   1041.667  1041.667  [      1085]
1090 Permutate   1041.667  1041.667  [      1085]
1091 Permutate   1041.667  1041.667  [      1085]
1092 Permutate   1041.667  1041.667  [      1085]
1093 Permutate   1041.667  1041.667  [      1085]
1094 Permutate   1041.667  1041.667  [      1085]
1095 Permutate   1041.667  1041.667  [      1085]
1096 Permutate   1041.667  1041.667  [      1085]
1097 Permutate   1041.667  1041.667  [      1085]
1098 Permutate   1041.667  1041.667  [      1085]
1099 Permutate   1041.667  1041.667  [      1085]
1100 Permutate   1041.667  1041.667  [      1085]
1101 Permutate   1041.667  1041.667  [      1085]
1102 Permutate   1041.667  1041.667  [      1085]
1103 Permutate   1041.667  1041.667  [      1085]
1104 Permutate   1041.667  1041.667  [      1085]
1105 Permutate   1041.667  1041.667  [      1085]
1106 Permutate   1041.667  1041.667  [      1085]
1107 Permutate   1041.667  1041.667  [      1085]
1108 Permutate   1041.667  1041.667  [      1085]
1109 Permutate   1041.667  1041.667  [      1085]
1110 Permutate   1041.667  1041.667  [      1085]
1111 Permutate   1041.667  1041.667  [      1085]
1112 Permutate   1041.667  1041.667  [      1085]
1113 Permutate   1041.667  1041.667  [      1085]
1114 Permutate   1041.667  1041.667  [      1085]
1115 Permutate   1041.667  1041.667  [      1085]
1116 keptBest    1041.667  1041.667  [      1085]
1117 Permutate   1041.667  1041.667  [      1086]
1118 Permutate   1041.667  1041.667  [      1086]
1119 Permutate   1041.667  1041.667  [      1086]
1120 Permutate   1041.667  1041.667  [      1086]
1121 Permutate   1041.667  1041.667  [      1086]
1122 Permutate   1041.667  1041.667  [      1086]
1123 Permutate   1041.667  1041.667  [      1086]
1124 Permutate   1041.667  1041.667  [      1086]
1125 Permutate   1041.667  1041.667  [      1086]
1126 Permutate   1041.667  1041.667  [      1086]
1127 Permutate   1041.667  1041.667  [      1086]
1128 Permutate   1041.667  1041.667  [      1086]
1129 Permutate   1041.667  1041.667  [      1086]
1130 Permutate   1041.667  1041.667  [      1086]
1131 Permutate   1041.667  1041.667  [      1086]
1132 Permutate   1041.667  1041.667  [      1086]
1133 Permutate   1041.667  1041.667  [      1086]
1134 Permutate   1041.667  1041.667  [      1086]
1135 Permutate   1041.667  1041.667  [      1086]
1136 Permutate   1041.667  1041.667  [      1086]
1137 Permutate   1041.667  1041.667  [      1086]
1138 Permutate   1041.667  1041.667  [      1086]
1139 Permutate   1041.667  1041.667  [      1086]
1140 Permutate   1041.667  1041.667  [      1086]
1141 Permutate   1041.667  1041.667  [      1086]
1142 Permutate   1041.667  1041.667  [      1086]
1143 Permutate   1041.667  1041.667  [      1086]
1144 Permutate   1041.667  1041.667  [      1086]
1145 Permutate   1041.667  1041.667  [      1086]
1146 Permutate   1041.667  1041.667  [      1086]
1147 keptBest    1041.667  1041.667  [      1086]
1148 Permutate   1041.667  1041.667  [      1147]
1149 Permutate   1041.667  1041.667  [      1147]
1150 Permutate   1041.667  1041.667  [      1147]
1151 Permutate   1041.667  1041.667  [      1147]
1152 Permutate   1041.667  1041.667  [      1147]
1153 Permutate   1041.667  1041.667  [      1147]
1154 Permutate   1041.667  1041.667  [      1147]
1155 Permutate   1041.667  1041.667  [      1147]
1156 Permutate   1041.667  1041.667  [      1147]
1157 Permutate   1041.667  1041.667  [      1147]
1158 Permutate   1041.667  1041.667  [      1147]
1159 Permutate   1041.667  1041.667  [      1147]
1160 Permutate   1041.667  1041.667  [      1147]
1161 Permutate   1041.667  1041.667  [      1147]
1162 Permutate   1041.667  1041.667  [      1147]
1163 Permutate   1041.667  1041.667  [      1147]
1164 Permutate   1041.667  1041.667  [      1147]
1165 Permutate   1041.667  1041.667  [      1147]
1166 Permutate   1041.667  1041.667  [      1147]
1167 Permutate   1041.667  1041.667  [      1147]
1168 Permutate   1041.667  1041.667  [      1147]
1169 Permutate   1041.667  1041.667  [      1147]
1170 Permutate   1041.667  1041.667  [      1147]
1171 Permutate   1041.667  1041.667  [      1147]
1172 Permutate   1041.667  1041.667  [      1147]
1173 Permutate   1041.667  1041.667  [      1147]
1174 Permutate   1041.667  1041.667  [      1147]
1175 Permutate   1041.667  1041.667  [      1147]
1176 Permutate   1041.667  1041.667  [      1147]
1177 Permutate   1041.667  1041.667  [      1147]
1178 keptBest    1041.667  1041.667  [      1147]
1179 Permutate   1041.667  1041.667  [      1178]
1180 Permutate   1041.667  1041.667  [      1178]
1181 Permutate   1041.667  1041.667  [      1178]
1182 Permutate   1041.667  1041.667  [      1178]
1183 Permutate   1041.667  1041.667  [      1178]
1184 Permutate   1041.667  1041.667  [      1178]
1185 Permutate   1041.667  1041.667  [      1178]
1186 Permutate   1041.667  1041.667  [      1178]
1187 Permutate   1041.667  1041.667  [      1178]
1188 Permutate   1041.667  1041.667  [      1178]
1189 Permutate   1041.667  1041.667  [      1178]
1190 Permutate   1041.667  1041.667  [      1178]
1191 Permutate   1041.667  1041.667  [      1178]
1192 Permutate   1041.667  1041.667  [      1178]
1193 Permutate   1041.667  1041.667  [      1178]
1194 Permutate   1041.667  1041.667  [      1178]
1195 Permutate   1041.667  1041.667  [      1178]
1196 Permutate   1041.667  1041.667  [      1178]
1197 Permutate   1041.667  1041.667  [      1178]
1198 Permutate   1041.667  1041.667  [      1178]
1199 Permutate   1041.667  1041.667  [      1178]
1200 Permutate   1041.667  1041.667  [      1178]
1201 Permutate   1041.667  1041.667  [      1178]
1202 Permutate   1041.667  1041.667  [      1178]
1203 Permutate   1041.667  1041.667  [      1178]
1204 Permutate   1041.667  1041.667  [      1178]
1205 Permutate   1041.667  1041.667  [      1178]
1206 Permutate   1041.667  1041.667  [      1178]
1207 Permutate   1041.667  1041.667  [      1178]
1208 Permutate   1041.667  1041.667  [      1178]
1209 keptBest    1041.667  1041.667  [      1178]
1210 Permutate   1041.667  1041.667  [      1209]
1211 Permutate   1041.667  1041.667  [      1209]
1212 Permutate   1041.667  1041.667  [      1209]
1213 Permutate   1041.667  1041.667  [      1209]
1214 Permutate   1041.667  1041.667  [      1209]
1215 Permutate   1041.667  1041.667  [      1209]
1216 Permutate   1041.667  1041.667  [      1209]
1217 Permutate   1041.667  1041.667  [      1209]
1218 Permutate   1041.667  1041.667  [      1209]
1219 Permutate   1041.667  1041.667  [      1209]
1220 Permutate   1041.667  1041.667  [      1209]
1221 Permutate   1041.667  1041.667  [      1209]
1222 Permutate   1041.667  1041.667  [      1209]
1223 Permutate   1041.667  1041.667  [      1209]
1224 Permutate   1041.667  1041.667  [      1209]
1225 Permutate   1041.667  1041.667  [      1209]
1226 Permutate   1041.667  1041.667  [      1209]
1227 Permutate   1041.667  1041.667  [      1209]
1228 Permutate   1041.667  1041.667  [      1209]
1229 Permutate   1041.667  1041.667  [      1209]
1230 Permutate   1041.667  1041.667  [      1209]
1231 Permutate   1041.667  1041.667  [      1209]
1232 Permutate   1041.667  1041.667  [      1209]
1233 Permutate   1041.667  1041.667  [      1209]
1234 Permutate   1041.667  1041.667  [      1209]
1235 Permutate   1041.667  1041.667  [      1209]
1236 Permutate   1041.667  1041.667  [      1209]
1237 Permutate   1041.667  1041.667  [      1209]
1238 Permutate   1041.667  1041.667  [      1209]
1239 Permutate   1041.667  1041.667  [      1209]
1240 keptBest    1041.667  1041.667  [      1209]
1241 Permutate   1041.667  1041.667  [      1240]
1242 Permutate   1041.667  1041.667  [      1240]
1243 Permutate   1041.667  1041.667  [      1240]
1244 Permutate   1041.667  1041.667  [      1240]
1245 Permutate   1041.667  1041.667  [      1240]
1246 Permutate   1041.667  1041.667  [      1240]
1247 Permutate   1041.667  1041.667  [      1240]
1248 Permutate   1041.667  1041.667  [      1240]
1249 Permutate   1041.667  1041.667  [      1240]
1250 Permutate   1041.667  1041.667  [      1240]
1251 Permutate   1041.667  1041.667  [      1240]
1252 Permutate   1041.667  1041.667  [      1240]
1253 Permutate   1041.667  1041.667  [      1240]
1254 Permutate   1041.667  1041.667  [      1240]
1255 Permutate   1041.667  1041.667  [      1240]
1256 Permutate   1041.667  1041.667  [      1240]
1257 Permutate   1041.667  1041.667  [      1240]
1258 Permutate   1041.667  1041.667  [      1240]
1259 Permutate   1041.667  1041.667  [      1240]
1260 Permutate   1041.667  1041.667  [      1240]
1261 Permutate   1041.667  1041.667  [      1240]
1262 Permutate   1041.667  1041.667  [      1240]
1263 Permutate   1041.667  1041.667  [      1240]
1264 Permutate   1041.667  1041.667  [      1240]
1265 Permutate   1041.667  1041.667  [      1240]
1266 Permutate   1041.667  1041.667  [      1240]
1267 Permutate   1041.667  1041.667  [      1240]
1268 Permutate   1041.667  1041.667  [      1240]
1269 Permutate   1041.667  1041.667  [      1240]
1270 Permutate   1041.667  1041.667  [      1240]
1271 keptBest    1041.667  1041.667  [      1240]
1272 Permutate   1041.667  1041.667  [      1257]
1273 Permutate   1041.667  1041.667  [      1257]
1274 Permutate   1041.667  1041.667  [      1257]
1275 Permutate   1041.667  1041.667  [      1257]
1276 Permutate   1041.667  1041.667  [      1257]
1277 Permutate   1041.667  1041.667  [      1257]
1278 Permutate   1041.667  1041.667  [      1257]
1279 Permutate   1041.667  1041.667  [      1257]
1280 Permutate   1041.667  1041.667  [      1257]
1281 Permutate   1041.667  1041.667  [      1257]
1282 Permutate   1041.667  1041.667  [      1257]
1283 Permutate   1041.667  1041.667  [      1257]
1284 Permutate   1041.667  1041.667  [      1257]
1285 Permutate   1041.667  1041.667  [      1257]
1286 Permutate   1041.667  1041.667  [      1257]
1287 Permutate   1041.667  1041.667  [      1257]
1288 Permutate   1041.667  1041.667  [      1257]
1289 Permutate   1041.667  1041.667  [      1257]
1290 Permutate   1041.667  1041.667  [      1257]
1291 Permutate   1041.667  1041.667  [      1257]
1292 Permutate   1041.667  1041.667  [      1257]
1293 Permutate   1041.667  1041.667  [      1257]
1294 Permutate   1041.667  1041.667  [      1257]
1295 Permutate   1041.667  1041.667  [      1257]
1296 Permutate   1041.667  1041.667  [      1257]
1297 Permutate   1041.667  1041.667  [      1257]
1298 Permutate   1041.667  1041.667  [      1257]
1299 Permutate   1041.667  1041.667  [      1257]
1300 Permutate   1041.667  1041.667  [      1257]
1301 Permutate   1041.667  1041.667  [      1257]
1302 keptBest    1041.667  1041.667  [      1257]
1303 Permutate   1041.667  1041.667  [      1284]
1304 Permutate   1041.667  1041.667  [      1284]
1305 Permutate   1041.667  1041.667  [      1284]
1306 Permutate   1041.667  1041.667  [      1284]
1307 Permutate   1041.667  1041.667  [      1284]
1308 Permutate   1041.667  1041.667  [      1284]
1309 Permutate   1041.667  1041.667  [      1284]
1310 Permutate   1041.667  1041.667  [      1284]
1311 Permutate   1041.667  1041.667  [      1284]
1312 Permutate   1041.667  1041.667  [      1284]
1313 Permutate   1041.667  1041.667  [      1284]
1314 Permutate   1041.667  1041.667  [      1284]
1315 Permutate   1041.667  1041.667  [      1284]
1316 Permutate   1041.667  1041.667  [      1284]
1317 Permutate   1041.667  1041.667  [      1284]
1318 Permutate   1041.667  1041.667  [      1284]
1319 Permutate   1041.667  1041.667  [      1284]
1320 Permutate   1041.667  1041.667  [      1284]
1321 Permutate   1041.667  1041.667  [      1284]
1322 Permutate   1041.667  1041.667  [      1284]
1323 Permutate   1041.667  1041.667  [      1284]
1324 Permutate   1041.667  1041.667  [      1284]
1325 Permutate   1041.667  1041.667  [      1284]
1326 Permutate   1041.667  1041.667  [      1284]
1327 Permutate   1041.667  1041.667  [      1284]
1328 Permutate   1041.667  1041.667  [      1284]
1329 Permutate   1041.667  1041.667  [      1284]
1330 Permutate   1041.667  1041.667  [      1284]
1331 Permutate   1041.667  1041.667  [      1284]
1332 Permutate   1041.667  1041.667  [      1284]
1333 keptBest    1041.667  1041.667  [      1284]
1334 Permutate   1041.667  1041.667  [      1333]
1335 Permutate   1041.667  1041.667  [      1333]
1336 Permutate   1041.667  1041.667  [      1333]
1337 Permutate   1041.667  1041.667  [      1333]
1338 Permutate   1041.667  1041.667  [      1333]
1339 Permutate   1041.667  1041.667  [      1333]
1340 Permutate   1041.667  1041.667  [      1333]
1341 Permutate   1041.667  1041.667  [      1333]
1342 Permutate   1041.667  1041.667  [      1333]
1343 Permutate   1041.667  1041.667  [      1333]
1344 Permutate   1041.667  1041.667  [      1333]
1345 Permutate   1041.667  1041.667  [      1333]
1346 Permutate   1041.667  1041.667  [      1333]
1347 Permutate   1041.667  1041.667  [      1333]
1348 Permutate   1041.667  1041.667  [      1333]
1349 Permutate   1041.667  1041.667  [      1333]
1350 Permutate   1041.667  1041.667  [      1333]
1351 Permutate   1041.667  1041.667  [      1333]
1352 Permutate   1041.667  1041.667  [      1333]
1353 Permutate   1041.667  1041.667  [      1333]
1354 Permutate   1041.667  1041.667  [      1333]
1355 Permutate   1041.667  1041.667  [      1333]
1356 Permutate   1041.667  1041.667  [      1333]
1357 Permutate   1041.667  1041.667  [      1333]
1358 Permutate   1041.667  1041.667  [      1333]
1359 Permutate   1041.667  1041.667  [      1333]
1360 Permutate   1041.667  1041.667  [      1333]
1361 Permutate   1041.667  1041.667  [      1333]
1362 Permutate   1041.667  1041.667  [      1333]
1363 Permutate   1041.667  1041.667  [      1333]
1364 keptBest    1041.667  1041.667  [      1333]
1365 Permutate   1041.667  1041.667  [      1364]
1366 Permutate   1041.667  1041.667  [      1364]
1367 Permutate   1041.667  1041.667  [      1364]
1368 Permutate   1041.667  1041.667  [      1364]
1369 Permutate   1041.667  1041.667  [      1364]
1370 Permutate   1041.667  1041.667  [      1364]
1371 Permutate   1041.667  1041.667  [      1364]
1372 Permutate   1041.667  1041.667  [      1364]
1373 Permutate   1041.667  1041.667  [      1364]
1374 Permutate   1041.667  1041.667  [      1364]
1375 Permutate   1041.667  1041.667  [      1364]
1376 Permutate   1041.667  1041.667  [      1364]
1377 Permutate   1041.667  1041.667  [      1364]
1378 Permutate   1041.667  1041.667  [      1364]
1379 Permutate   1041.667  1041.667  [      1364]
1380 Permutate   1041.667  1041.667  [      1364]
1381 Permutate   1041.667  1041.667  [      1364]
1382 Permutate   1041.667  1041.667  [      1364]
1383 Permutate   1041.667  1041.667  [      1364]
1384 Permutate   1041.667  1041.667  [      1364]
1385 Permutate   1041.667  1041.667  [      1364]
1386 Permutate   1041.667  1041.667  [      1364]
1387 Permutate   1041.667  1041.667  [      1364]
1388 Permutate   1041.667  1041.667  [      1364]
1389 Permutate   1041.667  1041.667  [      1364]
1390 Permutate   1041.667  1041.667  [      1364]
1391 Permutate   1041.667  1041.667  [      1364]
1392 Permutate   1041.667  1041.667  [      1364]
1393 Permutate   1041.667  1041.667  [      1364]
1394 Permutate   1041.667  1041.667  [      1364]
1395 keptBest    1041.667  1041.667  [      1364]
1396 Permutate   1041.667  1041.667  [      1395]
1397 Permutate   1041.667  1041.667  [      1395]
1398 Permutate   1041.667  1041.667  [      1395]
1399 Permutate   1041.667  1041.667  [      1395]
1400 Permutate   1041.667  1041.667  [      1395]
1401 Permutate   1041.667  1041.667  [      1395]
1402 Permutate   1041.667  1041.667  [      1395]
1403 Permutate   1041.667  1041.667  [      1395]
1404 Permutate   1041.667  1041.667  [      1395]
1405 Permutate   1041.667  1041.667  [      1395]
1406 Permutate   1041.667  1041.667  [      1395]
1407 Permutate   1041.667  1041.667  [      1395]
1408 Permutate   1041.667  1041.667  [      1395]
1409 Permutate   1041.667  1041.667  [      1395]
1410 Permutate   1041.667  1041.667  [      1395]
1411 Permutate   1041.667  1041.667  [      1395]
1412 Permutate   1041.667  1041.667  [      1395]
1413 Permutate   1041.667  1041.667  [      1395]
1414 Permutate   1041.667  1041.667  [      1395]
1415 Permutate   1041.667  1041.667  [      1395]
1416 Permutate   1041.667  1041.667  [      1395]
1417 Permutate   1041.667  1041.667  [      1395]
1418 Permutate   1041.667  1041.667  [      1395]
1419 Permutate   1041.667  1041.667  [      1395]
1420 Permutate   1041.667  1041.667  [      1395]
1421 Permutate   1041.667  1041.667  [      1395]
1422 Permutate   1041.667  1041.667  [      1395]
1423 Permutate   1041.667  1041.667  [      1395]
1424 Permutate   1041.667  1041.667  [      1395]
1425 Permutate   1041.667  1041.667  [      1395]
1426 keptBest    1041.667  1041.667  [      1395]
1427 Permutate   1041.667  1041.667  [      1416]
1428 Permutate   1041.667  1041.667  [      1416]
1429 Permutate   1041.667  1041.667  [      1416]
1430 Permutate   1041.667  1041.667  [      1416]
1431 Permutate   1041.667  1041.667  [      1416]
1432 Permutate   1041.667  1041.667  [      1416]
1433 Permutate   1041.667  1041.667  [      1416]
1434 Permutate   1041.667  1041.667  [      1416]
1435 Permutate   1041.667  1041.667  [      1416]
1436 Permutate   1041.667  1041.667  [      1416]
1437 Permutate   1041.667  1041.667  [      1416]
1438 Permutate   1041.667  1041.667  [      1416]
1439 Permutate   1041.667  1041.667  [      1416]
1440 Permutate   1041.667  1041.667  [      1416]
1441 Permutate   1041.667  1041.667  [      1416]
1442 Permutate   1041.667  1041.667  [      1416]
1443 Permutate   1041.667  1041.667  [      1416]
1444 Permutate   1041.667  1041.667  [      1416]
1445 Permutate   1041.667  1041.667  [      1416]
1446 Permutate   1041.667  1041.667  [      1416]
1447 Permutate   1041.667  1041.667  [      1416]
1448 Permutate   1041.667  1041.667  [      1416]
1449 Permutate   1041.667  1041.667  [      1416]
1450 Permutate   1041.667  1041.667  [      1416]
1451 Permutate   1041.667  1041.667  [      1416]
1452 Permutate   1041.667  1041.667  [      1416]
1453 Permutate   1041.667  1041.667  [      1416]
1454 Permutate   1041.667  1041.667  [      1416]
1455 Permutate   1041.667  1041.667  [      1416]
1456 Permutate   1041.667  1041.667  [      1416]
1457 keptBest    1041.667  1041.667  [      1416]
1458 Permutate   1041.667  1041.667  [      1457]
1459 Permutate   1041.667  1041.667  [      1457]
1460 Permutate   1041.667  1041.667  [      1457]
1461 Permutate   1041.667  1041.667  [      1457]
1462 Permutate   1041.667  1041.667  [      1457]
1463 Permutate   1041.667  1041.667  [      1457]
1464 Permutate   1041.667  1041.667  [      1457]
1465 Permutate   1041.667  1041.667  [      1457]
1466 Permutate   1041.667  1041.667  [      1457]
1467 Permutate   1041.667  1041.667  [      1457]
1468 Permutate   1041.667  1041.667  [      1457]
1469 Permutate   1041.667  1041.667  [      1457]
1470 Permutate   1041.667  1041.667  [      1457]
1471 Permutate   1041.667  1041.667  [      1457]
1472 Permutate   1041.667  1041.667  [      1457]
1473 Permutate   1041.667  1041.667  [      1457]
1474 Permutate   1041.667  1041.667  [      1457]
1475 Permutate   1041.667  1041.667  [      1457]
1476 Permutate   1041.667  1041.667  [      1457]
1477 Permutate   1041.667  1041.667  [      1457]
1478 Permutate   1041.667  1041.667  [      1457]
1479 Permutate   1041.667  1041.667  [      1457]
1480 Permutate   1041.667  1041.667  [      1457]
1481 Permutate   1041.667  1041.667  [      1457]
1482 Permutate   1041.667  1041.667  [      1457]
1483 Permutate   1041.667  1041.667  [      1457]
1484 Permutate   1041.667  1041.667  [      1457]
1485 Permutate   1041.667  1041.667  [      1457]
1486 Permutate   1041.667  1041.667  [      1457]
1487 Permutate   1041.667  1041.667  [      1457]
1488 keptBest    1041.667  1041.667  [      1457]
1489 Permutate   1041.667  1041.667  [      1488]
1490 Permutate   1041.667  1041.667  [      1488]
1491 Permutate   1041.667  1041.667  [      1488]
1492 Permutate   1041.667  1041.667  [      1488]
1493 Permutate   1041.667  1041.667  [      1488]
1494 Permutate   1041.667  1041.667  [      1488]
1495 Permutate   1041.667  1041.667  [      1488]
1496 Permutate   1041.667  1041.667  [      1488]
1497 Permutate   1041.667  1041.667  [      1488]
1498 Permutate   1041.667  1041.667  [      1488]
1499 Permutate   1041.667  1041.667  [      1488]
1500 Permutate   1041.667  1041.667  [      1488]
1501 Permutate   1041.667  1041.667  [      1488]
1502 Permutate   1041.667  1041.667  [      1488]
1503 Permutate   1041.667  1041.667  [      1488]
1504 Permutate   1041.667  1041.667  [      1488]
1505 Permutate   1041.667  1041.667  [      1488]
1506 Permutate   1041.667  1041.667  [      1488]
1507 Permutate   1041.667  1041.667  [      1488]
1508 Permutate   1041.667  1041.667  [      1488]
1509 Permutate   1041.667  1041.667  [      1488]
1510 Permutate   1041.667  1041.667  [      1488]
1511 Permutate   1041.667  1041.667  [      1488]
1512 Permutate   1041.667  1041.667  [      1488]
1513 Permutate   1041.667  1041.667  [      1488]
1514 Permutate   1041.667  1041.667  [      1488]
1515 Permutate   1041.667  1041.667  [      1488]
1516 Permutate   1041.667  1041.667  [      1488]
1517 Permutate   1041.667  1041.667  [      1488]
1518 Permutate   1041.667  1041.667  [      1488]
1519 keptBest    1041.667  1041.667  [      1488]
