Gen   ID    Origin   Composition    Enthalpy   Volume  Density   Fitness   KPOINTS  SYMM  Q_entr A_order S_order
                                      (eV)     (A^3)  (g/cm^3)
  1   12   Random    [     36    ]  -160.844  1759.708   3.259   -160.844 [ 1  1  1]   0  0.041  0.009  0.003
  2   81 keptBest    [     36    ]  -160.844  1759.708   3.259   -160.844 [ 1  1  1]   0  0.041  0.009  0.003
  3  104 Heredity    [     36    ]  -160.891  1794.101   3.197   -160.891 [ 1  1  1]   0  0.041  0.009  0.003
  4  142 Heredity    [     36    ]  -160.891  1794.118   3.197   -160.891 [ 1  1  1]   0  0.041  0.009  0.003
  5  219 keptBest    [     36    ]  -160.891  1794.118   3.197   -160.891 [ 1  1  1]   0  0.041  0.009  0.003
  6  233 Heredity    [     36    ]  -160.941  1772.415   3.236   -160.941 [ 1  1  1]   0  0.095  0.009  0.002
  7  273 Heredity    [     36    ]  -161.825  1714.668   3.345   -161.825 [ 1  1  1]   0  0.097  0.009  0.002
  8  352 softmutate  [     36    ]  -161.825  1714.669   3.345   -161.825 [ 1  1  1]   0  0.097  0.009  0.002
  9  394 softmutate  [     36    ]  -161.825  1714.670   3.345   -161.825 [ 1  1  1]   0  0.097  0.009  0.002
 10  449 keptBest    [     36    ]  -161.825  1714.670   3.345   -161.825 [ 1  1  1]   0  0.097  0.009  0.002
 11  495 keptBest    [     36    ]  -161.825  1714.670   3.345   -161.825 [ 1  1  1]   0  0.097  0.009  0.002
 12  534 softmutate  [     36    ]  -161.825  1714.666   3.345   -161.825 [ 1  1  1]   0  0.097  0.009  0.002
 13  587 keptBest    [     36    ]  -161.825  1714.666   3.345   -161.825 [ 1  1  1]   0  0.097  0.009  0.002
 14  593 Heredity    [     36    ]  -161.825  1714.653   3.345   -161.825 [ 1  1  1]   0  0.097  0.009  0.002
 15  679 keptBest    [     36    ]  -161.825  1714.653   3.345   -161.825 [ 1  1  1]   0  0.097  0.009  0.002
 16  725 keptBest    [     36    ]  -161.825  1714.653   3.345   -161.825 [ 1  1  1]   0  0.097  0.009  0.002
 17  767 softmutate  [     36    ]  -161.825  1714.651   3.345   -161.825 [ 1  1  1]   0  0.097  0.009  0.002
 18  810 softmutate  [     36    ]  -161.825  1714.651   3.345   -161.825 [ 1  1  1]   0  0.097  0.009  0.002
 19  835 Heredity    [     36    ]  -161.825  1714.653   3.345   -161.825 [ 1  1  1]   0  0.097  0.009  0.002
 20  908 softmutate  [     36    ]  -161.825  1714.652   3.345   -161.825 [ 1  1  1]   0  0.097  0.009  0.002
 21  955 keptBest    [     36    ]  -161.825  1714.652   3.345   -161.825 [ 1  1  1]   0  0.097  0.009  0.002
 22 1001 keptBest    [     36    ]  -161.825  1714.652   3.345   -161.825 [ 1  1  1]   0  0.097  0.009  0.002
 23 1047 keptBest    [     36    ]  -161.825  1714.652   3.345   -161.825 [ 1  1  1]   0  0.097  0.009  0.002
 24 1093 keptBest    [     36    ]  -161.825  1714.652   3.345   -161.825 [ 1  1  1]   0  0.097  0.009  0.002
 25 1136 softmutate  [     36    ]  -161.825  1714.652   3.345   -161.825 [ 1  1  1]   0  0.097  0.009  0.002
 26 1185 keptBest    [     36    ]  -161.825  1714.652   3.345   -161.825 [ 1  1  1]   0  0.097  0.009  0.002
