  ID   Compositions    Enthalpies    Volumes    fitness  SYMM
                       (eV/atom)    (A^3/atom)    ()         
 767  [     36    ]     -4.4951     47.6292   -161.8254     0
1026  [     36    ]     -4.4711     45.6000   -160.9598     0
 104  [     36    ]     -4.4692     49.8361   -160.8914     0
 510  [     36    ]     -4.4507     52.9894   -160.2242     0
 549  [     36    ]     -4.4455     44.3273   -160.0394     0
1060  [     36    ]     -4.4454     54.0693   -160.0356     0
 302  [     36    ]     -4.4412     48.7123   -159.8818     0
 446  [     36    ]     -4.4386     44.6975   -159.7880     0
 487  [     36    ]     -4.4374     45.3019   -159.7466     0
1177  [     36    ]     -4.4360     42.4331   -159.6958     0
 347  [     36    ]     -4.4311     53.0400   -159.5189     0
 412  [     36    ]     -4.4297     51.4844   -159.4708     0
 237  [     36    ]     -4.4287     44.1911   -159.4329     0
 986  [     36    ]     -4.4266     45.9846   -159.3577     0
 570  [     36    ]     -4.4218     41.1439   -159.1862     0
 106  [     36    ]     -4.4216     46.7905   -159.1786     0
 409  [     36    ]     -4.4216     44.8688   -159.1771     0
 687  [     36    ]     -4.4196     47.0522   -159.1038     0
 556  [     36    ]     -4.4191     50.3111   -159.0868     0
 646  [     36    ]     -4.4185     49.8202   -159.0669     0
 458  [     36    ]     -4.4161     48.7201   -158.9793     0
1115  [     36    ]     -4.4144     50.7170   -158.9174     0
 987  [     36    ]     -4.4144     49.8527   -158.9166     0
 503  [     36    ]     -4.4139     46.2791   -158.9021     0
 833  [     36    ]     -4.4124     48.6910   -158.8448     0
 717  [     36    ]     -4.4082     46.9931   -158.6944     0
1135  [     36    ]     -4.4072     41.9124   -158.6603     0
 841  [     36    ]     -4.4068     51.4767   -158.6450     0
1146  [     36    ]     -4.4062     47.4766   -158.6229     0
 599  [     36    ]     -4.4034     46.6825   -158.5241     0
 665  [     36    ]     -4.4030     36.0208   -158.5063     0
 164  [     36    ]     -4.4022     48.2121   -158.4800     0
 964  [     36    ]     -4.4019     46.4936   -158.4688     0
1025  [     36    ]     -4.3995     50.5356   -158.3824     0
1043  [     36    ]     -4.3989     46.0309   -158.3587     0
 757  [     36    ]     -4.3988     40.4172   -158.3584     0
 753  [     36    ]     -4.3975     46.4170   -158.3097     0
 608  [     36    ]     -4.3969     48.4490   -158.2878     0
1149  [     36    ]     -4.3968     51.0721   -158.2856     0
 942  [     36    ]     -4.3954     43.0040   -158.2351     0
