 ID    Origin    Enthalpy   Parent-E   Parent-ID
   1   Random      -4.071    -4.071  [         0]
   2   Random      -4.264    -4.264  [         0]
   3   Random      -4.401    -4.401  [         0]
   4   Random      -4.276    -4.276  [         0]
   5   Random      -4.231    -4.231  [         0]
   6   Random      -4.214    -4.214  [         0]
   7   Random      -4.243    -4.243  [         0]
   8   Random      -4.267    -4.267  [         0]
   9   Random      -4.060    -4.060  [         0]
  10   Random      -4.332    -4.332  [         0]
  11   Random      -4.401    -4.401  [         0]
  12   Random      -4.468    -4.468  [         0]
  13   Random      -4.216    -4.216  [         0]
  14   Random      -4.281    -4.281  [         0]
  15   Random      -4.310    -4.310  [         0]
  16   Random      -4.375    -4.375  [         0]
  17   Random      -4.363    -4.363  [         0]
  18   Random      -4.345    -4.345  [         0]
  19   Random      -4.188    -4.188  [         0]
  20   Random      -4.141    -4.141  [         0]
  21   Random      -4.043    -4.043  [         0]
  22   Random      -4.198    -4.198  [         0]
  23   Random      -4.405    -4.405  [         0]
  24   Random      -4.194    -4.194  [         0]
  25   Random      -4.047    -4.047  [         0]
  26   Random      -4.056    -4.056  [         0]
  27   Random      -4.278    -4.278  [         0]
  28   Random      -4.075    -4.075  [         0]
  29   Random      -4.196    -4.196  [         0]
  30   Random      -4.203    -4.203  [         0]
  31   Random      -4.216    -4.216  [         0]
  32   Random      -3.969    -3.969  [         0]
  33   Random      -4.120    -4.120  [         0]
  34   Random      -4.285    -4.285  [         0]
  35   Random      -4.437    -4.437  [         0]
  36   Random      -4.112    -4.112  [         0]
  37   Random      -4.349    -4.349  [         0]
  38   Random      -4.275    -4.275  [         0]
  39   Random      -4.241    -4.241  [         0]
  40   Random      -4.432    -4.432  [         0]
  41 Heredity      -4.338    -4.324  [    40  31]
  42 Heredity      -4.406    -4.333  [    22  12]
  43 Heredity      -4.435    -4.263  [    34  39]
  44 Heredity      -4.292    -4.436  [    12  23]
  45 Heredity      -4.354    -4.434  [    35  40]
  46 Heredity      -4.382    -4.251  [    34  13]
  47 Heredity      -4.242    -4.406  [    35  16]
  48 Heredity      -4.268    -4.340  [    11  27]
  49 Heredity      -4.302    -4.342  [    12  31]
  50 Heredity      -4.344    -4.389  [    12  15]
  51 Heredity      -4.308    -4.382  [    10  40]
  52 Heredity      -4.415    -4.356  [    37  17]
  53 Heredity      -4.364    -4.325  [    38  16]
  54 Heredity      -4.413    -4.436  [    23  12]
  55 Heredity      -4.323    -4.312  [    37  38]
  56 Heredity      -4.413    -4.393  [    37  35]
  57 Heredity      -4.459    -4.450  [    40  12]
  58 Heredity      -4.379    -4.308  [     8  37]
  59 Heredity      -4.445    -4.408  [    12  37]
  60 Heredity      -4.351    -4.348  [    10  17]
  61   Random      -4.307    -4.307  [         0]
  62   Random      -4.338    -4.338  [         0]
  63   Random      -4.260    -4.260  [         0]
  64   Random      -4.343    -4.343  [         0]
  65   Random      -4.173    -4.173  [         0]
  66   Random      -4.125    -4.125  [         0]
  67   Random      -4.311    -4.311  [         0]
  68   Random      -4.309    -4.309  [         0]
  69 softmutate    -4.432    -4.432  [        40]
  70 softmutate    -4.210    -4.405  [        23]
  71 softmutate    -4.363    -4.363  [        17]
  72 softmutate    -4.437    -4.437  [        35]
  73 softmutate    -4.405    -4.405  [        23]
  74 softmutate    -4.432    -4.432  [        40]
  75 softmutate    -4.401    -4.401  [        11]
  76 softmutate    -4.318    -4.405  [        23]
  77 softmutate    -4.437    -4.437  [        35]
  78 softmutate    -4.405    -4.405  [        23]
  79 softmutate    -4.375    -4.375  [        16]
  80 softmutate    -4.317    -4.401  [        11]
  81 keptBest      -4.468    -4.468  [        12]
  82 keptBest      -4.432    -4.432  [        40]
  83 keptBest      -4.405    -4.405  [        23]
  84 keptBest      -4.401    -4.401  [        11]
  85 keptBest      -4.375    -4.375  [        16]
  86 keptBest      -4.363    -4.363  [        17]
  87 Heredity      -4.338    -4.407  [    54  75]
  88 Heredity      -4.373    -4.420  [    43  83]
  89 Heredity      -4.288    -4.392  [    59  41]
  90 Heredity      -4.384    -4.379  [    52  64]
  91 Heredity      -4.374    -4.383  [    53  75]
  92 Heredity      -4.354    -4.373  [    46  53]
  93 Heredity      -4.401    -4.440  [    59  43]
  94 Heredity      -4.360    -4.424  [    43  54]
  95 Heredity      -4.383    -4.414  [    59  46]
  96 Heredity      -4.308    -4.414  [    54  52]
  97 Heredity      -4.347    -4.375  [    76  69]
  98 Heredity      -4.419    -4.407  [    54  75]
  99 Heredity      -4.386    -4.424  [    54  43]
 100 Heredity      -4.278    -4.435  [    75  81]
 101 Heredity      -4.389    -4.416  [    53  81]
 102 Heredity      -4.348    -4.417  [    69  75]
 103 Heredity      -4.367    -4.430  [    52  59]
 104 Heredity      -4.469    -4.450  [    81  69]
 105 Heredity      -4.369    -4.362  [    55  75]
 106 Heredity      -4.422    -4.425  [    52  43]
 107 Heredity      -4.280    -4.398  [    69  53]
 108 Heredity      -4.409    -4.408  [    75  52]
 109   Random      -4.390    -4.390  [         0]
 110   Random      -4.394    -4.394  [         0]
 111   Random      -4.371    -4.371  [         0]
 112   Random      -4.204    -4.204  [         0]
 113   Random      -4.131    -4.131  [         0]
 114   Random      -3.521    -3.521  [         0]
 115   Random      -4.324    -4.324  [         0]
 116   Random      -4.359    -4.359  [         0]
 117   Random      -4.371    -4.371  [         0]
 118   Random      -4.374    -4.374  [         0]
 119 softmutate    -4.445    -4.445  [        59]
 120 softmutate    -4.468    -4.468  [        81]
 121 softmutate    -4.419    -4.375  [        79]
 122 softmutate    -4.405    -4.405  [        83]
 123 softmutate    -4.412    -4.413  [        54]
 124 softmutate    -4.261    -4.375  [        79]
 125 softmutate    -4.415    -4.415  [        52]
 126 softmutate    -4.337    -4.318  [        76]
 127 keptBest      -4.468    -4.468  [        81]
 128 keptBest      -4.435    -4.435  [        43]
 129 keptBest      -4.432    -4.432  [        69]
 130 keptBest      -4.405    -4.405  [        83]
 131 keptBest      -4.401    -4.401  [        75]
 132 keptBest      -4.375    -4.375  [        79]
 133 Heredity      -4.407    -4.371  [   92  101]
 134 Heredity      -4.352    -4.380  [  109  111]
 135 Heredity      -4.460    -4.457  [  104  119]
 136 Heredity      -4.378    -4.398  [  106   91]
 137 Heredity      -4.387    -4.411  [  129  109]
 138 Heredity      -4.400    -4.435  [   93  104]
 139 Heredity      -4.335    -4.417  [  125   98]
 140 Heredity      -4.354    -4.428  [  106  128]
 141 Heredity      -4.383    -4.427  [  119  108]
 142 Heredity      -4.469    -4.421  [   91  104]
 143 Heredity      -4.294    -4.279  [   92  112]
 144 Heredity      -4.345    -4.410  [    98  93]
 145 Heredity      -4.379    -4.427  [  106  129]
 146 Heredity      -4.396    -4.427  [   98  128]
 147 Heredity      -4.401    -4.451  [  104  129]
 148 Heredity      -4.400    -4.444  [  104   98]
 149 Heredity      -4.341    -4.430  [  109  104]
 150 Heredity      -4.262    -4.420  [  110  119]
 151 Heredity      -4.366    -4.398  [  106   91]
 152 Heredity      -4.384    -4.427  [  121  128]
 153   Random      -4.042    -4.042  [         0]
 154   Random      -4.116    -4.116  [         0]
 155   Random      -4.373    -4.373  [         0]
 156   Random      -4.381    -4.381  [         0]
 157   Random      -4.289    -4.289  [         0]
 158   Random      -4.432    -4.432  [         0]
 159   Random      -4.187    -4.187  [         0]
 160   Random      -4.347    -4.347  [         0]
 161   Random      -4.368    -4.368  [         0]
 162   Random      -4.403    -4.403  [         0]
 163   Random      -4.252    -4.252  [         0]
 164 softmutate    -4.402    -4.419  [       121]
 165 softmutate    -4.374    -4.374  [        91]
 166 softmutate    -4.389    -4.394  [       110]
 167 softmutate    -4.374    -4.374  [        91]
 168 softmutate    -4.419    -4.419  [        98]
 169 softmutate    -4.339    -4.409  [       108]
 170 softmutate    -4.352    -4.435  [       128]
 171 softmutate    -4.469    -4.469  [       104]
 172 softmutate    -4.282    -4.415  [       125]
 173 keptBest      -4.469    -4.469  [       104]
 174 keptBest      -4.435    -4.435  [       128]
 175 keptBest      -4.432    -4.432  [       129]
 176 keptBest      -4.419    -4.419  [        98]
 177 keptBest      -4.394    -4.394  [       110]
 178 keptBest      -4.384    -4.384  [        90]
 179 Heredity      -4.411    -4.384  [  164  151]
 180 Heredity      -4.404    -4.404  [  174  165]
 181 Heredity      -4.372    -4.403  [  158  165]
 182 Heredity      -4.296    -4.420  [  158  133]
 183 Heredity      -4.392    -4.444  [  142  168]
 184 Heredity      -4.381    -4.451  [  158  142]
 185 Heredity      -4.391    -4.380  [  137  165]
 186 Heredity      -4.379    -4.420  [  158  133]
 187 Heredity      -4.420    -4.434  [  158  174]
 188 Heredity      -4.376    -4.393  [  137  148]
 189 Heredity      -4.385    -4.439  [  168  135]
 190 Heredity      -4.399    -4.401  [  174  151]
 191 Heredity      -4.384    -4.413  [  168  133]
 192 Heredity      -4.405    -4.418  [  158  162]
 193 Heredity      -4.362    -4.436  [  164  142]
 194 Heredity      -4.334    -4.403  [  162  164]
 195 Heredity      -4.384    -4.433  [  133  135]
 196   Random      -4.280    -4.280  [         0]
 197   Random      -4.274    -4.274  [         0]
 198   Random      -4.418    -4.418  [         0]
 199   Random      -4.437    -4.437  [         0]
 200   Random      -4.057    -4.057  [         0]
 201   Random      -3.980    -3.980  [         0]
 202   Random      -4.261    -4.261  [         0]
 203   Random      -4.170    -4.170  [         0]
 204   Random      -4.419    -4.419  [         0]
 205   Random      -4.377    -4.377  [         0]
 206   Random      -4.298    -4.298  [         0]
 207   Random      -4.051    -4.051  [         0]
 208   Random      -4.244    -4.244  [         0]
 209   Random      -4.169    -4.169  [         0]
 210 softmutate    -4.384    -4.432  [       158]
 211 softmutate    -4.373    -4.366  [       151]
 212 softmutate    -4.432    -4.432  [       158]
 213 softmutate    -4.414    -4.419  [       168]
 214 softmutate    -4.398    -4.400  [       148]
 215 softmutate    -4.402    -4.469  [       142]
 216 softmutate    -4.283    -4.469  [       142]
 217 softmutate    -4.286    -4.469  [       142]
 218 softmutate    -4.374    -4.374  [       165]
 219 keptBest      -4.469    -4.469  [       142]
 220 keptBest      -4.460    -4.460  [       135]
 221 keptBest      -4.435    -4.435  [       174]
 222 keptBest      -4.432    -4.432  [       158]
 223 keptBest      -4.419    -4.419  [       168]
 224 keptBest      -4.407    -4.407  [       133]
 225 Heredity      -4.410    -4.397  [  218  187]
 226 Heredity      -4.348    -4.409  [  214  187]
 227 Heredity      -4.400    -4.411  [  220  193]
 228 Heredity      -4.348    -4.397  [  193  212]
 229 Heredity      -4.357    -4.451  [  212  219]
 230 Heredity      -4.381    -4.416  [  198  213]
 231 Heredity      -4.415    -4.419  [  204  223]
 232 Heredity      -4.329    -4.336  [  196  185]
 233 Heredity      -4.471    -4.396  [  218  198]
 234 Heredity      -4.405    -4.464  [  219  220]
 235 Heredity      -4.397    -4.436  [  221  199]
 236 Heredity      -4.441    -4.421  [  221  224]
 237 Heredity      -4.429    -4.396  [  224  195]
 238   Random      -3.726    -3.726  [         0]
 239   Random      -4.111    -4.111  [         0]
 240   Random      -4.358    -4.358  [         0]
 241   Random      -4.087    -4.087  [         0]
 242   Random      -4.221    -4.221  [         0]
 243   Random      -4.431    -4.431  [         0]
 244   Random      -3.459    -3.459  [         0]
 245   Random      -4.297    -4.297  [         0]
 246   Random      -4.370    -4.370  [         0]
 247   Random      -4.139    -4.139  [         0]
 248   Random      -3.900    -3.900  [         0]
 249   Random      -4.341    -4.341  [         0]
 250   Random      -3.892    -3.892  [         0]
 251   Random      -4.228    -4.228  [         0]
 252   Random      -4.188    -4.188  [         0]
 253   Random      -4.231    -4.231  [         0]
 254   Random      -4.276    -4.276  [         0]
 255   Random      -4.381    -4.381  [         0]
 256   Random      -4.288    -4.288  [         0]
 257 softmutate    -4.390    -4.391  [       185]
 258 softmutate    -4.238    -4.402  [       215]
 259 softmutate    -4.309    -4.419  [       223]
 260 softmutate    -4.416    -4.419  [       204]
 261 softmutate    -4.241    -4.432  [       212]
 262 softmutate    -4.460    -4.460  [       220]
 263 softmutate    -4.411    -4.411  [       179]
 264 softmutate    -4.419    -4.419  [       204]
 265 keptBest      -4.469    -4.469  [       219]
 266 keptBest      -4.460    -4.460  [       220]
 267 keptBest      -4.435    -4.435  [       221]
 268 keptBest      -4.432    -4.432  [       212]
 269 keptBest      -4.419    -4.419  [       223]
 270 keptBest      -4.407    -4.407  [       224]
 271 Heredity      -4.396    -4.334  [  240  259]
 272 Heredity      -4.393    -4.424  [  237  264]
 273 Heredity      -4.495    -4.470  [  265  233]
 274 Heredity      -4.311    -4.268  [  245  258]
 275 Heredity      -4.379    -4.415  [  269  263]
 276 Heredity      -4.300    -4.449  [  265  237]
 277 Heredity      -4.312    -4.406  [  243  255]
 278 Heredity      -4.387    -4.404  [  263  235]
 279 Heredity      -4.398    -4.455  [  265  236]
 280 Heredity      -4.393    -4.424  [  264  237]
 281 Heredity      -4.398    -4.409  [  264  227]
 282 Heredity      -4.304    -4.449  [  237  265]
 283 Heredity      -4.439    -4.424  [  268  260]
 284 Heredity      -4.428    -4.413  [  235  237]
 285 Heredity      -4.330    -4.399  [  246  237]
 286 Heredity      -4.396    -4.404  [  227  270]
 287 Heredity      -4.416    -4.423  [  237  260]
 288   Random      -4.412    -4.412  [         0]
 289   Random      -4.118    -4.118  [         0]
 290   Random      -4.188    -4.188  [         0]
 291   Random      -4.054    -4.054  [         0]
 292   Random      -4.304    -4.304  [         0]
 293   Random      -4.346    -4.346  [         0]
 294   Random      -3.964    -3.964  [         0]
 295   Random      -4.388    -4.388  [         0]
 296   Random      -4.326    -4.326  [         0]
 297   Random      -4.345    -4.345  [         0]
 298   Random      -4.329    -4.329  [         0]
 299   Random      -4.445    -4.445  [         0]
 300 softmutate    -4.411    -4.411  [       263]
 301 softmutate    -4.310    -4.419  [       269]
 302 softmutate    -4.441    -4.441  [       236]
 303 softmutate    -4.361    -4.432  [       268]
 304 softmutate    -4.469    -4.469  [       265]
 305 softmutate    -4.432    -4.432  [       268]
 306 softmutate    -4.339    -4.407  [       270]
 307 softmutate    -4.332    -4.348  [       228]
 308 softmutate    -4.429    -4.429  [       237]
 309 softmutate    -4.413    -4.419  [       269]
 310 softmutate    -4.441    -4.441  [       236]
 311 keptBest      -4.471    -4.471  [       233]
 312 keptBest      -4.469    -4.469  [       265]
 313 keptBest      -4.441    -4.441  [       236]
 314 keptBest      -4.432    -4.432  [       268]
 315 keptBest      -4.431    -4.431  [       243]
 316 keptBest      -4.381    -4.381  [       255]
 317 Heredity      -4.387    -4.408  [  295  284]
 318 Heredity      -4.389    -4.433  [  311  286]
 319 Heredity      -4.393    -4.400  [  307  304]
 320 Heredity      -4.361    -4.443  [  299  302]
 321 Heredity      -4.378    -4.449  [  284  311]
 322 Heredity      -4.379    -4.458  [  311  299]
 323 Heredity      -4.444    -4.437  [  299  284]
 324 Heredity      -4.469    -4.457  [  299  304]
 325 Heredity      -4.361    -4.413  [  281  308]
 326 Heredity      -4.359    -4.419  [  302  286]
 327 Heredity      -4.385    -4.450  [  315  304]
 328 Heredity      -4.366    -4.444  [  273  272]
 329 Heredity      -4.400    -4.456  [  311  302]
 330 Heredity      -4.399    -4.433  [  283  284]
 331 Heredity      -4.393    -4.455  [  302  304]
 332 Heredity      -4.319    -4.440  [  302  283]
 333 Heredity      -4.382    -4.370  [  308  277]
 334   Random      -4.138    -4.138  [         0]
 335   Random      -4.236    -4.236  [         0]
 336   Random      -4.268    -4.268  [         0]
 337   Random      -4.357    -4.357  [         0]
 338   Random      -4.331    -4.331  [         0]
 339   Random      -3.914    -3.914  [         0]
 340   Random      -3.913    -3.913  [         0]
 341   Random      -4.298    -4.298  [         0]
 342   Random      -4.363    -4.363  [         0]
 343   Random      -4.292    -4.292  [         0]
 344   Random      -4.292    -4.292  [         0]
 345   Random      -4.398    -4.398  [         0]
 346   Random      -4.304    -4.304  [         0]
 347   Random      -4.431    -4.431  [         0]
 348 softmutate    -4.445    -4.445  [       299]
 349 softmutate    -4.346    -4.416  [       287]
 350 softmutate    -4.312    -4.429  [       308]
 351 softmutate    -4.332    -4.332  [       307]
 352 softmutate    -4.495    -4.495  [       273]
 353 softmutate    -4.320    -4.441  [       302]
 354 softmutate    -4.416    -4.416  [       287]
 355 softmutate    -4.381    -4.381  [       316]
 356 softmutate    -4.471    -4.471  [       311]
 357 keptBest      -4.495    -4.495  [       273]
 358 keptBest      -4.469    -4.469  [       304]
 359 keptBest      -4.441    -4.441  [       302]
 360 keptBest      -4.439    -4.439  [       283]
 361 keptBest      -4.431    -4.431  [       315]
 362 keptBest      -4.381    -4.381  [       316]
 363 Heredity      -4.379    -4.432  [  319  356]
 364 Heredity      -4.337    -4.431  [  352  328]
 365 Heredity      -4.391    -4.437  [  352  322]
 366 Heredity      -4.429    -4.423  [  347  354]
 367 Heredity      -4.285    -4.416  [  317  348]
 368 Heredity      -4.313    -4.444  [  352  331]
 369 Heredity      -4.468    -4.444  [  352  319]
 370 Heredity      -4.441    -4.417  [  359  331]
 371 Heredity      -4.339    -4.470  [  356  324]
 372 Heredity      -4.413    -4.414  [  333  348]
 373 Heredity      -4.377    -4.434  [  324  330]
 374 Heredity      -4.374    -4.408  [  327  347]
 375 Heredity      -4.379    -4.365  [  344  360]
 376 Heredity      -4.423    -4.327  [  344  342]
 377 Heredity      -4.377    -4.470  [  348  352]
 378 Heredity      -4.302    -4.435  [  347  360]
 379   Random      -4.033    -4.033  [         0]
 380   Random      -4.266    -4.266  [         0]
 381   Random      -4.332    -4.332  [         0]
 382   Random      -4.223    -4.223  [         0]
 383   Random      -4.269    -4.269  [         0]
 384   Random      -4.242    -4.242  [         0]
 385   Random      -4.382    -4.382  [         0]
 386   Random      -4.344    -4.344  [         0]
 387   Random      -3.963    -3.963  [         0]
 388   Random      -4.436    -4.436  [         0]
 389   Random      -4.351    -4.351  [         0]
 390   Random      -4.296    -4.296  [         0]
 391   Random      -4.323    -4.323  [         0]
 392   Random      -4.172    -4.172  [         0]
 393   Random      -4.260    -4.260  [         0]
 394 softmutate    -4.495    -4.495  [       352]
 395 softmutate    -4.266    -4.431  [       361]
 396 softmutate    -4.471    -4.471  [       356]
 397 softmutate    -4.303    -4.359  [       326]
 398 softmutate    -4.431    -4.431  [       347]
 399 softmutate    -4.385    -4.385  [       327]
 400 softmutate    -4.275    -4.416  [       354]
 401 softmutate    -4.441    -4.441  [       359]
 402 softmutate    -4.431    -4.431  [       361]
 403 keptBest      -4.495    -4.495  [       352]
 404 keptBest      -4.469    -4.469  [       324]
 405 keptBest      -4.441    -4.441  [       359]
 406 keptBest      -4.439    -4.439  [       360]
 407 keptBest      -4.431    -4.431  [       361]
 408 keptBest      -4.292    -4.292  [       343]
 409 Heredity      -4.422    -4.455  [  370  404]
 410 Heredity      -4.368    -4.436  [  373  394]
 411 Heredity      -4.354    -4.434  [  402  388]
 412 Heredity      -4.430    -4.436  [  373  394]
 413 Heredity      -4.409    -4.382  [  372  389]
 414 Heredity      -4.380    -4.391  [  368  404]
 415 Heredity      -4.383    -4.411  [  365  398]
 416 Heredity      -4.240    -4.428  [  396  399]
 417 Heredity      -4.399    -4.435  [  370  366]
 418 Heredity      -4.360    -4.396  [  370  389]
 419 Heredity      -4.364    -4.470  [  404  396]
 420 Heredity      -4.362    -4.467  [  394  406]
 421 Heredity      -4.373    -4.455  [  404  370]
 422 Heredity      -4.342    -4.358  [  363  364]
 423   Random      -4.333    -4.333  [         0]
 424   Random      -4.188    -4.188  [         0]
 425   Random      -4.273    -4.273  [         0]
 426   Random      -4.362    -4.362  [         0]
 427   Random      -4.437    -4.437  [         0]
 428   Random      -4.165    -4.165  [         0]
 429   Random      -4.345    -4.345  [         0]
 430   Random      -4.293    -4.293  [         0]
 431   Random      -4.333    -4.333  [         0]
 432   Random      -4.179    -4.179  [         0]
 433   Random      -4.367    -4.367  [         0]
 434   Random      -4.274    -4.274  [         0]
 435   Random      -4.231    -4.231  [         0]
 436   Random      -4.324    -4.324  [         0]
 437   Random      -4.169    -4.169  [         0]
 438   Random      -4.295    -4.295  [         0]
 439   Random      -4.298    -4.298  [         0]
 440   Random      -4.289    -4.289  [         0]
 441 softmutate    -4.393    -4.441  [       370]
 442 softmutate    -4.369    -4.471  [       396]
 443 softmutate    -4.376    -4.469  [       404]
 444 softmutate    -4.351    -4.351  [       389]
 445 softmutate    -4.413    -4.413  [       372]
 446 softmutate    -4.439    -4.439  [       406]
 447 softmutate    -4.385    -4.385  [       399]
 448 softmutate    -4.285    -4.471  [       396]
 449 keptBest      -4.495    -4.495  [       394]
 450 keptBest      -4.469    -4.469  [       404]
 451 keptBest      -4.441    -4.441  [       370]
 452 keptBest      -4.439    -4.439  [       406]
 453 keptBest      -4.431    -4.431  [       402]
 454 keptBest      -4.429    -4.429  [       366]
 455 Heredity      -4.380    -4.422  [  445  412]
 456 Heredity      -4.354    -4.388  [  426  445]
 457 Heredity      -4.437    -4.462  [  454  449]
 458 Heredity      -4.416    -4.376  [  433  447]
 459 Heredity      -4.331    -4.436  [  453  451]
 460 Heredity      -4.364    -4.434  [  427  412]
 461 Heredity      -4.333    -4.462  [  449  454]
 462 Heredity      -4.336    -4.426  [  412  409]
 463 Heredity      -4.384    -4.419  [  454  413]
 464 Heredity      -4.346    -4.388  [  441  415]
 465 Heredity      -4.330    -4.434  [  427  453]
 466 Heredity      -4.380    -4.388  [  441  415]
 467 Heredity      -4.328    -4.382  [  412  431]
 468 Heredity      -4.310    -4.390  [  444  412]
 469 Heredity      -4.358    -4.395  [  410  409]
 470 Heredity      -4.375    -4.395  [  426  454]
 471 Heredity      -4.383    -4.454  [  445  449]
 472 Heredity      -4.380    -4.440  [  446  451]
 473 Heredity      -4.391    -4.372  [  444  441]
 474 Heredity      -4.344    -4.434  [  453  427]
 475   Random      -3.991    -3.991  [         0]
 476   Random      -4.366    -4.366  [         0]
 477   Random      -4.298    -4.298  [         0]
 478   Random      -4.126    -4.126  [         0]
 479   Random      -3.899    -3.899  [         0]
 480   Random      -4.134    -4.134  [         0]
 481   Random      -4.007    -4.007  [         0]
 482   Random      -4.349    -4.349  [         0]
 483   Random      -4.265    -4.265  [         0]
 484   Random      -3.992    -3.992  [         0]
 485   Random      -4.312    -4.312  [         0]
 486 softmutate    -4.385    -4.385  [       447]
 487 softmutate    -4.437    -4.437  [       427]
 488 softmutate    -4.429    -4.429  [       454]
 489 softmutate    -4.437    -4.437  [       427]
 490 softmutate    -4.409    -4.409  [       413]
 491 softmutate    -4.345    -4.495  [       449]
 492 softmutate    -4.437    -4.437  [       427]
 493 softmutate    -4.358    -4.422  [       409]
 494 softmutate    -4.408    -4.369  [       442]
 495 keptBest      -4.495    -4.495  [       449]
 496 keptBest      -4.469    -4.469  [       450]
 497 keptBest      -4.441    -4.441  [       451]
 498 keptBest      -4.439    -4.439  [       446]
 499 keptBest      -4.437    -4.437  [       427]
 500 keptBest      -4.431    -4.431  [       453]
 501 Heredity      -4.387    -4.399  [  494  473]
 502 Heredity      -4.370    -4.383  [  470  473]
 503 Heredity      -4.414    -4.413  [  486  497]
 504 Heredity      -4.422    -4.413  [  496  469]
 505 Heredity      -4.287    -4.383  [  462  500]
 506 Heredity      -4.375    -4.407  [  486  488]
 507 Heredity      -4.398    -4.462  [  495  488]
 508 Heredity      -4.357    -4.393  [  487  482]
 509 Heredity      -4.312    -4.409  [  496  482]
 510 Heredity      -4.451    -4.466  [  487  495]
 511 Heredity      -4.352    -4.403  [  497  460]
 512 Heredity      -4.346    -4.401  [  486  458]
 513 Heredity      -4.373    -4.443  [  495  473]
 514   Random      -4.161    -4.161  [         0]
 515   Random      -4.277    -4.277  [         0]
 516   Random      -4.362    -4.362  [         0]
 517   Random      -4.335    -4.335  [         0]
 518   Random      -4.107    -4.107  [         0]
 519   Random      -4.295    -4.295  [         0]
 520   Random      -3.873    -3.873  [         0]
 521   Random      -4.420    -4.420  [         0]
 522   Random      -4.210    -4.210  [         0]
 523   Random      -4.404    -4.404  [         0]
 524   Random      -4.241    -4.241  [         0]
 525   Random      -4.365    -4.365  [         0]
 526   Random      -4.369    -4.369  [         0]
 527   Random      -3.839    -3.839  [         0]
 528   Random      -4.299    -4.299  [         0]
 529   Random      -4.268    -4.268  [         0]
 530   Random      -4.233    -4.233  [         0]
 531   Random      -3.955    -3.955  [         0]
 532   Random      -4.210    -4.210  [         0]
 533 softmutate    -4.376    -4.380  [       466]
 534 softmutate    -4.495    -4.495  [       495]
 535 softmutate    -4.430    -4.431  [       500]
 536 softmutate    -4.391    -4.391  [       473]
 537 softmutate    -4.312    -4.312  [       485]
 538 softmutate    -4.324    -4.416  [       458]
 539 softmutate    -4.416    -4.416  [       458]
 540 softmutate    -4.408    -4.408  [       494]
 541 keptBest      -4.495    -4.495  [       495]
 542 keptBest      -4.469    -4.469  [       496]
 543 keptBest      -4.441    -4.441  [       497]
 544 keptBest      -4.439    -4.439  [       498]
 545 keptBest      -4.431    -4.431  [       500]
 546 keptBest      -4.358    -4.358  [       469]
 547 Heredity      -4.419    -4.415  [  539  503]
 548 Heredity      -4.425    -4.430  [  504  544]
 549 Heredity      -4.446    -4.450  [  545  542]
 550 Heredity      -4.348    -4.387  [  539  546]
 551 Heredity      -4.306    -4.367  [  526  525]
 552 Heredity      -4.300    -4.404  [  545  533]
 553 Heredity      -4.408    -4.426  [  503  544]
 554 Heredity      -4.335    -4.377  [  537  543]
 555 Heredity      -4.388    -4.468  [  534  543]
 556 Heredity      -4.419    -4.407  [  513  543]
 557 Heredity      -4.405    -4.429  [  543  539]
 558 Heredity      -4.415    -4.455  [  534  503]
 559 Heredity      -4.398    -4.436  [  510  504]
 560 Heredity      -4.375    -4.454  [  544  542]
 561 Heredity      -4.352    -4.426  [  503  544]
 562   Random      -4.092    -4.092  [         0]
 563   Random      -4.336    -4.336  [         0]
 564   Random      -4.232    -4.232  [         0]
 565   Random      -4.370    -4.370  [         0]
 566   Random      -4.330    -4.330  [         0]
 567   Random      -4.215    -4.215  [         0]
 568   Random      -4.276    -4.276  [         0]
 569   Random      -4.332    -4.332  [         0]
 570   Random      -4.422    -4.422  [         0]
 571   Random      -4.122    -4.122  [         0]
 572   Random      -4.388    -4.388  [         0]
 573   Random      -4.329    -4.329  [         0]
 574   Random      -4.236    -4.236  [         0]
 575   Random      -4.333    -4.333  [         0]
 576   Random      -4.257    -4.257  [         0]
 577   Random      -4.327    -4.327  [         0]
 578   Random      -4.283    -4.283  [         0]
 579 softmutate    -4.408    -4.408  [       540]
 580 softmutate    -4.326    -4.495  [       534]
 581 softmutate    -4.416    -4.416  [       539]
 582 softmutate    -4.212    -4.369  [       526]
 583 softmutate    -4.414    -4.414  [       503]
 584 softmutate    -4.439    -4.439  [       544]
 585 softmutate    -4.312    -4.312  [       537]
 586 softmutate    -4.275    -4.416  [       539]
 587 keptBest      -4.495    -4.495  [       534]
 588 keptBest      -4.469    -4.469  [       542]
 589 keptBest      -4.441    -4.441  [       543]
 590 keptBest      -4.439    -4.439  [       544]
 591 keptBest      -4.431    -4.431  [       545]
 592 keptBest      -4.365    -4.365  [       525]
 593 Heredity      -4.495    -4.470  [  549  587]
 594 Heredity      -4.326    -4.375  [  577  570]
 595 Heredity      -4.366    -4.417  [  588  592]
 596 Heredity      -4.408    -4.423  [  584  579]
 597 Heredity      -4.410    -4.440  [  584  589]
 598 Heredity      -4.270    -4.427  [  549  553]
 599 Heredity      -4.403    -4.443  [  589  549]
 600 Heredity      -4.392    -4.429  [  556  584]
 601 Heredity      -4.332    -4.423  [  570  548]
 602 Heredity      -4.390    -4.350  [  568  548]
 603 Heredity      -4.296    -4.399  [  549  561]
 604 Heredity      -4.370    -4.406  [  589  565]
 605 Heredity      -4.388    -4.438  [  579  588]
 606 Heredity      -4.369    -4.376  [  548  577]
 607 Heredity      -4.389    -4.415  [  581  583]
 608 Heredity      -4.397    -4.416  [  553  548]
 609 Heredity      -4.431    -4.436  [  589  591]
 610 Heredity      -4.403    -4.436  [  589  591]
 611 Heredity      -4.323    -4.406  [  548  572]
 612 Heredity      -4.328    -4.390  [  554  549]
 613 Heredity      -4.375    -4.419  [  570  581]
 614   Random      -4.255    -4.255  [         0]
 615   Random      -4.360    -4.360  [         0]
 616   Random      -4.285    -4.285  [         0]
 617   Random      -4.180    -4.180  [         0]
 618   Random      -4.411    -4.411  [         0]
 619   Random      -4.177    -4.177  [         0]
 620   Random      -4.187    -4.187  [         0]
 621   Random      -4.410    -4.410  [         0]
 622   Random      -3.873    -3.873  [         0]
 623   Random      -3.950    -3.950  [         0]
 624   Random      -4.368    -4.368  [         0]
 625 softmutate    -4.439    -4.439  [       584]
 626 softmutate    -4.370    -4.370  [       565]
 627 softmutate    -4.446    -4.446  [       549]
 628 softmutate    -4.469    -4.469  [       588]
 629 softmutate    -4.291    -4.370  [       565]
 630 softmutate    -4.408    -4.408  [       553]
 631 softmutate    -4.170    -4.365  [       592]
 632 softmutate    -4.446    -4.446  [       549]
 633 softmutate    -4.343    -4.422  [       570]
 634 keptBest      -4.495    -4.495  [       587]
 635 keptBest      -4.469    -4.469  [       588]
 636 keptBest      -4.441    -4.441  [       589]
 637 keptBest      -4.439    -4.439  [       584]
 638 keptBest      -4.431    -4.431  [       591]
 639 keptBest      -4.365    -4.365  [       592]
 640 Heredity      -4.404    -4.421  [  599  625]
 641 Heredity      -4.361    -4.392  [  636  633]
 642 Heredity      -4.376    -4.442  [  625  627]
 643 Heredity      -4.330    -4.420  [  638  621]
 644 Heredity      -4.384    -4.413  [  605  625]
 645 Heredity      -4.364    -4.377  [  605  639]
 646 Heredity      -4.419    -4.443  [  593  600]
 647 Heredity      -4.416    -4.425  [  636  621]
 648 Heredity      -4.363    -4.385  [  625  601]
 649 Heredity      -4.364    -4.453  [  618  593]
 650 Heredity      -4.380    -4.439  [  628  596]
 651 Heredity      -4.374    -4.424  [  599  627]
 652 Heredity      -4.357    -4.427  [  627  596]
 653 Heredity      -4.339    -4.436  [  638  636]
 654 Heredity      -4.367    -4.436  [  638  636]
 655 Heredity      -4.348    -4.331  [  639  603]
 656   Random      -4.326    -4.326  [         0]
 657   Random      -4.059    -4.059  [         0]
 658   Random      -4.351    -4.351  [         0]
 659   Random      -4.315    -4.315  [         0]
 660   Random      -4.058    -4.058  [         0]
 661   Random      -4.373    -4.373  [         0]
 662   Random      -4.285    -4.285  [         0]
 663   Random      -4.204    -4.204  [         0]
 664   Random      -4.321    -4.321  [         0]
 665   Random      -4.403    -4.403  [         0]
 666   Random      -4.037    -4.037  [         0]
 667   Random      -4.347    -4.347  [         0]
 668   Random      -4.088    -4.088  [         0]
 669   Random      -4.367    -4.367  [         0]
 670   Random      -3.968    -3.968  [         0]
 671 softmutate    -4.187    -4.187  [       620]
 672 softmutate    -4.392    -4.392  [       600]
 673 softmutate    -4.469    -4.469  [       628]
 674 softmutate    -4.375    -4.375  [       613]
 675 softmutate    -4.431    -4.431  [       638]
 676 softmutate    -4.237    -4.469  [       628]
 677 softmutate    -4.204    -4.408  [       596]
 678 softmutate    -4.441    -4.441  [       636]
 679 keptBest      -4.495    -4.495  [       593]
 680 keptBest      -4.469    -4.469  [       628]
 681 keptBest      -4.441    -4.441  [       636]
 682 keptBest      -4.439    -4.439  [       625]
 683 keptBest      -4.431    -4.431  [       638]
 684 keptBest      -4.408    -4.408  [       596]
 685 Heredity      -4.290    -4.408  [  678  651]
 686 Heredity      -4.377    -4.435  [  675  682]
 687 Heredity      -4.420    -4.452  [  679  684]
 688 Heredity      -4.423    -4.450  [  675  673]
 689 Heredity      -4.330    -4.367  [  641  651]
 690 Heredity      -4.471    -4.423  [  684  682]
 691 Heredity      -4.348    -4.450  [  640  679]
 692 Heredity      -4.421    -4.454  [  673  682]
 693 Heredity      -4.357    -4.392  [  684  674]
 694 Heredity      -4.348    -4.450  [  673  675]
 695 Heredity      -4.382    -4.404  [  669  678]
 696 Heredity      -4.432    -4.409  [  647  665]
 697 Heredity      -4.421    -4.403  [  665  640]
 698 Heredity      -4.437    -4.436  [  678  675]
 699 Heredity      -4.341    -4.435  [  674  679]
 700 Heredity      -4.282    -4.381  [  667  647]
 701   Random      -4.419    -4.419  [         0]
 702   Random      -4.282    -4.282  [         0]
 703   Random      -4.311    -4.311  [         0]
 704   Random      -4.270    -4.270  [         0]
 705   Random      -4.338    -4.338  [         0]
 706   Random      -4.392    -4.392  [         0]
 707   Random      -4.279    -4.279  [         0]
 708   Random      -4.319    -4.319  [         0]
 709   Random      -4.212    -4.212  [         0]
 710   Random      -4.183    -4.183  [         0]
 711   Random      -4.050    -4.050  [         0]
 712   Random      -4.314    -4.314  [         0]
 713   Random      -4.110    -4.110  [         0]
 714   Random      -4.350    -4.350  [         0]
 715   Random      -4.278    -4.278  [         0]
 716   Random      -4.345    -4.345  [         0]
 717 softmutate    -4.408    -4.408  [       684]
 718 softmutate    -4.469    -4.469  [       673]
 719 softmutate    -4.305    -4.441  [       678]
 720 softmutate    -4.347    -4.347  [       667]
 721 softmutate    -4.441    -4.441  [       678]
 722   Random      -4.382    -4.382  [         0]
 723 softmutate    -4.441    -4.441  [       678]
 724 softmutate    -4.337    -4.439  [       682]
 725 keptBest      -4.495    -4.495  [       679]
 726 keptBest      -4.469    -4.469  [       673]
 727 keptBest      -4.441    -4.441  [       678]
 728 keptBest      -4.439    -4.439  [       682]
 729 keptBest      -4.431    -4.431  [       675]
 730 keptBest      -4.419    -4.419  [       646]
 731 Heredity      -4.374    -4.414  [  697  717]
 732 Heredity      -4.381    -4.470  [  690  718]
 733 Heredity      -4.394    -4.430  [  721  687]
 734 Heredity      -4.411    -4.431  [  692  721]
 735 Heredity      -4.391    -4.446  [  692  690]
 736 Heredity      -4.349    -4.383  [  716  687]
 737 Heredity      -4.383    -4.372  [  729  712]
 738 Heredity      -4.383    -4.457  [  730  725]
 739 Heredity      -4.373    -4.385  [  694  697]
 740 Heredity      -4.373    -4.458  [  725  692]
 741 Heredity      -4.440    -4.482  [  725  718]
 742 Heredity      -4.464    -4.467  [  725  728]
 743 Heredity      -4.341    -4.426  [  690  695]
 744 Heredity      -4.384    -4.366  [  714  695]
 745 Heredity      -4.353    -4.457  [  687  725]
 746 Heredity      -4.404    -4.455  [  721  718]
 747 Heredity      -4.355    -4.401  [  687  722]
 748 Heredity      -4.332    -4.450  [  718  729]
 749 Heredity      -4.348    -4.429  [  728  730]
 750 Heredity      -4.387    -4.353  [  693  694]
 751   Random      -3.892    -3.892  [         0]
 752   Random      -4.362    -4.362  [         0]
 753   Random      -4.397    -4.397  [         0]
 754   Random      -4.142    -4.142  [         0]
 755   Random      -3.894    -3.894  [         0]
 756   Random      -4.368    -4.368  [         0]
 757   Random      -4.399    -4.399  [         0]
 758   Random      -4.378    -4.378  [         0]
 759   Random      -4.413    -4.413  [         0]
 760   Random      -4.075    -4.075  [         0]
 761   Random      -4.232    -4.232  [         0]
 762   Random      -4.155    -4.155  [         0]
 763 softmutate    -4.420    -4.420  [       687]
 764 softmutate    -4.335    -4.495  [       725]
 765 softmutate    -4.383    -4.408  [       717]
 766 softmutate    -4.357    -4.357  [       693]
 767 softmutate    -4.495    -4.495  [       725]
 768 softmutate    -4.495    -4.495  [       725]
 769   Random      -4.377    -4.377  [         0]
 770 softmutate    -4.181    -4.419  [       730]
 771 softmutate    -4.408    -4.408  [       717]
 772 keptBest      -4.495    -4.495  [       725]
 773 keptBest      -4.469    -4.469  [       718]
 774 keptBest      -4.441    -4.441  [       721]
 775 keptBest      -4.439    -4.439  [       728]
 776 keptBest      -4.431    -4.431  [       729]
 777 keptBest      -4.419    -4.419  [       730]
 778 Heredity      -4.335    -4.394  [  746  737]
 779 Heredity      -4.427    -4.437  [  773  746]
 780 Heredity      -4.439    -4.422  [  776  759]
 781 Heredity      -4.401    -4.385  [  759  766]
 782 Heredity      -4.297    -4.410  [  758  774]
 783 Heredity      -4.391    -4.416  [  759  763]
 784 Heredity      -4.364    -4.439  [  744  767]
 785 Heredity      -4.381    -4.406  [  746  771]
 786 Heredity      -4.382    -4.450  [  767  746]
 787 Heredity      -4.372    -4.482  [  773  767]
 788 Heredity      -4.263    -4.416  [  759  777]
 789 Heredity      -4.406    -4.394  [  746  737]
 790 Heredity      -4.305    -4.399  [  763  758]
 791 Heredity      -4.391    -4.409  [  759  746]
 792   Random      -4.288    -4.288  [         0]
 793   Random      -4.177    -4.177  [         0]
 794   Random      -4.221    -4.221  [         0]
 795   Random      -4.295    -4.295  [         0]
 796   Random      -4.015    -4.015  [         0]
 797   Random      -4.240    -4.240  [         0]
 798   Random      -4.340    -4.340  [         0]
 799   Random      -3.917    -3.917  [         0]
 800   Random      -4.170    -4.170  [         0]
 801   Random      -4.232    -4.232  [         0]
 802   Random      -3.255    -3.255  [         0]
 803   Random      -4.338    -4.338  [         0]
 804   Random      -4.064    -4.064  [         0]
 805   Random      -4.348    -4.348  [         0]
 806   Random      -3.520    -3.520  [         0]
 807   Random      -4.437    -4.437  [         0]
 808   Random      -4.248    -4.248  [         0]
 809   Random      -4.378    -4.378  [         0]
 810 softmutate    -4.495    -4.495  [       767]
 811 softmutate    -4.419    -4.419  [       777]
 812 softmutate    -4.441    -4.441  [       774]
 813 softmutate    -4.495    -4.495  [       767]
 814 softmutate    -4.368    -4.368  [       756]
 815 softmutate    -4.255    -4.378  [       758]
 816 softmutate    -4.405    -4.440  [       741]
 817 softmutate    -4.431    -4.431  [       776]
 818 keptBest      -4.495    -4.495  [       767]
 819 keptBest      -4.469    -4.469  [       773]
 820 keptBest      -4.441    -4.441  [       774]
 821 keptBest      -4.439    -4.439  [       775]
 822 keptBest      -4.431    -4.431  [       776]
 823 keptBest      -4.419    -4.419  [       777]
 824 Heredity      -4.416    -4.365  [  792  812]
 825 Heredity      -4.421    -4.443  [  783  810]
 826 Heredity      -4.430    -4.343  [  803  805]
 827 Heredity      -4.326    -4.372  [  780  790]
 828 Heredity      -4.339    -4.422  [  780  789]
 829 Heredity      -4.337    -4.407  [  812  787]
 830 Heredity      -4.440    -4.444  [  811  819]
 831 Heredity      -4.187    -4.415  [  780  783]
 832 Heredity      -4.389    -4.363  [  792  780]
 833 Heredity      -4.412    -4.387  [  778  780]
 834 Heredity      -4.303    -4.419  [  807  781]
 835 Heredity      -4.495    -4.468  [  810  812]
 836 Heredity      -4.344    -4.463  [  810  817]
 837   Random      -4.332    -4.332  [         0]
 838   Random      -3.973    -3.973  [         0]
 839   Random      -4.212    -4.212  [         0]
 840   Random      -4.324    -4.324  [         0]
 841   Random      -4.407    -4.407  [         0]
 842   Random      -4.129    -4.129  [         0]
 843   Random      -4.353    -4.353  [         0]
 844   Random      -4.336    -4.336  [         0]
 845   Random      -4.289    -4.289  [         0]
 846   Random      -4.420    -4.420  [         0]
 847   Random      -4.274    -4.274  [         0]
 848   Random      -4.324    -4.324  [         0]
 849   Random      -4.350    -4.350  [         0]
 850   Random      -3.766    -3.766  [         0]
 851   Random      -4.395    -4.395  [         0]
 852   Random      -4.269    -4.269  [         0]
 853   Random      -4.326    -4.326  [         0]
 854   Random      -4.123    -4.123  [         0]
 855   Random      -4.311    -4.311  [         0]
 856 softmutate    -4.469    -4.469  [       819]
 857   Random      -4.306    -4.306  [         0]
 858 softmutate    -4.368    -4.391  [       791]
 859 softmutate    -4.335    -4.335  [       778]
 860 softmutate    -4.391    -4.391  [       783]
 861 softmutate    -4.362    -4.221  [       794]
 862   Random      -4.347    -4.347  [         0]
 863 softmutate    -4.391    -4.391  [       791]
 864 keptBest      -4.495    -4.495  [       810]
 865 keptBest      -4.469    -4.469  [       819]
 866 keptBest      -4.441    -4.441  [       812]
 867 keptBest      -4.439    -4.439  [       821]
 868 keptBest      -4.431    -4.431  [       817]
 869 keptBest      -4.419    -4.419  [       811]
 870 Heredity      -4.406    -4.414  [  835  837]
 871 Heredity      -4.395    -4.415  [  866  832]
 872 Heredity      -4.342    -4.401  [  830  861]
 873 Heredity      -4.436    -4.429  [  869  830]
 874 Heredity      -4.366    -4.428  [  835  861]
 875 Heredity      -4.352    -4.372  [  846  848]
 876 Heredity      -4.369    -4.454  [  833  835]
 877 Heredity      -4.375    -4.436  [  868  830]
 878 Heredity      -4.495    -4.425  [  833  867]
 879 Heredity      -4.416    -4.468  [  835  866]
 880 Heredity      -4.398    -4.436  [  868  830]
 881 Heredity      -4.329    -4.385  [  867  837]
 882 Heredity      -4.357    -4.384  [  869  849]
 883 Heredity      -4.368    -4.431  [  866  846]
 884   Random      -4.239    -4.239  [         0]
 885   Random      -4.314    -4.314  [         0]
 886   Random      -4.297    -4.297  [         0]
 887   Random      -4.217    -4.217  [         0]
 888   Random      -4.336    -4.336  [         0]
 889   Random      -4.296    -4.296  [         0]
 890   Random      -4.420    -4.420  [         0]
 891   Random      -3.671    -3.671  [         0]
 892   Random      -4.377    -4.377  [         0]
 893   Random      -4.159    -4.159  [         0]
 894   Random      -4.325    -4.325  [         0]
 895   Random      -4.315    -4.315  [         0]
 896   Random      -4.337    -4.337  [         0]
 897   Random      -4.365    -4.365  [         0]
 898   Random      -4.123    -4.123  [         0]
 899   Random      -4.262    -4.262  [         0]
 900   Random      -4.386    -4.386  [         0]
 901 softmutate    -4.431    -4.431  [       868]
 902 softmutate    -4.440    -4.440  [       830]
 903 softmutate    -4.441    -4.407  [       841]
 904   Random      -4.100    -4.100  [         0]
 905 softmutate    -4.310    -4.469  [       856]
 906   Random      -4.345    -4.345  [         0]
 907   Random      -4.294    -4.294  [         0]
 908 softmutate    -4.495    -4.495  [       835]
 909 keptBest      -4.495    -4.495  [       835]
 910 keptBest      -4.469    -4.469  [       856]
 911 keptBest      -4.441    -4.441  [       866]
 912 keptBest      -4.439    -4.439  [       867]
 913 keptBest      -4.431    -4.431  [       868]
 914 keptBest      -4.419    -4.419  [       869]
 915 Heredity      -4.335    -4.408  [  892  902]
 916 Heredity      -4.406    -4.468  [  908  902]
 917 Heredity      -4.298    -4.408  [  902  877]
 918 Heredity      -4.299    -4.404  [  901  892]
 919 Heredity      -4.322    -4.372  [  906  880]
 920 Heredity      -4.354    -4.403  [  903  874]
 921 Heredity      -4.353    -4.423  [  910  892]
 922 Heredity      -4.338    -4.413  [  901  871]
 923 Heredity      -4.364    -4.355  [  875  882]
 924 Heredity      -4.448    -4.439  [  912  902]
 925 Heredity      -4.285    -4.357  [  889  914]
 926 Heredity      -4.408    -4.455  [  902  910]
 927 Heredity      -4.329    -4.410  [  908  894]
 928 Heredity      -4.421    -4.430  [  890  902]
 929   Random      -4.093    -4.093  [         0]
 930   Random      -3.899    -3.899  [         0]
 931   Random      -3.998    -3.998  [         0]
 932   Random      -4.020    -4.020  [         0]
 933   Random      -4.063    -4.063  [         0]
 934   Random      -4.323    -4.323  [         0]
 935   Random      -3.938    -3.938  [         0]
 936   Random      -4.171    -4.171  [         0]
 937   Random      -3.892    -3.892  [         0]
 938   Random      -4.388    -4.388  [         0]
 939   Random      -4.262    -4.262  [         0]
 940   Random      -4.293    -4.293  [         0]
 941   Random      -4.352    -4.352  [         0]
 942   Random      -4.395    -4.395  [         0]
 943   Random      -4.298    -4.298  [         0]
 944   Random      -4.245    -4.245  [         0]
 945   Random      -4.318    -4.318  [         0]
 946   Random      -4.224    -4.224  [         0]
 947   Random      -4.350    -4.350  [         0]
 948 softmutate    -4.332    -4.325  [       894]
 949   Random      -4.359    -4.359  [         0]
 950 softmutate    -4.337    -4.337  [       896]
 951 softmutate    -4.393    -4.431  [       901]
 952 softmutate    -4.294    -4.314  [       885]
 953 softmutate    -4.469    -4.469  [       910]
 954 softmutate    -4.309    -4.440  [       902]
 955 keptBest      -4.495    -4.495  [       908]
 956 keptBest      -4.469    -4.469  [       910]
 957 keptBest      -4.441    -4.441  [       903]
 958 keptBest      -4.439    -4.439  [       912]
 959 keptBest      -4.431    -4.431  [       901]
 960 keptBest      -4.419    -4.419  [       914]
 961 Heredity      -4.373    -4.482  [  955  953]
 962 Heredity      -4.340    -4.459  [  953  924]
 963 Heredity      -4.352    -4.413  [  938  958]
 964 Heredity      -4.402    -4.358  [  960  917]
 965 Heredity      -4.334    -4.414  [  957  938]
 966 Heredity      -4.388    -4.409  [  919  955]
 967 Heredity      -4.403    -4.429  [  960  958]
 968 Heredity      -4.411    -4.482  [  955  953]
 969 Heredity      -4.469    -4.445  [  928  953]
 970 Heredity      -4.393    -4.358  [  923  921]
 971 Heredity      -4.349    -4.385  [  927  957]
 972 Heredity      -4.414    -4.341  [  938  952]
 973 Heredity      -4.392    -4.426  [  928  959]
 974 Heredity      -4.446    -4.458  [  928  955]
 975 Heredity      -4.229    -4.430  [  955  923]
 976 Heredity      -4.347    -4.277  [  927  946]
 977 Heredity      -4.355    -4.404  [  938  928]
 978   Random      -4.257    -4.257  [         0]
 979   Random      -4.192    -4.192  [         0]
 980   Random      -4.314    -4.314  [         0]
 981   Random      -4.370    -4.370  [         0]
 982   Random      -4.325    -4.325  [         0]
 983   Random      -4.365    -4.365  [         0]
 984   Random      -4.315    -4.315  [         0]
 985   Random      -4.292    -4.292  [         0]
 986   Random      -4.427    -4.427  [         0]
 987   Random      -4.414    -4.414  [         0]
 988   Random      -4.110    -4.110  [         0]
 989   Random      -4.205    -4.205  [         0]
 990   Random      -4.100    -4.100  [         0]
 991   Random      -4.310    -4.310  [         0]
 992   Random      -4.341    -4.341  [         0]
 993 softmutate    -4.469    -4.469  [       953]
 994 softmutate    -4.406    -4.406  [       916]
 995 softmutate    -4.431    -4.431  [       959]
 996 softmutate    -4.385    -4.419  [       960]
 997 softmutate    -4.421    -4.421  [       928]
 998   Random      -4.231    -4.231  [         0]
 999   Random      -4.161    -4.161  [         0]
1000 softmutate    -4.378    -4.495  [       955]
1001 keptBest      -4.495    -4.495  [       955]
1002 keptBest      -4.469    -4.469  [       953]
1003 keptBest      -4.441    -4.441  [       957]
1004 keptBest      -4.439    -4.439  [       958]
1005 keptBest      -4.431    -4.431  [       959]
1006 keptBest      -4.419    -4.419  [       960]
1007 Heredity      -4.430    -4.402  [  970  968]
1008 Heredity      -4.331    -4.331  [  998  995]
1009 Heredity      -4.411    -4.384  [  983  964]
1010 Heredity      -4.381    -4.482  [ 969  1001]
1011 Heredity      -4.418    -4.407  [  997  970]
1012 Heredity      -4.360    -4.410  [  970  986]
1013 Heredity      -4.441    -4.431  [  973  969]
1014 Heredity      -4.295    -4.444  [ 974  1003]
1015 Heredity      -4.422    -4.450  [  995  969]
1016 Heredity      -4.418    -4.407  [1003   961]
1017 Heredity      -4.444    -4.426  [1003   968]
1018 Heredity      -4.419    -4.429  [1004  1006]
1019 Heredity      -4.330    -4.453  [ 968  1001]
1020 Heredity      -4.429    -4.425  [ 995  1006]
1021 Heredity      -4.376    -4.442  [1004   974]
1022 Heredity      -4.368    -4.419  [  986  968]
1023 Heredity      -4.390    -4.453  [1001   968]
1024 Heredity      -4.373    -4.342  [  981  980]
1025   Random      -4.400    -4.400  [         0]
1026   Random      -4.471    -4.471  [         0]
1027   Random      -4.297    -4.297  [         0]
1028   Random      -4.202    -4.202  [         0]
1029   Random      -4.206    -4.206  [         0]
1030   Random      -4.356    -4.356  [         0]
1031   Random      -4.093    -4.093  [         0]
1032   Random      -4.328    -4.328  [         0]
1033   Random      -4.269    -4.269  [         0]
1034   Random      -4.286    -4.286  [         0]
1035   Random      -4.414    -4.414  [         0]
1036   Random      -4.427    -4.427  [         0]
1037   Random      -4.172    -4.172  [         0]
1038   Random      -4.286    -4.286  [         0]
1039 softmutate    -4.329    -4.393  [       970]
1040   Random      -4.347    -4.347  [         0]
1041 softmutate    -4.373    -4.446  [       974]
1042 softmutate    -4.421    -4.421  [       997]
1043 softmutate    -4.399    -4.469  [       969]
1044 softmutate    -4.402    -4.402  [       964]
1045 softmutate    -4.411    -4.411  [       968]
1046   Random      -4.353    -4.353  [         0]
1047 keptBest      -4.495    -4.495  [      1001]
1048 keptBest      -4.469    -4.469  [       969]
1049 keptBest      -4.441    -4.441  [      1003]
1050 keptBest      -4.439    -4.439  [      1004]
1051 keptBest      -4.431    -4.431  [       995]
1052 keptBest      -4.427    -4.427  [       986]
1053 Heredity      -4.375    -4.437  [1007  1017]
1054 Heredity      -4.363    -4.408  [1048  1040]
1055 Heredity      -4.304    -4.445  [1026  1011]
1056 Heredity      -4.390    -4.420  [1018  1015]
1057 Heredity      -4.289    -4.420  [1045  1020]
1058 Heredity      -4.357    -4.434  [1048  1025]
1059 Heredity      -4.366    -4.435  [1013  1020]
1060 Heredity      -4.445    -4.444  [1016  1048]
1061 Heredity      -4.331    -4.451  [1051  1026]
1062 Heredity      -4.414    -4.446  [1026  1042]
1063 Heredity      -4.360    -4.431  [1017  1016]
1064 Heredity      -4.317    -4.410  [1043  1042]
1065 Heredity      -4.327    -4.428  [1020  1052]
1066 Heredity      -4.400    -4.467  [1050  1047]
1067 Heredity      -4.425    -4.421  [1020  1035]
1068 Heredity      -4.464    -4.457  [1017  1048]
1069 Heredity      -4.344    -4.444  [1048  1016]
1070 Heredity      -4.390    -4.429  [1007  1020]
1071 Heredity      -4.373    -4.443  [1017  1013]
1072 Heredity      -4.288    -4.422  [1021  1048]
1073 Heredity      -4.417    -4.451  [1051  1026]
1074   Random      -4.241    -4.241  [         0]
1075   Random      -4.290    -4.290  [         0]
1076   Random      -4.291    -4.291  [         0]
1077   Random      -4.404    -4.404  [         0]
1078   Random      -4.391    -4.391  [         0]
1079   Random      -4.290    -4.290  [         0]
1080   Random      -4.191    -4.191  [         0]
1081   Random      -4.346    -4.346  [         0]
1082   Random      -4.172    -4.172  [         0]
1083   Random      -4.322    -4.322  [         0]
1084 softmutate    -4.444    -4.444  [      1017]
1085   Random      -4.038    -4.038  [         0]
1086 softmutate    -4.402    -4.402  [      1044]
1087 softmutate    -4.471    -4.471  [      1026]
1088 softmutate    -4.444    -4.444  [      1017]
1089 softmutate    -4.419    -4.419  [      1018]
1090 softmutate    -4.444    -4.444  [      1017]
1091 softmutate    -4.405    -4.444  [      1017]
1092 softmutate    -4.444    -4.444  [      1017]
1093 keptBest      -4.495    -4.495  [      1047]
1094 keptBest      -4.469    -4.469  [      1048]
1095 keptBest      -4.441    -4.441  [      1013]
1096 keptBest      -4.439    -4.439  [      1050]
1097 keptBest      -4.431    -4.431  [      1051]
1098 keptBest      -4.427    -4.427  [      1052]
1099 Heredity      -4.348    -4.347  [1061  1054]
1100 Heredity      -4.350    -4.422  [1094  1053]
1101 Heredity      -4.329    -4.451  [1097  1087]
1102 Heredity      -4.436    -4.463  [1093  1097]
1103 Heredity      -4.370    -4.402  [1096  1059]
1104 Heredity      -4.362    -4.463  [1093  1097]
1105 Heredity      -4.469    -4.482  [1093  1094]
1106 Heredity      -4.421    -4.341  [1078  1076]
1107 Heredity      -4.262    -4.435  [1053  1093]
1108 Heredity      -4.327    -4.335  [1059  1055]
1109 Heredity      -4.391    -4.416  [1062  1089]
1110 Heredity      -4.388    -4.436  [1095  1097]
1111 Heredity      -4.364    -4.418  [1060  1070]
1112 Heredity      -4.416    -4.418  [1078  1060]
1113 Heredity      -4.392    -4.431  [1078  1087]
1114 Heredity      -4.396    -4.430  [1095  1089]
1115 Heredity      -4.414    -4.441  [1062  1094]
1116 Heredity      -4.384    -4.413  [1094  1058]
1117 Heredity      -4.368    -4.361  [1097  1076]
1118   Random      -4.377    -4.377  [         0]
1119   Random      -4.129    -4.129  [         0]
1120   Random      -4.320    -4.320  [         0]
1121   Random      -4.207    -4.207  [         0]
1122   Random      -4.366    -4.366  [         0]
1123   Random      -4.246    -4.246  [         0]
1124   Random      -4.425    -4.425  [         0]
1125   Random      -4.059    -4.059  [         0]
1126   Random      -3.953    -3.953  [         0]
1127   Random      -4.165    -4.165  [         0]
1128   Random      -4.268    -4.268  [         0]
1129   Random      -4.289    -4.289  [         0]
1130 softmutate    -4.427    -4.427  [      1098]
1131 softmutate    -4.366    -4.427  [      1098]
1132 softmutate    -4.305    -4.495  [      1093]
1133   Random      -4.223    -4.223  [         0]
1134   Random      -4.372    -4.372  [         0]
1135 softmutate    -4.407    -4.391  [      1078]
1136 softmutate    -4.495    -4.495  [      1093]
1137 softmutate    -4.357    -4.357  [      1058]
1138   Random      -4.349    -4.349  [         0]
1139 keptBest      -4.495    -4.495  [      1093]
1140 keptBest      -4.469    -4.469  [      1094]
1141 keptBest      -4.441    -4.441  [      1095]
1142 keptBest      -4.439    -4.439  [      1096]
1143 keptBest      -4.431    -4.431  [      1097]
1144 keptBest      -4.427    -4.427  [      1098]
1145 Heredity      -4.438    -4.453  [1102  1105]
1146 Heredity      -4.406    -4.376  [1117  1116]
1147 Heredity      -4.384    -4.411  [1115  1135]
1148 Heredity      -4.432    -4.451  [1135  1136]
1149 Heredity      -4.397    -4.433  [1105  1114]
1150 Heredity      -4.386    -4.429  [1105  1110]
1151 Heredity      -4.366    -4.418  [1106  1115]
1152 Heredity      -4.341    -4.437  [1102  1142]
1153 Heredity      -4.305    -4.380  [1116  1118]
1154 Heredity      -4.417    -4.378  [1138  1135]
1155 Heredity      -4.384    -4.412  [1112  1135]
1156 Heredity      -4.309    -4.400  [1130  1134]
1157 Heredity      -4.320    -4.386  [1115  1137]
1158 Heredity      -4.326    -4.426  [1130  1124]
1159 Heredity      -4.355    -4.394  [1134  1112]
1160 Heredity      -4.359    -4.393  [1109  1114]
1161 Heredity      -4.369    -4.426  [1116  1105]
1162   Random      -4.259    -4.259  [         0]
1163   Random      -4.215    -4.215  [         0]
1164   Random      -4.422    -4.422  [         0]
1165   Random      -4.410    -4.410  [         0]
1166   Random      -4.250    -4.250  [         0]
1167   Random      -4.352    -4.352  [         0]
1168   Random      -4.304    -4.304  [         0]
1169   Random      -4.264    -4.264  [         0]
1170   Random      -4.214    -4.214  [         0]
1171   Random      -4.260    -4.260  [         0]
1172   Random      -4.006    -4.006  [         0]
1173   Random      -4.293    -4.293  [         0]
1174   Random      -4.308    -4.308  [         0]
1175 softmutate    -4.249    -4.439  [      1142]
1176 softmutate    -4.469    -4.469  [      1105]
1177 softmutate    -4.436    -4.436  [      1102]
1178   Random      -4.027    -4.027  [         0]
1179 softmutate    -4.441    -4.439  [      1142]
1180 softmutate    -4.348    -4.425  [      1124]
1181 softmutate    -4.317    -4.377  [      1118]
1182 softmutate    -4.321    -4.427  [      1130]
1183 softmutate    -4.427    -4.427  [      1130]
1184 softmutate    -4.299    -4.377  [      1118]
1185 keptBest      -4.495    -4.495  [      1136]
1186 keptBest      -4.469    -4.469  [      1105]
1187 keptBest      -4.441    -4.441  [      1141]
1188 keptBest      -4.439    -4.439  [      1142]
1189 keptBest      -4.436    -4.436  [      1102]
1190 keptBest      -4.427    -4.427  [      1130]
