Gen   ID    Origin   Composition    Enthalpy   Volume  Density   Fitness   KPOINTS  SYMM  Q_entr A_order S_order
                                      (eV)     (A^3)  (g/cm^3)
  1   12   Random    [      8    ]   -39.927   391.176   0.954     -4.991 [ 4  5  1]  67  0.002  1.020  3.668
  2   40 keptBest    [      8    ]   -39.927   391.176   0.954     -4.991 [ 4  5  1]  67  0.002  1.020  3.668
  3   61 softmutate  [      8    ]   -39.928   390.210   0.956     -4.991 [ 4  5  1]  67  0.000  1.020  3.676
  4   82 softmutate  [      8    ]   -40.088   356.651   1.046     -5.011 [ 4  6  1]  10  0.032  1.024  2.646
  5  105 keptBest    [      8    ]   -40.088   356.651   1.046     -5.011 [ 4  6  1]  10  0.032  1.024  2.646
  6  128 keptBest    [      8    ]   -40.088   356.651   1.046     -5.011 [ 4  6  1]  10  0.032  1.024  2.646
  7  150 keptBest    [      8    ]   -40.088   356.651   1.046     -5.011 [ 4  6  1]  10  0.032  1.024  2.646
  8  175 keptBest    [      8    ]   -40.088   356.651   1.046     -5.011 [ 4  6  1]  10  0.032  1.024  2.646
  9  197 keptBest    [      8    ]   -40.088   356.651   1.046     -5.011 [ 4  6  1]  10  0.032  1.024  2.646
 10  222 keptBest    [      8    ]   -40.088   356.651   1.046     -5.011 [ 4  6  1]  10  0.032  1.024  2.646
 11  243 keptBest    [      8    ]   -40.088   356.651   1.046     -5.011 [ 4  6  1]  10  0.032  1.024  2.646
 12  269 keptBest    [      8    ]   -40.088   356.651   1.046     -5.011 [ 4  6  1]  10  0.032  1.024  2.646
 13  288 keptBest    [      8    ]   -40.088   356.651   1.046     -5.011 [ 4  6  1]  10  0.032  1.024  2.646
