-36.883 -37.043 -37.543 -38.127 -38.140
-38.203 -38.155 -38.172 -39.061 -38.952
-33.237 -35.088 -35.780 -35.848 -36.287
-8.603 -35.404 -35.777 -35.943 -35.943
-8.605 -35.404 -35.777 -35.943 -35.943
-38.431 -39.148 -39.367 -39.434 -39.456
-38.384 -38.420 -37.843 -37.442 -37.675
-37.761 -38.292 -38.305 -38.154 -38.106
-38.174 -38.526 -44.378 -39.459 -39.413
-36.975 -38.633 -38.294 -38.616 -38.614
-37.463 -37.897 -37.713 -38.142 -38.143
-37.528 -40.047 -39.665 -39.744 -39.927
-33.598 -36.943 -40.200 -38.861 -38.766
-38.012 -38.314 -38.056 -37.984 -37.982
2.020 -37.069 -35.059 -38.925 -39.306
-37.659 -37.847 -38.844 -38.052 -38.471
-36.281 -37.598 -39.256 -38.891 -39.263
-37.345 -38.246 -38.484 -38.138 -38.182
-33.597 -36.950 -41.240 -37.416 -37.723
-36.068 -36.791 -36.927 -36.976 -36.806
-37.937 -38.577 -39.053 -39.089 -38.928
-37.902 -38.659 -38.293 -38.617 -38.614
-37.654 -38.973 -38.770 -38.681 -38.642
-37.740 -38.334 -39.163 -37.715 -37.854
-37.464 -39.490 -38.303 -38.483 -38.408
-37.603 -37.882 -38.836 -38.293 -38.297
-36.338 -39.061 -39.395 -39.579 -39.617
-38.230 -38.956 -31.714 -39.095 -39.101
-38.576 -39.350 -39.122 -39.222 -39.348
-37.207 -37.539 -6.765 -37.675 -37.834
-33.597 -36.962 -36.749 -36.760 -36.617
-37.698 -38.658 -38.799 -38.148 -38.472
-38.334 -38.665 -38.835 -38.761 -38.719
-37.402 -38.411 -38.013 -37.891 -38.214
-39.132 -39.366 -38.918 -38.900 -38.534
-38.368 -38.657 -38.147 -38.068 -38.068
-38.196 -38.419 -38.356 -38.626 -38.627
-38.657 -38.662 -37.881 -38.132 -38.130
-38.451 -39.398 -38.682 -38.207 -39.247
-37.528 -40.047 -39.665 -39.744 -39.927
2.020 -37.069 -35.059 -38.925 -39.306
-38.203 -38.155 -38.172 -39.061 -38.952
-37.974 -38.845 -39.135 -39.044 -39.156
-39.834 -39.296 -39.696 -39.465 -39.316
-37.602 -38.160 -39.256 -39.610 -39.747
-38.670 -38.381 -38.597 -38.406 -38.461
-38.037 -38.355 -38.635 -38.745 -38.684
-38.341 -39.060 -38.892 -39.053 -39.049
-20.333 -39.404 -38.663 -39.507 -39.261
-39.027 -38.334 -38.391 -38.478 -38.503
-38.893 -38.614 -39.864 -39.855 -39.858
-39.896 -39.022 -38.484 -38.192 -37.951
-32.949 -37.055 -36.645 -36.720 -36.614
-37.528 -40.047 -39.665 -39.744 -39.927
-37.041 -37.262 -37.558 -37.644 -37.697
-37.060 -38.431 -37.848 -37.487 -37.467
-37.507 -38.827 -38.801 -38.450 -38.540
-38.743 -38.954 -39.162 -39.062 -38.951
-37.785 -37.973 -38.185 -38.186 -38.162
-36.338 -39.061 -39.395 -39.579 -39.617
-40.030 -39.586 -39.591 -39.745 -39.928
-38.203 -38.155 -38.172 -39.061 -38.952
-37.859 -38.031 -38.198 -38.327 -38.254
-38.959 -39.198 -39.476 -39.728 -39.731
-39.418 -40.403 -40.006 -39.499 -39.652
-37.382 -38.184 -38.450 -38.509 -38.487
-38.349 -38.327 -38.374 -38.544 -38.551
-39.259 -39.178 -39.784 -39.747 -39.748
-37.310 -38.257 -38.687 -38.634 -38.585
-39.311 -38.735 -22.004 -39.236 -39.380
-39.980 -39.616 -39.256 -39.449 -39.113
-39.216 -39.333 -39.616 -39.650 -39.750
-37.838 -38.022 -39.856 -39.337 -39.026
-36.795 -36.948 -36.713 -36.828 -36.828
-37.337 -37.790 -38.467 -38.514 -38.517
-35.968 -37.529 -37.581 -37.803 -37.919
-38.338 -38.562 -37.814 -37.830 -37.831
-8.604 -35.404 -35.777 -35.943 -35.943
-38.339 -38.562 -37.847 -37.829 -37.832
-39.405 -39.708 -39.718 -39.771 -39.730
-39.424 -39.645 -40.016 -40.084 -40.088
-39.352 -39.649 -40.005 -40.084 -40.088
-40.030 -39.586 -39.591 -39.745 -39.928
-37.602 -38.160 -39.256 -39.610 -39.747
-38.341 -39.060 -38.892 -39.053 -39.049
-38.050 -38.542 -38.705 -38.610 -38.836
-37.975 -38.248 192.413 -36.166 -36.823
-39.942 -39.608 -39.257 -39.447 -39.112
-38.438 -39.047 -39.284 -39.377 -39.384
-39.107 -39.285 -39.550 -39.629 -39.756
-37.779 -38.158 -38.653 -39.145 -38.984
-39.065 -39.461 -39.526 -39.354 -39.314
-39.491 -39.644 -40.007 -40.083 -40.087
-37.493 -38.607 -38.905 -38.830 -38.698
-37.502 -37.949 -39.036 -39.056 -38.971
-34.651 -34.403 -36.809 -39.309 -39.334
-32.930 -37.054 -36.689 -36.759 -36.660
-27.347 -35.942 -38.235 -38.247 -38.244
-37.013 -38.815 -38.801 -38.449 -38.540
-33.951 -36.093 -36.518 -35.951 -36.211
-38.238 -38.922 -37.874 -38.133 -38.129
-36.647 -37.789 -38.607 -38.343 -38.857
-38.574 -38.862 -39.012 -39.050 -38.970
-40.030 -39.586 -39.591 -39.745 -39.928
-39.352 -39.649 -40.005 -40.084 -40.088
-39.980 -39.616 -39.256 -39.449 -39.113
-37.310 -38.257 -38.687 -38.634 -38.585
-35.220 -35.516 -38.175 -37.317 -37.351
-39.929 -39.528 -39.710 -39.586 -39.902
-39.928 -39.509 -39.714 -39.594 -40.071
-38.468 -38.563 -39.151 -39.244 -39.200
-38.927 -39.203 -39.346 -39.398 -39.350
-36.610 -35.645 -40.464 -39.497 -39.651
-32.948 -37.055 -36.645 -36.720 -36.614
-34.213 -34.535 -37.453 -37.605 -37.407
-37.705 -38.459 -38.930 -36.572 -36.123
-37.240 -38.662 -39.416 -39.662 -39.847
-38.778 -38.143 -39.129 -38.813 -39.017
-38.921 -38.745 -38.800 -38.504 -38.948
-37.970 -38.152 -40.999 -37.394 -37.369
-38.623 -38.906 -41.055 -39.107 -39.103
-38.556 -39.523 -39.608 -39.744 -39.927
-37.675 -37.867 -38.166 -38.121 -38.120
-38.639 -37.873 -38.918 -38.463 -38.249
-39.427 -39.654 -40.009 -40.083 -40.087
-33.599 -36.913 -36.391 -36.944 -37.256
-38.859 -38.464 -38.488 -38.625 -38.603
-39.352 -39.649 -40.005 -40.084 -40.088
-36.550 -36.718 -39.349 -37.944 -37.963
-39.980 -39.616 -39.256 -39.449 -39.113
-37.779 -38.158 -38.653 -39.145 -38.984
-33.599 -36.906 -40.693 -37.751 -37.782
-38.018 -39.442 -40.022 -39.498 -39.650
-39.709 -40.424 -40.007 -39.499 -39.651
-39.088 -39.335 -39.631 -39.689 -39.727
-37.630 -39.653 -39.740 -39.770 -39.729
-36.775 -40.428 -40.006 -39.497 -39.650
-39.051 -39.525 -39.594 -39.744 -39.928
-36.913 -38.095 -39.384 -38.052 -38.101
-38.177 -38.363 -38.740 -38.823 -38.760
-36.796 -37.188 -37.787 -37.886 -37.902
-39.065 -38.562 -39.404 -38.970 -39.179
-37.870 -38.291 -42.051 -37.518 -37.565
-38.238 -38.922 -37.874 -38.135 -38.130
-35.063 -34.513 -38.697 -38.562 -38.543
-37.477 -38.643 -38.397 -38.600 -38.601
-38.062 -39.813 -39.461 -39.520 -39.533
-38.937 -39.264 -39.389 -39.398 -39.351
-34.928 -39.006 -37.620 -37.525 -37.417
-39.352 -39.649 -40.005 -40.084 -40.088
-36.610 -35.645 -40.464 -39.497 -39.651
-38.859 -38.464 -38.488 -38.625 -38.603
-39.492 -39.644 -40.003 -40.084 -40.087
-34.837 -35.104 -35.358 -36.189 -36.168
-37.929 -38.287 -38.540 -38.430 -38.972
-39.938 -38.828 -39.807 -37.295 -37.383
-39.588 -39.597 -39.479 -39.927 -39.746
-39.550 -39.455 -39.759 -39.772 -39.730
-39.064 -39.262 -39.377 -39.397 -39.351
-37.757 -38.536 -38.374 -38.425 -38.287
-38.615 -39.058 -39.113 -39.078 -39.090
-38.631 -39.042 -39.197 -39.048 -39.117
-39.506 -39.652 -40.002 -40.083 -40.087
-38.025 -38.244 -38.767 -36.697 -36.691
-38.207 -38.976 -39.385 -38.661 -38.615
-38.576 -38.818 -38.997 -32.943 -32.994
-38.237 -38.924 -37.885 -38.132 -38.130
-37.675 -37.869 -38.130 -38.121 -38.120
-27.500 -36.667 -36.650 -36.700 -36.613
-38.290 -38.482 -30.743 -37.865 -37.889
-37.792 -38.417 -38.289 -38.616 -38.614
48.625 -34.984 -36.439 -36.391 -36.391
-39.182 -38.791 -38.744 -37.688 -38.195
-38.203 -39.356 -38.909 -39.159 -38.984
-39.352 -39.649 -40.005 -40.084 -40.088
-37.630 -39.653 -39.740 -39.770 -39.729
-39.065 -38.562 -39.404 -38.970 -39.179
-37.913 -38.821 -38.749 -38.812 -38.777
-37.786 -38.823 -39.699 -36.913 -36.880
-40.518 -39.606 -39.731 -39.750 -39.844
-39.102 -38.508 -39.780 -39.495 -39.643
-39.219 -39.508 -39.671 -39.702 -39.737
-38.385 -38.760 -38.876 -38.806 -38.655
-38.287 -38.601 -38.530 -38.542 -38.654
-38.587 -38.886 -39.037 -38.962 -38.988
-38.212 -38.871 -39.119 -39.203 -39.253
-38.542 -38.745 -38.999 -39.160 -39.175
-37.861 -35.463 -37.965 -36.946 -38.074
-38.180 -38.917 -39.001 -34.488 -34.359
-33.620 -36.989 -39.932 -39.019 -39.371
-32.946 -37.055 -36.642 -36.720 -36.613
-38.483 -39.121 -38.675 -37.937 -37.728
-35.007 -36.580 -36.738 -36.658 -36.666
-33.240 -35.087 -36.940 -36.201 -36.296
-37.821 -38.941 -39.525 -39.406 -39.405
-39.491 -39.646 -40.002 -40.084 -40.088
-39.352 -39.649 -40.005 -40.084 -40.088
-39.588 -39.597 -39.479 -39.927 -39.746
-39.065 -38.562 -39.404 -38.970 -39.179
-38.518 -38.745 -38.586 -37.891 -37.895
-37.543 -38.670 -40.596 -36.725 -36.618
-38.021 -38.316 -38.293 -38.101 -38.062
-39.122 -39.983 -39.994 -39.498 -39.673
-37.488 -38.778 -38.467 -38.372 -38.339
-39.412 -39.658 -40.006 -40.083 -40.087
-39.361 -39.089 -39.381 -38.966 -39.178
-38.004 -38.226 -38.906 -38.827 -38.698
-38.512 -38.820 -38.961 -38.937 -38.891
-38.049 -38.607 -39.430 -39.510 -39.521
-38.330 -38.889 -38.498 -38.945 -39.248
-37.976 -38.342 -39.069 -38.962 -38.987
-38.137 -38.981 -37.877 -38.131 -38.130
-34.605 -37.105 -38.338 -38.110 -38.135
-36.633 -36.444 -36.461 -37.702 -37.905
-37.042 -37.262 -37.558 -37.644 -37.714
-36.991 -37.387 -37.414 -37.113 -37.277
-38.009 -38.665 -38.296 -38.616 -38.614
-39.600 -39.981 -40.007 -39.499 -39.651
-37.950 -38.205 -38.874 -39.102 -39.003
-38.207 -39.303 -38.676 -37.939 -37.731
-38.670 -38.817 -39.037 -38.958 -38.982
-39.352 -39.649 -40.005 -40.084 -40.088
-39.102 -38.508 -39.780 -39.495 -39.643
-38.587 -38.886 -39.037 -38.962 -38.988
-38.193 -39.443 -38.884 -38.780 -38.896
-39.364 -39.629 -40.006 -40.084 -40.088
-39.461 -39.985 -40.006 -39.498 -39.651
-39.635 -39.828 -39.457 -39.521 -39.533
-39.621 -39.989 -40.009 -39.498 -39.650
-38.229 -38.785 -38.749 -38.709 -38.856
-38.316 -38.963 -39.136 -38.989 -38.913
-37.839 -38.846 -38.710 -38.723 -38.904
-37.956 -38.837 -38.560 -38.632 -38.560
-8.607 -35.404 -35.777 -35.943 -35.943
-38.491 -38.184 -38.119 -36.703 -36.842
-33.088 -34.353 -37.596 -37.998 -38.064
-38.137 -38.972 -37.882 -38.132 -38.130
-38.345 -38.536 -38.428 -38.185 -38.723
-33.597 -36.951 -36.663 -36.720 -36.614
-39.407 -39.814 -39.279 -39.337 -39.382
-39.626 -39.966 -40.021 -39.499 -39.650
-38.534 -39.901 -39.597 -39.566 -39.603
-39.352 -39.649 -40.005 -40.084 -40.088
-39.122 -39.983 -39.994 -39.498 -39.673
-37.950 -38.205 -38.874 -39.102 -39.003
-37.767 -37.956 -39.348 -38.247 -38.567
-38.932 -39.139 -39.658 -38.904 -38.940
-39.711 -38.802 -39.553 -36.171 -36.209
-39.632 -39.619 -39.480 -39.930 -39.746
-37.216 -38.734 -39.438 -38.351 -38.461
-39.522 -39.987 -40.012 -39.499 -39.650
-38.596 -38.783 -38.507 -38.370 -38.397
-38.504 -38.726 -39.775 -39.839 -39.859
-39.077 -39.963 -40.012 -39.499 -39.650
-38.344 -39.809 -39.454 -39.521 -39.533
-37.922 -38.654 -38.748 -38.708 -38.853
-32.296 -35.896 -36.139 -36.201 -36.295
-34.557 -36.431 -38.267 -38.225 -38.238
-37.763 -38.501 -37.699 -37.473 -37.810
-38.340 -38.563 -37.810 -37.819 -37.827
-34.592 -38.607 -38.976 -38.883 -38.766
-39.381 -39.573 -39.592 -39.745 -39.928
-38.158 -38.983 -37.878 -38.132 -38.130
-39.626 -39.965 -39.974 -39.497 -39.651
-37.781 -38.576 -38.775 -38.778 -38.769
-38.191 -39.295 -39.474 -39.518 -39.531
-38.373 -38.589 -39.283 -39.444 -39.415
-38.227 -38.781 -38.736 -38.703 -38.860
-39.352 -39.649 -40.005 -40.084 -40.088
-39.122 -39.983 -39.994 -39.498 -39.673
-39.407 -39.814 -39.279 -39.337 -39.382
-39.627 -39.967 -39.974 -39.498 -39.651
-38.132 -39.170 -39.350 -38.661 -38.753
-39.837 -38.998 -39.641 -39.464 -39.371
-39.435 -39.608 -40.000 -40.083 -40.087
-39.584 -39.844 -39.461 -39.521 -39.534
-38.945 -39.328 -38.907 -39.147 -38.986
-38.345 -39.062 -38.569 -38.594 -38.670
-38.270 -38.592 -38.334 -38.301 -38.221
-38.559 -38.657 -39.437 -37.858 -37.804
-37.748 -38.659 -34.913 -36.439 -36.479
-37.717 -39.209 -38.852 -36.901 -37.177
-37.262 -39.785 -39.715 -39.772 -39.730
-38.562 -39.129 -39.197 -38.812 -39.263
-36.600 -37.412 -39.261 -38.891 -39.263
-38.248 -38.414 -37.837 -37.456 -37.467
-39.487 -39.646 -40.002 -40.084 -40.088
-39.352 -39.649 -40.005 -40.084 -40.088
-39.632 -39.619 -39.480 -39.930 -39.746
-38.263 -38.662 -38.723 -38.624 -38.856
-35.809 -36.115 -37.445 -37.137 -36.879
-37.216 -38.734 -39.438 -38.351 -38.461
-33.792 -35.880 -36.023 -35.869 -35.875
-39.631 -39.845 -39.461 -39.521 -39.533
-38.133 -38.016 -39.380 -39.589 -39.599
