  ID   Compositions    Enthalpies    Volumes    fitness  SYMM
                       (eV/atom)    (A^3/atom)    ()         
  82  [      8    ]     -5.0110     44.5814     -5.0110    10
 262  [      8    ]     -4.9910     48.7914     -4.9910    67
  90  [      8    ]     -4.9695     46.0203     -4.9695    25
  27  [      8    ]     -4.9522     44.0613     -4.9522     1
   6  [      8    ]     -4.9320     53.0107     -4.9320     2
  96  [      8    ]     -4.9167     70.6593     -4.9167    10
 111  [      8    ]     -4.9000     41.0868     -4.9000     1
  73  [      8    ]     -4.8782     41.4990     -4.8782    51
 232  [      8    ]     -4.8630     37.8144     -4.8630     1
 265  [      8    ]     -4.8462     38.0934     -4.8462     1
 246  [      8    ]     -4.8208     45.2672     -4.8208     1
 252  [      8    ]     -4.7996     40.6426     -4.7996     1
 258  [      8    ]     -4.7797     52.4211     -4.7797     1
  14  [      8    ]     -4.7478     53.8291     -4.7478    12
  24  [      8    ]     -4.7317     40.5614     -4.7317     1
 220  [      8    ]     -4.7163     49.8319     -4.7163    12
 143  [      8    ]     -4.6956     47.2889     -4.6956     1
 149  [      8    ]     -4.6772     65.6202     -4.6772     1
 216  [      8    ]     -4.6597     46.4414     -4.6597    28
 179  [      8    ]     -4.6100     42.0722     -4.6100     2
