Gen   ID    Origin   Composition    Enthalpy   Volume  Density   Fitness   KPOINTS  SYMM  Q_entr A_order S_order
                                      (eV)     (A^3)  (g/cm^3)
  1    1   Random    [      8    ]   -38.140   410.849   0.908     -4.768 [ 4  4  1]  75  0.099  1.021  2.371
  1    2   Random    [      8    ]   -38.952   370.691   1.006     -4.869 [ 3  6  1]  28  0.129  1.021  2.219
  1    3   Random    [      8    ]   -36.287   516.085   0.723     -4.536 [ 4  4  1] 175  0.096  1.027  2.865
  1    4   Random    [      8    ]   -35.943   653.143   0.571     -4.493 [ 3  3  1] 123  0.000  1.024  4.832
  1    5   Random    [      8    ]   -35.943   653.141   0.571     -4.493 [ 3  3  1] 123  0.000  1.024  4.832
  1    6   Random    [      8    ]   -39.456   424.086   0.880     -4.932 [ 4  4  1]   2  0.075  1.017  2.080
  1    7   Random    [      8    ]   -37.675   357.071   1.045     -4.709 [ 5  4  1]   3  0.031  1.027  3.190
  1    8   Random    [      8    ]   -38.106   440.938   0.846     -4.763 [ 4  4  1]   7  0.083  1.018  2.159
  1    9   Random    [      8    ]   -39.413   367.359   1.016     -4.927 [ 6  3  1]   1  0.058  1.017  1.978
  1   10   Random    [      8    ]   -38.614   378.970   0.985     -4.827 [ 4  4  1]  28  0.058  1.022  3.926
  1   11   Random    [      8    ]   -38.143   421.302   0.886     -4.768 [ 4  4  1]  99  0.100  1.025  2.528
  1   12   Random    [      8    ]   -39.927   391.176   0.954     -4.991 [ 4  5  1]  67  0.002  1.020  3.668
  1   13   Random    [      8    ]   -38.766   426.133   0.876     -4.846 [ 4  4  1]  13  0.033  1.012  2.379
  1   14   Random    [      8    ]   -37.982   430.633   0.866     -4.748 [ 4  4  1]  12  0.077  1.020  2.266
  1   15   Random    [      8    ]   -39.306   382.883   0.974     -4.913 [ 4  5  1]  12  0.000  1.022  3.467
  1   16   Random    [      8    ]   -38.471   364.929   1.022     -4.809 [ 5  4  1]   3  0.120  1.028  2.233
  1   17   Random    [      8    ]   -39.263   349.024   1.069     -4.908 [ 4  5  1]  12  0.000  1.025  3.752
  1   18   Random    [      8    ]   -38.182   343.018   1.088     -4.773 [ 5  5  1]   8  0.150  1.013  1.831
  1   19   Random    [      8    ]   -37.723   429.691   0.868     -4.715 [ 4  5  1]  10  0.067  1.022  2.309
  1   20   Random    [      8    ]   -36.806   673.855   0.554     -4.601 [ 4  3  1]   1  0.090  1.012  2.676
  2   21 Heredity    [      8    ]   -38.928   420.003   0.888     -4.866 [ 5  4  1]   2  0.088  1.022  1.875
  2   22 Heredity    [      8    ]   -38.614   377.853   0.987     -4.827 [ 4  4  1]  10  0.058  1.022  3.925
  2   23 Heredity    [      8    ]   -38.642   336.952   1.107     -4.830 [ 4  5  1]   1  0.109  1.022  1.600
  2   24 Heredity    [      8    ]   -37.854   324.491   1.150     -4.732 [ 5  5  1]   1  0.096  1.021  1.609
  2   25 Heredity    [      8    ]   -38.408   367.821   1.014     -4.801 [ 4  5  1]   1  0.114  1.021  1.609
  2   26 Heredity    [      8    ]   -38.297   379.629   0.983     -4.787 [ 4  4  1]   6  0.078  1.024  2.349
  2   27 Heredity    [      8    ]   -39.617   352.490   1.058     -4.952 [ 4  6  1]   1  0.124  1.017  1.600
  2   28 Heredity    [      8    ]   -39.101   559.273   0.667     -4.888 [ 3  4  1]   2  0.043  1.021  2.667
  2   29 Heredity    [      8    ]   -39.348   410.658   0.909     -4.919 [ 4  5  1]  11  0.044  1.020  2.803
  2   30 Heredity    [      8    ]   -37.834   443.162   0.842     -4.729 [ 4  5  1]   3  0.082  1.015  2.134
  2   31   Random    [      8    ]   -36.617   594.651   0.627     -4.577 [ 4  4  1]   1  0.065  1.018  3.051
  2   32   Random    [      8    ]   -38.472   364.943   1.022     -4.809 [ 4  5  1]  35  0.121  1.028  2.259
  2   33   Random    [      8    ]   -38.719   385.665   0.967     -4.840 [ 6  3  1]  32  0.108  1.026  1.891
  2   34   Random    [      8    ]   -38.214   391.782   0.952     -4.777 [ 3  6  1]  25  0.112  1.022  2.345
  2   35   Random    [      8    ]   -38.534   389.553   0.958     -4.817 [ 4  5  1]  35  0.042  1.019  3.407
  2   36   Random    [      8    ]   -38.068   431.919   0.864     -4.759 [ 4  4  1] 162  0.030  1.015  3.652
  2   37 softmutate  [      8    ]   -38.627   384.103   0.971     -4.828 [ 4  4  1]   3  0.035  1.024  3.236
  2   38 softmutate  [      8    ]   -38.130   354.917   1.051     -4.766 [ 4  4  1]  12  0.000  1.021  4.174
  2   39 softmutate  [      8    ]   -39.247   376.985   0.990     -4.906 [ 4  5  1]  12  0.022  1.018  2.940
  2   40 keptBest    [      8    ]   -39.927   391.176   0.954     -4.991 [ 4  5  1]  67  0.002  1.020  3.668
  2   41 keptBest    [      8    ]   -39.306   382.883   0.974     -4.913 [ 4  5  1]  12  0.000  1.022  3.467
  2   42 keptBest    [      8    ]   -38.952   370.691   1.006     -4.869 [ 3  6  1]  28  0.129  1.021  2.219
  2   43 softmutate  [      8    ]   -39.156   353.707   1.055     -4.895 [ 4  5  1]   1  0.092  1.018  1.889
  3   44 Heredity    [      8    ]   -39.316   403.097   0.926     -4.914 [ 3  5  1]  10  0.043  1.026  2.710
  3   45 Heredity    [      8    ]   -39.747   393.014   0.949     -4.968 [ 3  6  1]   1  0.081  1.017  1.867
  3   46 Heredity    [      8    ]   -38.461   350.170   1.065     -4.808 [ 4  5  1]   1  0.130  1.011  1.648
  3   47 Heredity    [      8    ]   -38.684   336.386   1.109     -4.836 [ 4  5  1]   1  0.113  1.021  1.542
  3   48 Heredity    [      8    ]   -39.049   351.109   1.063     -4.881 [ 4  5  1]   6  0.139  1.023  1.929
  3   49 Heredity    [      8    ]   -39.261   368.041   1.014     -4.908 [ 5  4  1]  51  0.000  1.025  3.749
  3   50 Heredity    [      8    ]   -38.503   357.097   1.045     -4.813 [ 4  5  1]   1  0.148  1.020  1.628
  3   51 Heredity    [      8    ]   -39.858   405.117   0.921     -4.982 [ 3  6  1]   2  0.013  1.022  3.237
  3   52 Heredity    [      8    ]   -37.951   451.227   0.827     -4.744 [ 3  5  1]   6  0.119  1.009  2.356
  3   53   Random    [      8    ]   -36.614   578.581   0.645     -4.577 [ 4  4  1] 183  0.059  1.022  3.120
  3   54 keptBest    [      8    ]   -39.927   391.176   0.954     -4.991 [ 4  5  1]  67  0.002  1.020  3.668
  3   55   Random    [      8    ]   -37.697   448.058   0.833     -4.712 [ 4  4  1]  85  0.000  1.025  3.151
  3   56   Random    [      8    ]   -37.467   392.900   0.950     -4.683 [ 5  4  1]  28  0.055  1.013  2.251
  3   57   Random    [      8    ]   -38.540   355.889   1.048     -4.817 [ 5  4  1] 123  0.000  1.023  2.887
  3   58 softmutate  [      8    ]   -38.951   384.665   0.970     -4.869 [ 3  6  1]  28  0.129  1.021  2.207
  3   59 softmutate  [      8    ]   -38.162   339.980   1.097     -4.770 [ 4  5  1]   1  0.067  1.020  1.916
  3   60 keptBest    [      8    ]   -39.617   352.490   1.058     -4.952 [ 4  6  1]   1  0.124  1.017  1.600
  3   61 softmutate  [      8    ]   -39.928   390.210   0.956     -4.991 [ 4  5  1]  67  0.000  1.020  3.676
  3   62 keptBest    [      8    ]   -38.952   370.691   1.006     -4.869 [ 3  6  1]  28  0.129  1.021  2.219
  3   63   Random    [      8    ]   -38.254   430.873   0.866     -4.782 [ 4  5  1]   7  0.113  1.021  1.967
  3   64 softmutate  [      8    ]   -39.731   411.835   0.906     -4.966 [ 5  3  1] 191  0.000  1.024  3.884
  4   65 Heredity    [      8    ]   -39.652   321.289   1.161     -4.956 [ 5  5  1]  59  0.070  1.007  3.051
  4   66 Heredity    [      8    ]   -38.487   284.466   1.312     -4.811 [ 4  6  1]   1  0.108  1.023  1.701
  4   67 Heredity    [      8    ]   -38.551   396.062   0.942     -4.819 [ 3  5  1]   7  0.079  1.013  1.950
  4   68 Heredity    [      8    ]   -39.748   329.540   1.132     -4.969 [ 4  5  1]  12  0.070  1.023  2.134
  4   69 Heredity    [      8    ]   -38.585   319.352   1.168     -4.823 [ 6  4  1]   1  0.115  1.014  1.814
  4   70 Heredity    [      8    ]   -39.380   433.919   0.860     -4.923 [ 4  5  1]   2  0.036  1.026  2.452
  4   71 Heredity    [      8    ]   -39.113   391.834   0.952     -4.889 [ 4  5  1]  12  0.041  1.022  2.925
  4   72 Heredity    [      8    ]   -39.750   365.308   1.021     -4.969 [ 3  6  1]   3  0.053  1.020  2.182
  4   73   Random    [      8    ]   -39.026   331.992   1.124     -4.878 [ 4  5  1]  51  0.027  1.029  3.152
  4   74   Random    [      8    ]   -36.828   721.577   0.517     -4.604 [ 3  4  1]   1  0.159  1.017  2.083
  4   75   Random    [      8    ]   -38.517   372.669   1.001     -4.815 [ 4  4  1]  51  0.059  1.027  2.382
  4   76   Random    [      8    ]   -37.919   340.276   1.096     -4.740 [ 8  3  1]  54  0.050  1.027  2.381
  4   77   Random    [      8    ]   -37.831   445.043   0.838     -4.729 [ 4  4  1]   1  0.104  1.014  2.555
  4   78   Random    [      8    ]   -35.943   653.142   0.571     -4.493 [ 3  3  1] 123  0.000  1.024  4.832
  4   79   Random    [      8    ]   -37.832   448.460   0.832     -4.729 [ 4  4  1]   1  0.105  1.014  2.519
  4   80 softmutate  [      8    ]   -39.730   408.258   0.914     -4.966 [ 3  5  1] 191  0.003  1.024  3.646
  4   81 softmutate  [      8    ]   -40.088   358.160   1.042     -5.011 [ 4  6  1]  10  0.034  1.023  2.630
  4   82 softmutate  [      8    ]   -40.088   356.651   1.046     -5.011 [ 4  6  1]  10  0.032  1.024  2.646
  4   83 keptBest    [      8    ]   -39.928   390.210   0.956     -4.991 [ 4  5  1]  67  0.000  1.020  3.676
  4   84 keptBest    [      8    ]   -39.747   393.014   0.949     -4.968 [ 3  6  1]   1  0.081  1.017  1.867
  4   85 keptBest    [      8    ]   -39.049   351.109   1.063     -4.881 [ 4  5  1]   6  0.139  1.023  1.929
  4   86 softmutate  [      8    ]   -38.836   317.866   1.174     -4.855 [ 4  6  1]   2  0.066  1.016  2.028
  4   87   Random    [      8    ]   -36.823   435.706   0.856     -4.603 [ 4  6  1]   7  0.155  1.025  1.892
  5   88 Heredity    [      8    ]   -39.112   396.236   0.942     -4.889 [ 4  5  1]  12  0.040  1.023  2.985
  5   89 Heredity    [      8    ]   -39.384   376.865   0.990     -4.923 [ 3  6  1]   2  0.080  1.016  1.950
  5   90 Heredity    [      8    ]   -39.756   368.162   1.013     -4.969 [ 3  6  1]  25  0.057  1.020  2.349
  5   91 Heredity    [      8    ]   -38.984   317.648   1.175     -4.873 [ 4  5  1]   1  0.143  1.027  1.638
  5   92 Heredity    [      8    ]   -39.314   377.562   0.988     -4.914 [ 4  5  1]   6  0.101  1.021  2.326
  5   93 Heredity    [      8    ]   -40.087   358.952   1.039     -5.011 [ 4  6  1]  10  0.033  1.023  2.628
  5   94 Heredity    [      8    ]   -38.698   304.367   1.226     -4.837 [ 4  6  1]   1  0.082  1.015  1.623
  5   95 Heredity    [      8    ]   -38.971   294.730   1.266     -4.871 [ 4  6  1]   1  0.088  1.022  1.732
  5   96   Random    [      8    ]   -39.334   565.274   0.660     -4.917 [ 4  3  1]  10  0.053  1.015  2.707
  5   97   Random    [      8    ]   -36.660   608.669   0.613     -4.582 [ 4  4  1] 183  0.077  1.027  3.188
  5   98   Random    [      8    ]   -38.244   528.520   0.706     -4.781 [ 4  4  1]  35  0.076  1.018  2.454
  5   99   Random    [      8    ]   -38.540   355.929   1.048     -4.817 [ 5  4  1] 123  0.000  1.023  2.882
  5  100   Random    [      8    ]   -36.211   637.817   0.585     -4.526 [ 2  6  1]  28  0.149  1.014  2.455
  5  101   Random    [      8    ]   -38.129   349.427   1.068     -4.766 [ 4  4  1]  12  0.001  1.021  4.138
  5  102   Random    [      8    ]   -38.857   354.316   1.053     -4.857 [ 5  5  1] 129  0.000  1.031  3.964
  5  103 softmutate  [      8    ]   -38.970   299.023   1.248     -4.871 [ 6  4  1]   1  0.078  1.020  1.793
  5  104 softmutate  [      8    ]   -39.928   390.213   0.956     -4.991 [ 4  5  1]  67  0.000  1.020  3.674
  5  105 keptBest    [      8    ]   -40.088   356.651   1.046     -5.011 [ 4  6  1]  10  0.032  1.024  2.646
  5  106 keptBest    [      8    ]   -39.113   391.834   0.952     -4.889 [ 4  5  1]  12  0.041  1.022  2.925
  5  107 keptBest    [      8    ]   -38.585   319.352   1.168     -4.823 [ 6  4  1]   1  0.115  1.014  1.814
  5  108   Random    [      8    ]   -37.351   630.595   0.592     -4.669 [ 3  4  1]   1  0.089  1.015  2.400
  5  109 softmutate  [      8    ]   -39.902   369.547   1.010     -4.988 [ 3  5  1]  10  0.049  1.021  2.654
  5  110 softmutate  [      8    ]   -40.071   405.640   0.920     -5.009 [ 3  5  1]  10  0.032  1.023  2.582
  6  111 Heredity    [      8    ]   -39.200   328.694   1.135     -4.900 [ 4  6  1]   1  0.082  1.021  1.830
  6  112 Heredity    [      8    ]   -39.350   373.364   0.999     -4.919 [ 3  6  1]   2  0.061  1.014  2.149
  6  113 Heredity    [      8    ]   -39.651   309.733   1.205     -4.956 [ 5  5  1]  11  0.059  1.007  2.803
  6  114   Random    [      8    ]   -36.614   578.563   0.645     -4.577 [ 4  4  1] 183  0.059  1.022  3.119
  6  115   Random    [      8    ]   -37.407   499.953   0.746     -4.676 [ 5  3  1]  25  0.095  1.017  2.791
  6  116 Heredity    [      8    ]   -36.123   327.624   1.139     -4.515 [ 5  5  1]   1  0.207  1.020  4.886
  6  117 Heredity    [      8    ]   -39.847   304.066   1.227     -4.981 [ 4  6  1]   2  0.062  1.015  2.007
  6  118 Heredity    [      8    ]   -39.017   336.873   1.108     -4.877 [ 4  5  1]   1  0.119  1.022  1.908
  6  119 Heredity    [      8    ]   -38.948   365.008   1.022     -4.868 [ 4  5  1]   1  0.120  1.016  1.800
  6  120   Random    [      8    ]   -37.369   404.539   0.922     -4.671 [ 5  5  1]   1  0.085  1.010  1.875
  6  121   Random    [      8    ]   -39.103   504.889   0.739     -4.888 [ 3  4  1]  14  0.042  1.020  2.682
  6  122   Random    [      8    ]   -39.927   390.315   0.956     -4.991 [ 5  4  1]  67  0.001  1.020  3.671
  6  123   Random    [      8    ]   -38.120   360.087   1.036     -4.765 [ 4  4  1]  99  0.102  1.018  3.197
  6  124   Random    [      8    ]   -38.249   321.210   1.162     -4.781 [ 4  6  1]  13  0.030  1.020  2.077
  6  125 softmutate  [      8    ]   -40.087   359.143   1.039     -5.011 [ 4  6  1]  10  0.034  1.023  2.627
  6  126   Random    [      8    ]   -37.256   493.703   0.756     -4.657 [ 4  4  1]   3  0.087  1.013  2.086
  6  127 softmutate  [      8    ]   -38.603   342.907   1.088     -4.825 [ 4  5  1]   1  0.109  1.017  1.812
  6  128 keptBest    [      8    ]   -40.088   356.651   1.046     -5.011 [ 4  6  1]  10  0.032  1.024  2.646
  6  129 softmutate  [      8    ]   -37.963   512.350   0.728     -4.745 [ 3  4  1]   1  0.142  1.018  1.733
  6  130 keptBest    [      8    ]   -39.113   391.834   0.952     -4.889 [ 4  5  1]  12  0.041  1.022  2.925
  6  131 keptBest    [      8    ]   -38.984   317.648   1.175     -4.873 [ 4  5  1]   1  0.143  1.027  1.638
  6  132   Random    [      8    ]   -37.782   430.023   0.868     -4.723 [ 4  4  1]  10  0.019  1.021  2.887
  6  133 softmutate  [      8    ]   -39.650   321.451   1.161     -4.956 [ 5  5  1]  59  0.070  1.008  3.004
  7  134 Heredity    [      8    ]   -39.651   320.583   1.164     -4.956 [ 5  5  1]  59  0.070  1.007  3.038
  7  135 Heredity    [      8    ]   -39.727   340.528   1.096     -4.966 [ 4  6  1]   7  0.075  1.018  2.290
  7  136 Heredity    [      8    ]   -39.729   410.649   0.909     -4.966 [ 3  5  1] 191  0.002  1.024  3.651
  7  137 Heredity    [      8    ]   -39.650   323.931   1.152     -4.956 [ 5  5  1]  11  0.065  1.007  2.890
  7  138 Heredity    [      8    ]   -39.928   390.632   0.955     -4.991 [ 5  4  1]  67  0.000  1.020  3.678
  7  139 Heredity    [      8    ]   -38.101   293.147   1.273     -4.763 [ 4  6  1]   1  0.103  1.016  1.706
  7  140 Heredity    [      8    ]   -38.760   348.345   1.071     -4.845 [ 5  4  1]   1  0.111  1.019  1.734
  7  141   Random    [      8    ]   -37.902   347.142   1.075     -4.738 [ 5  5  1]   8  0.115  1.019  1.982
  7  142 Heredity    [      8    ]   -39.179   320.924   1.163     -4.897 [ 5  5  1]  10  0.076  1.018  2.399
  7  143 Heredity    [      8    ]   -37.565   378.311   0.986     -4.696 [ 5  4  1]   1  0.116  1.013  1.636
  7  144   Random    [      8    ]   -38.130   345.738   1.079     -4.766 [ 4  4  1]  12  0.000  1.021  4.174
  7  145   Random    [      8    ]   -38.543   398.031   0.937     -4.818 [ 6  3  1]   1  0.119  1.016  1.719
  7  146   Random    [      8    ]   -38.601   381.266   0.979     -4.825 [ 4  4  1]   7  0.061  1.019  2.988
  7  147 softmutate  [      8    ]   -39.533   329.093   1.134     -4.942 [ 4  6  1]   8  0.111  1.021  1.987
  7  148 softmutate  [      8    ]   -39.351   377.329   0.989     -4.919 [ 3  6  1]   2  0.057  1.012  2.274
  7  149   Random    [      8    ]   -37.417   524.961   0.711     -4.677 [ 6  3  1]   1  0.159  1.010  1.891
  7  150 keptBest    [      8    ]   -40.088   356.651   1.046     -5.011 [ 4  6  1]  10  0.032  1.024  2.646
  7  151 keptBest    [      8    ]   -39.651   309.733   1.205     -4.956 [ 5  5  1]  11  0.059  1.007  2.803
  7  152 keptBest    [      8    ]   -38.603   342.907   1.088     -4.825 [ 4  5  1]   1  0.109  1.017  1.812
  7  153 softmutate  [      8    ]   -40.087   357.821   1.043     -5.011 [ 4  6  1]  10  0.033  1.023  2.619
  7  154   Random    [      8    ]   -36.168   502.874   0.742     -4.521 [ 4  4  1]   3  0.087  1.019  2.008
  7  155 softmutate  [      8    ]   -38.972   394.698   0.945     -4.872 [ 4  5  1]   2  0.026  1.019  2.454
  7  156 softmutate  [      8    ]   -37.383   307.910   1.212     -4.673 [ 5  5  1]   1  0.178  1.025  1.561
  8  157 Heredity    [      8    ]   -39.746   336.127   1.110     -4.968 [ 4  5  1]  12  0.074  1.023  2.153
  8  158 Heredity    [      8    ]   -39.730   411.267   0.907     -4.966 [ 3  5  1] 191  0.000  1.024  3.568
  8  159 Heredity    [      8    ]   -39.351   374.430   0.996     -4.919 [ 3  6  1]   2  0.059  1.013  2.203
  8  160 Heredity    [      8    ]   -38.287   310.675   1.201     -4.786 [ 4  6  1]   2  0.065  1.017  1.799
  8  161 Heredity    [      8    ]   -39.090   360.640   1.035     -4.886 [ 3  6  1]   1  0.121  1.015  2.009
  8  162 Heredity    [      8    ]   -39.117   366.334   1.018     -4.890 [ 3  6  1]   2  0.062  1.019  1.957
  8  163 Heredity    [      8    ]   -40.087   358.385   1.041     -5.011 [ 4  6  1]  10  0.035  1.023  2.644
  8  164 Heredity    [      8    ]   -36.691   343.686   1.086     -4.586 [ 3  7  1]   1  0.136  1.015  1.495
  8  165 Heredity    [      8    ]   -38.615   371.638   1.004     -4.827 [ 4  5  1]   2  0.059  1.014  2.267
  8  166 Heredity    [      8    ]   -32.994   491.156   0.760     -4.124 [ 3  6  1]   1  0.213  1.018  1.616
  8  167   Random    [      8    ]   -38.130   354.528   1.052     -4.766 [ 4  4  1]  12  0.000  1.021  4.170
  8  168   Random    [      8    ]   -38.120   360.618   1.035     -4.765 [ 4  4  1]  99  0.102  1.018  3.208
  8  169   Random    [      8    ]   -36.613   567.638   0.657     -4.577 [ 4  4  1]  35  0.127  1.012  2.455
  8  170   Random    [      8    ]   -37.889   457.632   0.815     -4.736 [ 3  5  1]   7  0.074  1.020  2.261
  8  171   Random    [      8    ]   -38.614   379.427   0.983     -4.827 [ 4  4  1]  10  0.058  1.022  3.925
  8  172   Random    [      8    ]   -36.391   826.589   0.451     -4.549 [ 3  3  1] 127 -0.000  1.012  3.965
  8  173 softmutate  [      8    ]   -38.195   326.765   1.142     -4.774 [ 4  6  1]   4  0.077  1.018  2.059
  8  174 softmutate  [      8    ]   -38.984   322.842   1.156     -4.873 [ 4  5  1]   6  0.120  1.025  1.782
  8  175 keptBest    [      8    ]   -40.088   356.651   1.046     -5.011 [ 4  6  1]  10  0.032  1.024  2.646
  8  176 keptBest    [      8    ]   -39.729   410.649   0.909     -4.966 [ 3  5  1] 191  0.002  1.024  3.651
  8  177 keptBest    [      8    ]   -39.179   320.924   1.163     -4.897 [ 5  5  1]  10  0.076  1.018  2.399
  8  178 softmutate  [      8    ]   -38.777   354.504   1.052     -4.847 [ 4  6  1]   1  0.122  1.019  1.665
  8  179 softmutate  [      8    ]   -36.880   336.578   1.109     -4.610 [ 4  6  1]   2  0.093  1.023  1.701
  9  180 Heredity    [      8    ]   -39.844   311.765   1.197     -4.981 [ 4  6  1]  12  0.056  1.024  2.440
  9  181 Heredity    [      8    ]   -39.643   316.949   1.177     -4.955 [ 5  5  1]   2  0.065  1.009  2.799
  9  182 Heredity    [      8    ]   -39.737   346.986   1.075     -4.967 [ 4  6  1]   2  0.051  1.018  2.245
  9  183 Heredity    [      8    ]   -38.655   292.878   1.274     -4.832 [ 4  6  1]   1  0.079  1.020  1.902
  9  184 Heredity    [      8    ]   -38.654   318.889   1.170     -4.832 [ 4  5  1]   1  0.079  1.020  1.790
  9  185 Heredity    [      8    ]   -38.988   345.465   1.080     -4.874 [ 4  6  1]   6  0.136  1.013  1.962
  9  186 Heredity    [      8    ]   -39.253   318.971   1.170     -4.907 [ 4  6  1]   1  0.092  1.017  1.934
  9  187 Heredity    [      8    ]   -39.175   334.158   1.117     -4.897 [ 4  6  1]   1  0.079  1.018  2.068
  9  188 Heredity    [      8    ]   -38.074   338.848   1.101     -4.759 [ 4  4  1]   1  0.142  1.017  1.509
  9  189 Heredity    [      8    ]   -34.359   341.963   1.091     -4.295 [ 4  6  1]   1  0.246  1.018  4.392
  9  190   Random    [      8    ]   -39.371   351.863   1.060     -4.921 [ 5  5  1]  51  0.000  1.031  4.277
  9  191   Random    [      8    ]   -36.613   580.115   0.643     -4.577 [ 4  4  1] 183  0.060  1.021  3.156
  9  192   Random    [      8    ]   -37.728   409.644   0.911     -4.716 [ 4  5  1]  12  0.000  1.022  3.132
  9  193   Random    [      8    ]   -36.666   645.252   0.578     -4.583 [ 3  4  1]   3  0.097  1.016  2.597
  9  194   Random    [      8    ]   -36.296   527.986   0.707     -4.537 [ 4  4  1] 191  0.096  1.024  3.458
  9  195 softmutate  [      8    ]   -39.405   377.704   0.988     -4.926 [ 3  5  1]   2  0.042  1.023  2.306
  9  196 softmutate  [      8    ]   -40.088   357.117   1.045     -5.011 [ 4  6  1]  10  0.033  1.023  2.642
  9  197 keptBest    [      8    ]   -40.088   356.651   1.046     -5.011 [ 4  6  1]  10  0.032  1.024  2.646
  9  198 keptBest    [      8    ]   -39.746   336.127   1.110     -4.968 [ 4  5  1]  12  0.074  1.023  2.153
  9  199 keptBest    [      8    ]   -39.179   320.924   1.163     -4.897 [ 5  5  1]  10  0.076  1.018  2.399
  9  200 softmutate  [      8    ]   -37.895   411.579   0.906     -4.737 [ 3  5  1]  28  0.061  1.022  2.395
  9  201 Heredity    [      8    ]   -36.618   301.909   1.236     -4.577 [ 6  5  1]   1  0.222  1.021  1.779
  9  202 softmutate  [      8    ]   -38.062   360.896   1.034     -4.758 [ 4  5  1]   6  0.155  1.020  1.833
 10  203 Heredity    [      8    ]   -39.673   321.477   1.161     -4.959 [ 5  5  1]  67  0.054  1.008  2.866
 10  204 Heredity    [      8    ]   -38.339   448.236   0.832     -4.792 [ 5  4  1]   1  0.122  1.014  1.685
 10  205 Heredity    [      8    ]   -40.087   358.368   1.041     -5.011 [ 4  6  1]  10  0.033  1.023  2.636
 10  206 Heredity    [      8    ]   -39.178   328.256   1.137     -4.897 [ 5  5  1]  10  0.069  1.018  2.413
 10  207 Heredity    [      8    ]   -38.698   308.359   1.210     -4.837 [ 4  6  1]   1  0.085  1.017  1.619
 10  208 Heredity    [      8    ]   -38.891   312.293   1.195     -4.861 [ 4  6  1]   6  0.152  1.022  1.767
 10  209 Heredity    [      8    ]   -39.521   319.316   1.168     -4.940 [ 4  6  1]   1  0.106  1.021  1.792
 10  210 Heredity    [      8    ]   -39.248   324.231   1.151     -4.906 [ 4  5  1]   1  0.068  1.017  2.554
 10  211 Heredity    [      8    ]   -38.987   345.233   1.081     -4.873 [ 4  6  1]   6  0.140  1.015  1.976
 10  212   Random    [      8    ]   -38.130   354.365   1.053     -4.766 [ 4  4  1]  12  0.001  1.021  4.150
 10  213   Random    [      8    ]   -38.135   349.516   1.067     -4.767 [ 8  2  1]  25  0.106  1.018  2.407
 10  214   Random    [      8    ]   -37.905   446.348   0.836     -4.738 [ 4  4  1]  25  0.012  1.017  3.268
 10  215   Random    [      8    ]   -37.714   450.966   0.827     -4.714 [ 4  4  1]  85  0.000  1.023  3.182
 10  216   Random    [      8    ]   -37.277   371.531   1.004     -4.660 [ 4  5  1]  28  0.138  1.023  1.905
 10  217   Random    [      8    ]   -38.614   378.630   0.985     -4.827 [ 4  4  1]  28  0.058  1.022  3.924
 10  218 softmutate  [      8    ]   -39.651   321.863   1.159     -4.956 [ 5  5  1] 129  0.070  1.007  3.031
 10  219 softmutate  [      8    ]   -39.003   319.726   1.167     -4.875 [ 5  5  1]  12  0.080  1.019  2.276
 10  220 softmutate  [      8    ]   -37.731   398.656   0.936     -4.716 [ 4  5  1]  12  0.000  1.022  3.135
 10  221 softmutate  [      8    ]   -38.982   346.518   1.077     -4.873 [ 4  6  1]   6  0.144  1.014  1.936
 10  222 keptBest    [      8    ]   -40.088   356.651   1.046     -5.011 [ 4  6  1]  10  0.032  1.024  2.646
 10  223 keptBest    [      8    ]   -39.643   316.949   1.177     -4.955 [ 5  5  1]   2  0.065  1.009  2.799
 10  224 keptBest    [      8    ]   -38.988   345.465   1.080     -4.874 [ 4  6  1]   6  0.136  1.013  1.962
 10  225 softmutate  [      8    ]   -38.896   277.748   1.343     -4.862 [ 4  6  1]   2  0.062  1.022  1.910
 11  226 Heredity    [      8    ]   -40.088   357.877   1.043     -5.011 [ 4  6  1]  10  0.033  1.023  2.643
 11  227 Heredity    [      8    ]   -39.651   321.199   1.162     -4.956 [ 5  5  1]  59  0.070  1.007  3.031
 11  228 Heredity    [      8    ]   -39.533   332.413   1.122     -4.942 [ 4  6  1]  35  0.101  1.022  2.094
 11  229 Heredity    [      8    ]   -39.650   321.314   1.161     -4.956 [ 5  5  1]  59  0.070  1.008  2.995
 11  230 Heredity    [      8    ]   -38.856   340.983   1.094     -4.857 [ 5  4  1]   1  0.134  1.020  1.547
 11  231 Heredity    [      8    ]   -38.913   350.614   1.064     -4.864 [ 4  6  1]   1  0.120  1.019  1.724
 11  232 Heredity    [      8    ]   -38.904   302.515   1.233     -4.863 [ 4  6  1]   1  0.105  1.014  1.768
 11  233 Heredity    [      8    ]   -38.560   331.712   1.125     -4.820 [ 4  6  1]   1  0.108  1.018  1.611
 11  234   Random    [      8    ]   -35.943   653.142   0.571     -4.493 [ 3  3  1] 123 -0.000  1.024  4.832
 11  235 Heredity    [      8    ]   -36.842   328.858   1.135     -4.605 [ 4  6  1]   1  0.162  1.021  1.360
 11  236   Random    [      8    ]   -38.064   394.709   0.945     -4.758 [ 3  6  1] 191  0.000  1.024  4.059
 11  237   Random    [      8    ]   -38.130   354.800   1.052     -4.766 [ 4  4  1]  12  0.000  1.021  4.174
 11  238   Random    [      8    ]   -38.723   370.364   1.007     -4.840 [ 3  6  1]   1  0.096  1.022  1.917
 11  239   Random    [      8    ]   -36.614   578.045   0.645     -4.577 [ 4  4  1] 183  0.059  1.022  3.078
 11  240 softmutate  [      8    ]   -39.382   335.570   1.112     -4.923 [ 4  6  1]   1  0.105  1.020  1.928
 11  241 softmutate  [      8    ]   -39.650   321.131   1.162     -4.956 [ 5  5  1] 129  0.070  1.007  3.006
 11  242 softmutate  [      8    ]   -39.603   301.552   1.237     -4.950 [ 4  6  1]   2  0.113  1.020  1.648
 11  243 keptBest    [      8    ]   -40.088   356.651   1.046     -5.011 [ 4  6  1]  10  0.032  1.024  2.646
 11  244 keptBest    [      8    ]   -39.673   321.477   1.161     -4.959 [ 5  5  1]  67  0.054  1.008  2.866
 11  245 keptBest    [      8    ]   -39.003   319.726   1.167     -4.875 [ 5  5  1]  12  0.080  1.019  2.276
 11  246   Random    [      8    ]   -38.567   362.137   1.030     -4.821 [ 5  4  1]   1  0.131  1.022  1.542
 11  247 softmutate  [      8    ]   -38.940   385.987   0.967     -4.868 [ 4  6  1]   1  0.090  1.019  2.341
 11  248 softmutate  [      8    ]   -36.209   337.448   1.106     -4.526 [ 7  4  1]   1  0.216  1.024  2.115
 12  249 Heredity    [      8    ]   -39.746   332.558   1.122     -4.968 [ 4  5  1]  12  0.072  1.024  2.159
 12  250 Heredity    [      8    ]   -38.461   270.075   1.381     -4.808 [ 5  5  1]   7  0.099  1.020  1.511
 12  251 Heredity    [      8    ]   -39.650   321.641   1.160     -4.956 [ 5  5  1] 129  0.068  1.007  3.014
 12  252 Heredity    [      8    ]   -38.397   325.141   1.147     -4.800 [ 4  6  1]   1  0.096  1.022  1.740
 12  253 Heredity    [      8    ]   -39.859   385.302   0.968     -4.982 [ 3  6  1]  12  0.019  1.022  3.382
 12  254 Heredity    [      8    ]   -39.650   322.663   1.156     -4.956 [ 5  5  1]  59  0.070  1.008  3.003
 12  255 Heredity    [      8    ]   -39.533   332.491   1.122     -4.942 [ 4  6  1]  35  0.101  1.021  2.071
 12  256 Heredity    [      8    ]   -38.853   342.363   1.090     -4.857 [ 5  4  1]   1  0.137  1.020  1.539
 12  257   Random    [      8    ]   -36.295   537.906   0.694     -4.537 [ 4  4  1] 191  0.097  1.024  3.495
 12  258   Random    [      8    ]   -38.238   419.369   0.890     -4.780 [ 4  4  1]   1  0.100  1.019  1.859
 12  259   Random    [      8    ]   -37.810   389.787   0.957     -4.726 [ 4  4  1]   1  0.002  1.030  4.621
 12  260   Random    [      8    ]   -37.827   440.605   0.847     -4.728 [ 4  4  1] 143  0.098  1.013  2.570
 12  261   Random    [      8    ]   -38.766   447.737   0.833     -4.846 [ 4  4  1]  13  0.035  1.012  2.395
 12  262   Random    [      8    ]   -39.928   390.331   0.956     -4.991 [ 5  4  1]  67  0.000  1.020  3.676
 12  263   Random    [      8    ]   -38.130   354.422   1.053     -4.766 [ 4  4  1]  12  0.000  1.021  4.173
 12  264 softmutate  [      8    ]   -39.651   317.807   1.174     -4.956 [ 5  5  1]  59  0.070  1.007  3.038
 12  265 softmutate  [      8    ]   -38.769   304.747   1.224     -4.846 [ 4  6  1]   1  0.090  1.014  1.753
 12  266 softmutate  [      8    ]   -39.531   332.148   1.123     -4.941 [ 4  6  1]   8  0.108  1.020  2.029
 12  267 softmutate  [      8    ]   -39.415   386.024   0.967     -4.927 [ 3  6  1]   2  0.066  1.018  1.944
 12  268 softmutate  [      8    ]   -38.860   335.226   1.113     -4.858 [ 5  4  1]   1  0.136  1.022  1.537
 12  269 keptBest    [      8    ]   -40.088   356.651   1.046     -5.011 [ 4  6  1]  10  0.032  1.024  2.646
 12  270 keptBest    [      8    ]   -39.673   321.477   1.161     -4.959 [ 5  5  1]  67  0.054  1.008  2.866
 12  271 keptBest    [      8    ]   -39.382   335.570   1.112     -4.923 [ 4  6  1]   1  0.105  1.020  1.928
 12  272 softmutate  [      8    ]   -39.651   319.245   1.169     -4.956 [ 5  5  1]  59  0.070  1.007  3.012
 13  273 Heredity    [      8    ]   -38.753   313.387   1.191     -4.844 [ 4  6  1]   1  0.088  1.022  1.702
 13  274 Heredity    [      8    ]   -39.371   384.308   0.971     -4.921 [ 4  5  1]   2  0.057  1.022  2.192
 13  275 Heredity    [      8    ]   -40.087   357.377   1.044     -5.011 [ 4  6  1]   2  0.034  1.023  2.578
 13  276 Heredity    [      8    ]   -39.534   332.347   1.123     -4.942 [ 4  6  1]  35  0.101  1.022  2.096
 13  277 Heredity    [      8    ]   -38.986   315.854   1.181     -4.873 [ 5  4  1]   1  0.121  1.026  1.775
 13  278 Heredity    [      8    ]   -38.670   303.546   1.229     -4.834 [ 4  6  1]   2  0.089  1.017  1.920
 13  279   Random    [      8    ]   -38.221   368.587   1.012     -4.778 [ 3  6  1]   2  0.000  1.016  3.256
 13  280 Heredity    [      8    ]   -37.804   321.366   1.161     -4.725 [ 3  8  1]   1  0.139  1.018  1.753
 13  281   Random    [      8    ]   -36.479   728.873   0.512     -4.560 [ 2  4  1]  28  0.013  1.011  3.803
 13  282 Heredity    [      8    ]   -37.177   285.121   1.309     -4.647 [ 5  5  1]   1  0.176  1.018  1.510
 13  283   Random    [      8    ]   -39.730   411.316   0.907     -4.966 [ 3  5  1] 191 -0.000  1.024  3.569
 13  284   Random    [      8    ]   -39.263   348.713   1.070     -4.908 [ 5  4  1]  51  0.000  1.025  3.758
 13  285   Random    [      8    ]   -39.263   349.069   1.069     -4.908 [ 5  4  1]  51  0.000  1.025  3.747
 13  286   Random    [      8    ]   -37.467   383.087   0.974     -4.683 [ 5  4  1]  28  0.071  1.022  2.272
 13  287 softmutate  [      8    ]   -40.088   358.135   1.042     -5.011 [ 4  6  1]  10  0.033  1.023  2.641
 13  288 keptBest    [      8    ]   -40.088   356.651   1.046     -5.011 [ 4  6  1]  10  0.032  1.024  2.646
 13  289 keptBest    [      8    ]   -39.746   332.558   1.122     -4.968 [ 4  5  1]  12  0.072  1.024  2.159
 13  290 softmutate  [      8    ]   -38.856   344.152   1.084     -4.857 [ 5  4  1]   1  0.132  1.022  1.483
 13  291   Random    [      8    ]   -36.879   514.104   0.726     -4.610 [ 4  4  1]   1  0.117  1.020  1.931
 13  292 keptBest    [      8    ]   -38.461   270.075   1.381     -4.808 [ 5  5  1]   7  0.099  1.020  1.511
 13  293   Random    [      8    ]   -35.875   707.371   0.527     -4.484 [ 4  3  1]   3  0.069  1.013  2.440
 13  294 softmutate  [      8    ]   -39.533   332.240   1.123     -4.942 [ 4  6  1]  35  0.101  1.022  2.094
 13  295 softmutate  [      8    ]   -39.599   300.759   1.241     -4.950 [ 6  4  1]   2  0.112  1.020  1.615
