 ID    Origin    Enthalpy   Parent-E   Parent-ID
   1   Random      -4.768    -4.768  [         0]
   2   Random      -4.869    -4.869  [         0]
   3   Random      -4.536    -4.536  [         0]
   4   Random      -4.493    -4.493  [         0]
   5   Random      -4.493    -4.493  [         0]
   6   Random      -4.932    -4.932  [         0]
   7   Random      -4.709    -4.709  [         0]
   8   Random      -4.763    -4.763  [         0]
   9   Random      -4.927    -4.927  [         0]
  10   Random      -4.827    -4.827  [         0]
  11   Random      -4.768    -4.768  [         0]
  12   Random      -4.991    -4.991  [         0]
  13   Random      -4.846    -4.846  [         0]
  14   Random      -4.748    -4.748  [         0]
  15   Random      -4.913    -4.913  [         0]
  16   Random      -4.809    -4.809  [         0]
  17   Random      -4.908    -4.908  [         0]
  18   Random      -4.773    -4.773  [         0]
  19   Random      -4.715    -4.715  [         0]
  20   Random      -4.601    -4.601  [         0]
  21 Heredity      -4.866    -4.847  [     6  14]
  22 Heredity      -4.827    -4.868  [    10  12]
  23 Heredity      -4.830    -4.886  [     6  16]
  24 Heredity      -4.732    -4.937  [    16  12]
  25 Heredity      -4.801    -4.814  [    14  15]
  26 Heredity      -4.787    -4.919  [    15   6]
  27 Heredity      -4.952    -4.907  [      2  6]
  28 Heredity      -4.888    -4.809  [     6  19]
  29 Heredity      -4.919    -4.918  [     6  15]
  30 Heredity      -4.729    -4.918  [    12  13]
  31   Random      -4.577    -4.577  [         0]
  32   Random      -4.809    -4.809  [         0]
  33   Random      -4.840    -4.840  [         0]
  34   Random      -4.777    -4.777  [         0]
  35   Random      -4.817    -4.817  [         0]
  36   Random      -4.759    -4.759  [         0]
  37 softmutate    -4.828    -4.827  [        10]
  38 softmutate    -4.766    -4.913  [        15]
  39 softmutate    -4.906    -4.913  [        15]
  40 keptBest      -4.991    -4.991  [        12]
  41 keptBest      -4.913    -4.913  [        15]
  42 keptBest      -4.869    -4.869  [         2]
  43 softmutate    -4.895    -4.773  [        18]
  44 Heredity      -4.914    -4.898  [    42  29]
  45 Heredity      -4.968    -4.881  [    40  35]
  46 Heredity      -4.808    -4.902  [    43  29]
  47 Heredity      -4.836    -4.945  [    40  43]
  48 Heredity      -4.881    -4.930  [    27  29]
  49 Heredity      -4.908    -4.909  [    33  40]
  50 Heredity      -4.813    -4.963  [    40  27]
  51 Heredity      -4.982    -4.898  [    29  42]
  52 Heredity      -4.744    -4.876  [    25  29]
  53   Random      -4.577    -4.577  [         0]
  54 keptBest      -4.991    -4.991  [        40]
  55   Random      -4.712    -4.712  [         0]
  56   Random      -4.683    -4.683  [         0]
  57   Random      -4.817    -4.817  [         0]
  58 softmutate    -4.869    -4.869  [        42]
  59 softmutate    -4.770    -4.895  [        43]
  60 keptBest      -4.952    -4.952  [        27]
  61 softmutate    -4.991    -4.991  [        40]
  62 keptBest      -4.869    -4.869  [        42]
  63   Random      -4.782    -4.782  [         0]
  64 softmutate    -4.966    -4.840  [        33]
  65 Heredity      -4.956    -4.922  [    61  57]
  66 Heredity      -4.811    -4.922  [    48  60]
  67 Heredity      -4.819    -4.836  [    60  63]
  68 Heredity      -4.969    -4.910  [    47  60]
  69 Heredity      -4.823    -4.873  [    57  45]
  70 Heredity      -4.923    -4.922  [    61  47]
  71 Heredity      -4.889    -4.863  [    57  48]
  72 Heredity      -4.969    -4.930  [    45  48]
  73   Random      -4.878    -4.878  [         0]
  74   Random      -4.604    -4.604  [         0]
  75   Random      -4.815    -4.815  [         0]
  76   Random      -4.740    -4.740  [         0]
  77   Random      -4.729    -4.729  [         0]
  78   Random      -4.493    -4.493  [         0]
  79   Random      -4.729    -4.729  [         0]
  80 softmutate    -4.966    -4.914  [        44]
  81 softmutate    -5.011    -4.952  [        60]
  82 softmutate    -5.011    -4.968  [        45]
  83 keptBest      -4.991    -4.991  [        61]
  84 keptBest      -4.968    -4.968  [        45]
  85 keptBest      -4.881    -4.881  [        48]
  86 softmutate    -4.855    -4.968  [        45]
  87   Random      -4.603    -4.603  [         0]
  88 Heredity      -4.889    -4.912  [    70  71]
  89 Heredity      -4.923    -4.955  [    86  82]
  90 Heredity      -4.969    -4.949  [    70  72]
  91 Heredity      -4.873    -4.873  [    86  70]
  92 Heredity      -4.914    -4.983  [    70  82]
  93 Heredity      -5.011    -4.989  [    82  72]
  94 Heredity      -4.837    -4.871  [    69  72]
  95 Heredity      -4.871    -4.953  [    71  82]
  96   Random      -4.917    -4.917  [         0]
  97   Random      -4.582    -4.582  [         0]
  98   Random      -4.781    -4.781  [         0]
  99   Random      -4.817    -4.817  [         0]
 100   Random      -4.526    -4.526  [         0]
 101   Random      -4.766    -4.766  [         0]
 102   Random      -4.857    -4.857  [         0]
 103 softmutate    -4.871    -4.823  [        69]
 104 softmutate    -4.991    -4.991  [        83]
 105 keptBest      -5.011    -5.011  [        82]
 106 keptBest      -4.889    -4.889  [        71]
 107 keptBest      -4.823    -4.823  [        69]
 108   Random      -4.669    -4.669  [         0]
 109 softmutate    -4.988    -4.923  [        70]
 110 softmutate    -5.009    -4.923  [        70]
 111 Heredity      -4.900    -4.882  [   91  106]
 112 Heredity      -4.919    -4.906  [    90  91]
 113 Heredity      -4.956    -4.903  [   99  104]
 114   Random      -4.577    -4.577  [         0]
 115   Random      -4.676    -4.676  [         0]
 116 Heredity      -4.515    -4.917  [    94  90]
 117 Heredity      -4.981    -4.969  [  105   91]
 118 Heredity      -4.877    -4.906  [  106   89]
 119 Heredity      -4.868    -4.883  [  106   91]
 120   Random      -4.671    -4.671  [         0]
 121   Random      -4.888    -4.888  [         0]
 122   Random      -4.991    -4.991  [         0]
 123   Random      -4.765    -4.765  [         0]
 124   Random      -4.781    -4.781  [         0]
 125 softmutate    -5.011    -4.969  [        90]
 126   Random      -4.657    -4.657  [         0]
 127 softmutate    -4.825    -4.889  [       106]
 128 keptBest      -5.011    -5.011  [       105]
 129 softmutate    -4.745    -4.669  [       108]
 130 keptBest      -4.889    -4.889  [       106]
 131 keptBest      -4.873    -4.873  [        91]
 132   Random      -4.723    -4.723  [         0]
 133 softmutate    -4.956    -4.857  [       102]
 134 Heredity      -4.956    -4.929  [  113  112]
 135 Heredity      -4.966    -4.950  [  128  111]
 136 Heredity      -4.966    -4.832  [  111  132]
 137 Heredity      -4.956    -4.825  [  118  123]
 138 Heredity      -4.991    -4.929  [  122  124]
 139 Heredity      -4.763    -4.973  [  118  128]
 140 Heredity      -4.845    -4.930  [  118  122]
 141   Random      -4.738    -4.738  [         0]
 142 Heredity      -4.897    -5.005  [  122  128]
 143 Heredity      -4.696    -4.848  [  122  129]
 144   Random      -4.766    -4.766  [         0]
 145   Random      -4.818    -4.818  [         0]
 146   Random      -4.825    -4.825  [         0]
 147 softmutate    -4.942    -4.900  [       111]
 148 softmutate    -4.919    -4.919  [       112]
 149   Random      -4.677    -4.677  [         0]
 150 keptBest      -5.011    -5.011  [       128]
 151 keptBest      -4.956    -4.956  [       113]
 152 keptBest      -4.825    -4.825  [       127]
 153 softmutate    -5.011    -5.011  [       128]
 154   Random      -4.521    -4.521  [         0]
 155 softmutate    -4.872    -4.657  [       126]
 156 softmutate    -4.673    -4.956  [       113]
 157 Heredity      -4.968    -4.906  [  150  141]
 158 Heredity      -4.966    -4.901  [  136  155]
 159 Heredity      -4.919    -4.913  [  142  148]
 160 Heredity      -4.786    -4.948  [  136  147]
 161 Heredity      -4.886    -4.999  [  138  150]
 162 Heredity      -4.890    -4.909  [  147  152]
 163 Heredity      -5.011    -4.997  [  150  136]
 164 Heredity      -4.586    -4.934  [  150  142]
 165 Heredity      -4.827    -4.916  [  150  141]
 166 Heredity      -4.124    -4.915  [  152  150]
 167   Random      -4.766    -4.766  [         0]
 168   Random      -4.765    -4.765  [         0]
 169   Random      -4.577    -4.577  [         0]
 170   Random      -4.736    -4.736  [         0]
 171   Random      -4.827    -4.827  [         0]
 172   Random      -4.549    -4.549  [         0]
 173 softmutate    -4.774    -4.825  [       152]
 174 softmutate    -4.873    -4.845  [       140]
 175 keptBest      -5.011    -5.011  [       150]
 176 keptBest      -4.966    -4.966  [       136]
 177 keptBest      -4.897    -4.897  [       142]
 178 softmutate    -4.847    -4.919  [       148]
 179 softmutate    -4.610    -5.011  [       150]
 180 Heredity      -4.981    -4.916  [  178  157]
 181 Heredity      -4.955    -4.932  [  165  157]
 182 Heredity      -4.967    -4.955  [  159  175]
 183 Heredity      -4.832    -4.980  [  157  175]
 184 Heredity      -4.832    -4.868  [  179  175]
 185 Heredity      -4.874    -4.887  [  174  159]
 186 Heredity      -4.907    -4.908  [  159  177]
 187 Heredity      -4.897    -4.815  [  160  174]
 188 Heredity      -4.759    -4.904  [  177  159]
 189 Heredity      -4.295    -4.830  [  160  177]
 190   Random      -4.921    -4.921  [         0]
 191   Random      -4.577    -4.577  [         0]
 192   Random      -4.716    -4.716  [         0]
 193   Random      -4.583    -4.583  [         0]
 194   Random      -4.537    -4.537  [         0]
 195 softmutate    -4.926    -4.919  [       159]
 196 softmutate    -5.011    -5.011  [       175]
 197 keptBest      -5.011    -5.011  [       175]
 198 keptBest      -4.968    -4.968  [       157]
 199 keptBest      -4.897    -4.897  [       177]
 200 softmutate    -4.737    -4.736  [       170]
 201 Heredity      -4.577    -4.835  [  160  177]
 202 softmutate    -4.758    -5.011  [       175]
 203 Heredity      -4.959    -4.990  [  197  181]
 204 Heredity      -4.792    -4.815  [  188  195]
 205 Heredity      -5.011    -4.955  [  195  197]
 206 Heredity      -4.897    -4.965  [  181  180]
 207 Heredity      -4.837    -5.003  [  180  197]
 208 Heredity      -4.861    -4.931  [  181  186]
 209 Heredity      -4.940    -4.930  [  180  186]
 210 Heredity      -4.906    -4.973  [  180  181]
 211 Heredity      -4.873    -4.940  [  197  186]
 212   Random      -4.766    -4.766  [         0]
 213   Random      -4.767    -4.767  [         0]
 214   Random      -4.738    -4.738  [         0]
 215   Random      -4.714    -4.714  [         0]
 216   Random      -4.660    -4.660  [         0]
 217   Random      -4.827    -4.827  [         0]
 218 softmutate    -4.956    -4.955  [       181]
 219 softmutate    -4.875    -4.981  [       180]
 220 softmutate    -4.716    -4.716  [       192]
 221 softmutate    -4.873    -4.874  [       185]
 222 keptBest      -5.011    -5.011  [       197]
 223 keptBest      -4.955    -4.955  [       181]
 224 keptBest      -4.874    -4.874  [       185]
 225 softmutate    -4.862    -4.981  [       180]
 226 Heredity      -5.011    -4.947  [  222  207]
 227 Heredity      -4.956    -4.937  [  203  219]
 228 Heredity      -4.942    -4.949  [  203  209]
 229 Heredity      -4.956    -4.947  [  203  209]
 230 Heredity      -4.857    -4.824  [  213  210]
 231 Heredity      -4.864    -4.958  [  209  222]
 232 Heredity      -4.863    -4.973  [  222  203]
 233 Heredity      -4.820    -4.974  [  209  222]
 234   Random      -4.493    -4.493  [         0]
 235 Heredity      -4.605    -4.992  [  222  203]
 236   Random      -4.758    -4.758  [         0]
 237   Random      -4.766    -4.766  [         0]
 238   Random      -4.840    -4.840  [         0]
 239   Random      -4.577    -4.577  [         0]
 240 softmutate    -4.923    -4.940  [       209]
 241 softmutate    -4.956    -4.959  [       203]
 242 softmutate    -4.950    -4.940  [       209]
 243 keptBest      -5.011    -5.011  [       222]
 244 keptBest      -4.959    -4.959  [       203]
 245 keptBest      -4.875    -4.875  [       219]
 246   Random      -4.821    -4.821  [         0]
 247 softmutate    -4.868    -4.837  [       207]
 248 softmutate    -4.526    -4.959  [       203]
 249 Heredity      -4.968    -4.872  [  243  246]
 250 Heredity      -4.808    -4.866  [  245  230]
 251 Heredity      -4.956    -4.910  [  244  245]
 252 Heredity      -4.800    -4.948  [  244  228]
 253 Heredity      -4.982    -4.965  [  243  228]
 254 Heredity      -4.956    -4.905  [  237  244]
 255 Heredity      -4.942    -4.901  [  245  240]
 256 Heredity      -4.857    -4.874  [  230  240]
 257   Random      -4.537    -4.537  [         0]
 258   Random      -4.780    -4.780  [         0]
 259   Random      -4.726    -4.726  [         0]
 260   Random      -4.728    -4.728  [         0]
 261   Random      -4.846    -4.846  [         0]
 262   Random      -4.991    -4.991  [         0]
 263   Random      -4.766    -4.766  [         0]
 264 softmutate    -4.956    -4.959  [       244]
 265 softmutate    -4.846    -5.011  [       243]
 266 softmutate    -4.941    -4.942  [       228]
 267 softmutate    -4.927    -4.840  [       238]
 268 softmutate    -4.858    -4.857  [       230]
 269 keptBest      -5.011    -5.011  [       243]
 270 keptBest      -4.959    -4.959  [       244]
 271 keptBest      -4.923    -4.923  [       240]
 272 softmutate    -4.956    -4.959  [       244]
 273 Heredity      -4.844    -4.864  [  249  250]
 274 Heredity      -4.921    -5.005  [  262  269]
 275 Heredity      -5.011    -4.968  [  271  269]
 276 Heredity      -4.942    -4.955  [  262  255]
 277 Heredity      -4.873    -5.004  [  262  269]
 278 Heredity      -4.834    -4.967  [  269  255]
 279   Random      -4.778    -4.778  [         0]
 280 Heredity      -4.725    -4.983  [  269  249]
 281   Random      -4.560    -4.560  [         0]
 282 Heredity      -4.647    -4.963  [  269  268]
 283   Random      -4.966    -4.966  [         0]
 284   Random      -4.908    -4.908  [         0]
 285   Random      -4.908    -4.908  [         0]
 286   Random      -4.683    -4.683  [         0]
 287 softmutate    -5.011    -5.011  [       269]
 288 keptBest      -5.011    -5.011  [       269]
 289 keptBest      -4.968    -4.968  [       249]
 290 softmutate    -4.857    -4.858  [       268]
 291   Random      -4.610    -4.610  [         0]
 292 keptBest      -4.808    -4.808  [       250]
 293   Random      -4.484    -4.484  [         0]
 294 softmutate    -4.942    -4.923  [       271]
 295 softmutate    -4.950    -4.858  [       268]
