Gen   ID    SuperCell   Enthalpy(eV/atom)  Volume(A^3/atom)  KPOINTS  SYMMETRY
  0    1  [   1  1  1 ]       -20.4312          9.6500     [ 1  1  1]  225
  1   11  [   1  1  2 ]       -20.4183          9.7218     [ 1  1  1]  225
  2   38  [   1  1  2 ]       -20.2695          9.7340     [ 1  1  1]  225
  3   46  [   2  1  1 ]       -20.2136          9.7232     [ 1  1  1]  225
  4   64  [   2  1  1 ]       -20.3091          9.7542     [ 1  1  1]  225
  5  103  [   2  1  1 ]       -20.2619          9.8501     [ 1  1  1]  107
  6  127  [   1  1  1 ]       -20.1974         10.0132     [ 1  1  1]  123
  7  162  [   1  1  2 ]       -20.2265         10.2059     [ 1  1  1]  160
  8  167  [   1  1  2 ]       -20.2387         10.3979     [ 1  1  1]  160
  9  200  [   1  1  2 ]       -20.2572         10.5697     [ 1  1  1]    6
 10  209  [   1  1  2 ]       -20.2895         10.7230     [ 1  1  1]   25
 11  229  [   1  1  2 ]       -20.3003         10.8734     [ 1  1  1]  160
 12  264  [   1  1  2 ]       -20.2993         11.0138     [ 1  1  1]  160
 13  283  [   1  1  2 ]       -20.3546         10.3103     [ 1  1  1]  160
 14  304  [   1  1  2 ]       -20.3819          9.8070     [ 1  1  1]  160
 15  326  [   1  1  2 ]       -20.2503          9.2556     [ 1  1  1]  160
 16  346  [   1  1  2 ]       -19.9702          8.8039     [ 1  1  1]  156
 17  380  [   1  1  2 ]       -20.0678          8.4400     [ 1  1  1]  160
 18  419  [   1  1  2 ]       -20.0582          8.1465     [ 1  1  1]  160
 19  430  [   1  1  1 ]       -19.9753          7.9350     [ 1  1  1]  225
 20  441  [   1  1  1 ]       -19.7219          7.7975     [ 1  1  1]  225
