Gen   ID    SuperCell   Enthalpy(eV/atom)  Volume(A^3/atom)  KPOINTS  SYMMETRY
  0    1  [   1  1  1 ]       -20.4312          9.6500     [ 1  1  1]  225
  1   11  [   1  1  2 ]       -20.4312          9.6498     [ 1  1  1]  225
  2   38  [   1  1  2 ]       -20.4310          9.6573     [ 1  1  1]  225
  3   46  [   2  1  1 ]       -20.4312          9.6498     [ 1  1  1]  225
  4   64  [   2  1  1 ]       -20.4312          9.6498     [ 1  1  1]  225
  5  103  [   2  1  1 ]       -20.4312          9.6498     [ 1  1  1]  107
  6  127  [   1  1  1 ]       -20.4312          9.6498     [ 1  1  1]  123
  7  162  [   1  1  2 ]       -20.3335         11.9441     [ 1  1  1]  160
  8  167  [   1  1  2 ]       -20.3335         11.9445     [ 1  1  1]  160
  9  200  [   1  1  2 ]       -20.3335         11.9444     [ 1  1  1]    6
 10  209  [   1  1  2 ]       -20.4157         11.2719     [ 1  1  1]   25
 11  229  [   1  1  2 ]       -20.4312          9.6498     [ 1  1  1]  160
 12  264  [   1  1  2 ]       -20.4312          9.6498     [ 1  1  1]  160
 13  283  [   1  1  2 ]       -20.4312          9.6500     [ 1  1  1]  160
 14  304  [   1  1  2 ]       -20.4312          9.6498     [ 1  1  1]  160
 15  326  [   1  1  2 ]       -20.4312          9.6498     [ 1  1  1]  160
 16  346  [   1  1  2 ]       -20.4157         11.2719     [ 1  1  1]  156
 17  380  [   1  1  2 ]       -20.4312          9.6498     [ 1  1  1]  160
 18  419  [   1  1  2 ]       -20.4312          9.6498     [ 1  1  1]  160
 19  430  [   1  1  1 ]       -20.4310          9.6446     [ 1  1  1]  225
 20  441  [   1  1  1 ]       -20.4311          9.6393     [ 1  1  1]  225
