-163.446 -163.446 -163.446 -163.450
-163.334 -163.334 -163.334 -163.338
-326.596 -326.596 -326.596 -326.605
-326.587 -326.596 -326.596 -326.605
-326.663 -326.663 -326.663 -326.672
-326.663 -326.663 -326.663 -326.672
-326.663 -326.663 -326.663 -326.672
-326.663 -326.663 -326.663 -326.672
-326.596 -326.596 -326.596 -326.605
-326.596 -326.596 -326.596 -326.605
-326.684 -326.684 -326.684 -326.693
-326.684 -326.684 -326.684 -326.693
-326.684 -326.684 -326.684 -326.693
-326.684 -326.684 -326.684 -326.693
-326.663 -326.663 -326.663 -326.672
-326.684 -326.684 -326.684 -326.693
-326.684 -326.684 -326.684 -326.693
-326.684 -326.684 -326.684 -326.693
-326.684 -326.684 -326.684 -326.693
-163.334 -163.334 -163.334 -163.338
-163.334 -163.334 -163.334 -163.338
-162.037 -162.037 -162.037 -162.044
-323.895 -323.895 -323.895 -323.909
-323.895 -323.895 -323.895 -323.909
-323.895 -323.895 -323.895 -323.909
-323.895 -323.895 -323.895 -323.909
-324.191 -324.191 -324.191 -324.206
-324.191 -324.191 -324.191 -324.206
-324.195 -324.195 -324.195 -324.210
-324.195 -324.195 -324.195 -324.210
-162.109 -162.109 -162.109 -162.117
-162.107 -162.107 -162.107 -162.114
-323.895 -323.895 -323.895 -323.909
-323.895 -323.895 -323.895 -323.909
-323.895 -323.895 -323.895 -323.909
-320.986 -321.006 -321.006 -321.021
-320.906 -320.906 -320.906 -320.933
-324.297 -324.297 -324.297 -324.312
-320.906 -320.906 -320.906 -320.933
-320.906 -320.906 -320.906 -320.933
-324.191 -324.191 -324.191 -324.206
-320.835 -320.835 -320.835 -320.863
-160.884 -160.884 -160.884 -160.896
-321.783 -321.783 -321.783 -321.806
-322.252 -322.252 -322.252 -322.266
-323.405 -323.405 -323.405 -323.417
-321.965 -321.977 -321.977 -321.990
-321.795 -321.795 -321.795 -321.807
-321.795 -321.795 -321.795 -321.807
-322.252 -322.252 -322.252 -322.266
-160.884 -160.884 -160.884 -160.896
-160.884 -160.884 -160.884 -160.896
-160.567 -160.567 -160.567 -160.580
-323.400 -323.405 -323.405 -323.417
-323.405 -323.405 -323.405 -323.417
-321.771 -321.771 -321.771 -321.792
-319.490 -319.490 -319.490 -319.519
-321.943 -321.943 -321.943 -321.966
-321.305 -321.305 -321.305 -321.330
-321.803 -321.803 -321.803 -321.826
-321.803 -321.803 -321.803 -321.826
-319.167 -319.167 -319.167 -319.195
-321.943 -321.943 -321.943 -321.966
-324.937 -324.937 -324.937 -324.946
-324.937 -324.937 -324.937 -324.946
-324.937 -324.937 -324.937 -324.946
-324.937 -324.937 -324.937 -324.946
-323.654 -323.654 -323.654 -323.663
-324.937 -324.937 -324.937 -324.946
-320.155 -322.752 -324.937 -324.946
-324.937 -324.937 -324.937 -324.946
-323.654 -323.654 -323.654 -323.663
-322.975 -324.937 -324.937 -324.946
-323.654 -323.654 -323.654 -323.663
-324.937 -324.937 -324.937 -324.946
-324.937 -324.937 -324.937 -324.946
-299.848 -324.937 -324.937 -324.946
-324.031 -324.031 -324.031 -324.043
-324.916 -324.937 -324.937 -324.946
-324.937 -324.937 -324.937 -324.946
-324.937 -324.937 -324.937 -324.946
-324.937 -324.937 -324.937 -324.946
-323.654 -323.654 -323.654 -323.663
-321.897 -321.897 -321.897 -321.904
-322.453 -322.453 -322.453 -322.470
-321.233 -321.233 -321.233 -321.240
-321.281 -321.281 -321.281 -321.289
-321.154 -321.154 -321.154 -321.162
-321.897 -321.897 -321.897 -321.904
-321.897 -321.897 -321.897 -321.904
-321.233 -321.233 -321.233 -321.240
-321.897 -321.897 -321.897 -321.904
-321.842 -321.897 -321.897 -321.904
-321.233 -321.233 -321.233 -321.240
-321.897 -321.897 -321.897 -321.904
-321.897 -321.897 -321.897 -321.904
-321.233 -321.233 -321.233 -321.240
-321.897 -321.897 -321.897 -321.904
-320.618 -320.618 -320.618 -320.626
-321.233 -321.233 -321.233 -321.240
-321.281 -321.281 -321.281 -321.289
-321.897 -321.897 -321.897 -321.904
-324.176 -324.176 -324.176 -324.191
-133.095 -133.095 -133.095 -133.266
-321.700 -321.700 -321.700 -321.715
-322.492 -322.492 -322.492 -322.505
-322.682 -322.682 -322.682 -322.695
-321.634 -321.967 -321.967 -321.981
-322.682 -322.682 -322.682 -322.695
-321.791 -321.791 -321.791 -321.805
-322.492 -322.492 -322.492 -322.505
-322.324 -322.324 -322.324 -322.337
-322.332 -322.332 -322.332 -322.345
-322.668 -322.682 -322.682 -322.695
-322.344 -322.344 -322.344 -322.358
-322.344 -322.344 -322.344 -322.358
-321.967 -321.967 -321.967 -321.981
-322.344 -322.344 -322.344 -322.358
-321.543 -321.543 -321.543 -321.557
-321.967 -321.967 -321.967 -321.981
-322.337 -322.337 -322.337 -322.350
-321.967 -321.967 -321.967 -321.981
-322.682 -322.682 -322.682 -322.695
-322.102 -322.337 -322.337 -322.350
-161.313 -161.313 -161.313 -161.319
-161.573 -161.573 -161.573 -161.579
-161.573 -161.573 -161.573 -161.579
-321.907 -321.907 -321.907 -321.920
-322.344 -322.344 -322.344 -322.358
-322.013 -322.013 -322.013 -322.026
-321.542 -321.542 -321.542 -321.556
-161.169 -161.169 -161.169 -161.175
-156.164 -156.164 -156.164 -156.169
-161.169 -161.169 -161.169 -161.175
-161.313 -161.313 -161.313 -161.319
-161.573 -161.573 -161.573 -161.579
-161.313 -161.313 -161.313 -161.319
-161.573 -161.573 -161.573 -161.579
-160.655 -160.655 -160.655 -160.662
-161.169 -161.169 -161.169 -161.175
-161.313 -161.313 -161.313 -161.319
-161.573 -161.573 -161.573 -161.579
-160.557 -160.557 -160.557 -160.564
-160.557 -160.557 -160.557 -160.564
-160.557 -160.557 -160.557 -160.564
-160.557 -160.557 -160.557 -160.564
-158.588 -158.588 -158.588 -158.593
-317.509 -317.509 -317.509 -317.518
-317.808 -317.808 -317.808 -317.819
-317.552 -319.073 -319.073 -319.084
-317.353 -317.353 -317.353 -317.365
-317.474 -317.474 -317.474 -317.485
-317.507 -317.831 -317.831 -317.842
-317.630 -317.630 -317.630 -317.641
-317.638 -317.638 -317.638 -317.648
-318.084 -318.084 -318.084 -318.093
-317.611 -317.611 -317.611 -317.621
-318.683 -318.683 -318.683 -318.694
-158.990 -158.990 -158.990 -158.994
-318.325 -318.325 -318.325 -318.336
-318.708 -318.708 -318.708 -318.719
-323.608 -323.608 -323.608 -323.624
-150.994 -150.994 -150.994 -151.004
-317.227 -317.227 -317.227 -317.242
-317.371 -317.371 -317.371 -317.382
-158.819 -158.819 -158.819 -158.823
-323.803 -323.803 -323.803 -323.819
-323.803 -323.803 -323.803 -323.819
-323.803 -323.803 -323.803 -323.819
-323.803 -323.803 -323.803 -323.819
-323.803 -323.803 -323.803 -323.819
-323.803 -323.803 -323.803 -323.819
-323.803 -323.803 -323.803 -323.819
-323.803 -323.803 -323.803 -323.819
-323.803 -323.803 -323.803 -323.819
-323.803 -323.803 -323.803 -323.819
-323.803 -323.803 -323.803 -323.819
-323.803 -323.803 -323.803 -323.819
-323.803 -323.803 -323.803 -323.819
-323.752 -323.752 -323.752 -323.769
-323.751 -323.751 -323.751 -323.768
-323.803 -323.803 -323.803 -323.819
-323.803 -323.803 -323.803 -323.819
-323.803 -323.803 -323.803 -323.819
-323.803 -323.803 -323.803 -323.819
-323.803 -323.803 -323.803 -323.819
-323.838 -323.838 -323.838 -323.855
-323.838 -323.838 -323.838 -323.855
-323.838 -323.838 -323.838 -323.855
-323.838 -323.838 -323.838 -323.855
-323.838 -323.838 -323.838 -323.855
-323.838 -323.838 -323.838 -323.855
-323.838 -323.838 -323.838 -323.855
-323.838 -323.838 -323.838 -323.855
-323.838 -323.838 -323.838 -323.855
-323.838 -323.838 -323.838 -323.855
-323.838 -323.838 -323.838 -323.855
-324.061 -324.061 -324.061 -324.076
-323.838 -323.838 -323.838 -323.855
-324.101 -324.101 -324.101 -324.116
-323.838 -323.838 -323.838 -323.855
-323.838 -323.838 -323.838 -323.855
-323.838 -323.838 -323.838 -323.855
-323.838 -323.838 -323.838 -323.855
-323.838 -323.838 -323.838 -323.855
-323.951 -323.951 -323.951 -323.967
-324.461 -324.461 -324.461 -324.473
-323.933 -323.933 -323.933 -323.951
-324.621 -324.621 -324.621 -324.633
-324.461 -324.461 -324.461 -324.473
-324.621 -324.621 -324.621 -324.633
-323.933 -323.933 -323.933 -323.951
-324.621 -324.621 -324.621 -324.633
-324.461 -324.461 -324.461 -324.473
-324.461 -324.461 -324.461 -324.473
-324.461 -324.461 -324.461 -324.473
-323.933 -323.933 -323.933 -323.951
-324.405 -324.405 -324.405 -324.417
-324.421 -324.421 -324.421 -324.432
-324.461 -324.461 -324.461 -324.473
-324.461 -324.461 -324.461 -324.473
-324.461 -324.461 -324.461 -324.473
-323.933 -323.933 -323.933 -323.951
-324.421 -324.421 -324.421 -324.432
-324.461 -324.461 -324.461 -324.473
-324.461 -324.461 -324.461 -324.473
-323.933 -323.933 -323.933 -323.951
-43.105 -43.105 -43.105 -45.257
-324.797 -324.797 -324.797 -324.805
-324.797 -324.797 -324.797 -324.805
-324.743 -324.743 -324.743 -324.751
-324.797 -324.797 -324.797 -324.805
-324.797 -324.797 -324.797 -324.805
-324.797 -324.797 -324.797 -324.805
-324.797 -324.797 -324.797 -324.805
-324.743 -324.743 -324.743 -324.751
-324.797 -324.797 -324.797 -324.805
-324.797 -324.797 -324.797 -324.805
-324.797 -324.797 -324.797 -324.805
-324.797 -324.797 -324.797 -324.805
-324.797 -324.797 -324.797 -324.805
-324.797 -324.797 -324.797 -324.805
-324.743 -324.743 -324.743 -324.751
-324.797 -324.797 -324.797 -324.805
-324.797 -324.797 -324.797 -324.805
-324.797 -324.797 -324.797 -324.805
-324.797 -324.797 -324.797 -324.805
-324.797 -324.797 -324.797 -324.805
-149.743 -149.743 -149.743 -149.759
-149.363 -149.404 -149.446 -149.457
-149.519 -149.519 -149.519 -149.535
-149.519 -149.519 -149.519 -149.535
-149.887 -150.085 -150.085 -150.096
-148.773 -148.773 -148.773 -148.784
-149.446 -149.446 -149.446 -149.457
-149.446 -149.446 -149.446 -149.457
-146.045 -149.269 -149.446 -149.457
-92.155 -150.085 -150.085 -150.096
-150.085 -150.085 -150.085 -150.096
-148.773 -148.773 -148.773 -148.784
-147.504 -148.770 -148.773 -148.784
-148.743 -148.743 -148.743 -148.754
-324.781 -324.781 -324.781 -324.787
-324.783 -324.783 -324.783 -324.789
-324.783 -324.783 -324.783 -324.789
-324.783 -324.783 -324.783 -324.789
-324.783 -324.783 -324.783 -324.789
-324.783 -324.783 -324.783 -324.789
-324.783 -324.783 -324.783 -324.789
-324.783 -324.783 -324.783 -324.789
-324.783 -324.783 -324.783 -324.789
-324.783 -324.783 -324.783 -324.789
-324.783 -324.783 -324.783 -324.789
-324.783 -324.783 -324.783 -324.789
-324.783 -324.783 -324.783 -324.789
-324.783 -324.783 -324.783 -324.789
-324.783 -324.783 -324.783 -324.789
-324.783 -324.783 -324.783 -324.789
-324.783 -324.783 -324.783 -324.789
-324.783 -324.783 -324.783 -324.789
-324.783 -324.783 -324.783 -324.789
-324.783 -324.783 -324.783 -324.789
-325.666 -325.666 -325.666 -325.674
-325.666 -325.666 -325.666 -325.674
-325.666 -325.666 -325.666 -325.674
-325.666 -325.666 -325.666 -325.674
-325.666 -325.666 -325.666 -325.674
-325.666 -325.666 -325.666 -325.674
-325.666 -325.666 -325.666 -325.674
-325.666 -325.666 -325.666 -325.674
-325.666 -325.666 -325.666 -325.674
-325.666 -325.666 -325.666 -325.674
-325.666 -325.666 -325.666 -325.674
-325.666 -325.666 -325.666 -325.674
-325.666 -325.666 -325.666 -325.674
-325.666 -325.666 -325.666 -325.674
-325.666 -325.666 -325.666 -325.674
-322.857 -322.857 -322.857 -322.880
-325.666 -325.666 -325.666 -325.674
-325.666 -325.666 -325.666 -325.674
-325.666 -325.666 -325.666 -325.674
-325.666 -325.666 -325.666 -325.674
-326.094 -326.094 -326.094 -326.104
-326.101 -326.101 -326.101 -326.111
-326.101 -326.101 -326.101 -326.111
-326.101 -326.101 -326.101 -326.111
-326.101 -326.101 -326.101 -326.111
-326.101 -326.101 -326.101 -326.111
-326.101 -326.101 -326.101 -326.111
-326.101 -326.101 -326.101 -326.111
-326.101 -326.101 -326.101 -326.111
-326.101 -326.101 -326.101 -326.111
-326.101 -326.101 -326.101 -326.111
-326.101 -326.101 -326.101 -326.111
-326.101 -326.101 -326.101 -326.111
-326.101 -326.101 -326.101 -326.111
-326.101 -326.101 -326.101 -326.111
-326.101 -326.101 -326.101 -326.111
-326.101 -326.101 -326.101 -326.111
-326.101 -326.101 -326.101 -326.111
-326.101 -326.101 -326.101 -326.111
-326.101 -326.101 -326.101 -326.111
-323.337 -323.337 -323.337 -323.354
-323.884 -323.884 -323.884 -323.900
-323.882 -323.882 -323.882 -323.898
-323.989 -323.989 -323.989 -324.005
-323.989 -323.989 -323.989 -324.005
-323.989 -323.989 -323.989 -324.005
-323.882 -323.882 -323.882 -323.898
-323.882 -323.882 -323.882 -323.898
-323.884 -323.884 -323.884 -323.900
-323.746 -323.746 -323.746 -323.762
-323.989 -323.989 -323.989 -324.005
-323.989 -323.989 -323.989 -324.005
-323.746 -323.746 -323.746 -323.762
-323.746 -323.746 -323.746 -323.762
-323.884 -323.884 -323.884 -323.900
-323.882 -323.882 -323.882 -323.898
-323.989 -323.989 -323.989 -324.005
-323.884 -323.884 -323.884 -323.900
-323.882 -323.882 -323.882 -323.898
-323.882 -323.882 -323.882 -323.898
-56.960 -56.960 -56.960 -58.204
-314.720 -314.720 -314.720 -314.757
-319.203 -319.203 -319.203 -319.228
-319.497 -319.497 -319.497 -319.523
-319.178 -319.178 -319.178 -319.203
-319.178 -319.178 -319.178 -319.203
-319.178 -319.178 -319.178 -319.203
-319.203 -319.203 -319.203 -319.228
-319.178 -319.178 -319.178 -319.203
-318.712 -318.712 -318.712 -318.736
-319.203 -319.203 -319.203 -319.228
-319.203 -319.203 -319.203 -319.228
-319.178 -319.178 -319.178 -319.203
-319.497 -319.497 -319.497 -319.523
-319.497 -319.497 -319.497 -319.523
-319.497 -319.497 -319.497 -319.523
-319.497 -319.497 -319.497 -319.523
-319.203 -319.203 -319.203 -319.228
-319.497 -319.497 -319.497 -319.523
-319.178 -319.178 -319.178 -319.203
-318.712 -318.712 -318.712 -318.736
-315.332 -315.332 -315.332 -315.343
-316.133 -316.182 -316.182 -316.193
-316.191 -316.207 -316.207 -316.219
-315.332 -315.332 -315.332 -315.343
-316.207 -316.207 -316.207 -316.219
-317.822 -317.822 -317.822 -317.838
-158.722 -158.722 -158.722 -158.728
-155.993 -158.020 -158.020 -158.025
-158.722 -158.722 -158.722 -158.728
-157.636 -158.423 -158.722 -158.728
-158.722 -158.722 -158.722 -158.728
-158.722 -158.722 -158.722 -158.728
-158.717 -158.722 -158.722 -158.728
-158.533 -158.673 -158.722 -158.728
-158.722 -158.722 -158.722 -158.728
-158.020 -158.020 -158.020 -158.025
-321.070 -321.070 -321.070 -321.084
-321.070 -321.070 -321.070 -321.084
-321.070 -321.070 -321.070 -321.084
-321.051 -321.070 -321.070 -321.084
-321.070 -321.070 -321.070 -321.084
-321.070 -321.070 -321.070 -321.084
-317.798 -317.798 -317.798 -317.812
-313.027 -313.027 -313.027 -313.048
-321.070 -321.070 -321.070 -321.084
-317.798 -317.798 -317.798 -317.812
-321.070 -321.070 -321.070 -321.084
-321.070 -321.070 -321.070 -321.084
-321.070 -321.070 -321.070 -321.084
-321.070 -321.070 -321.070 -321.084
-317.418 -317.418 -317.418 -317.434
-314.509 -314.509 -314.509 -314.526
-317.418 -317.418 -317.418 -317.434
-315.286 -321.070 -321.070 -321.084
-321.065 -321.070 -321.070 -321.084
-321.070 -321.070 -321.070 -321.084
-160.343 -160.343 -160.343 -160.352
-319.901 -319.901 -319.901 -319.920
-319.837 -319.901 -319.901 -319.920
-319.921 -319.921 -319.921 -319.940
-316.707 -316.719 -316.719 -316.735
429.790 -320.561 -320.561 -320.580
-319.889 -319.901 -319.901 -319.920
-305.539 -319.901 -319.901 -319.920
-319.921 -319.921 -319.921 -319.940
-158.005 -159.388 -159.388 -159.396
-152.896 -152.898 -152.898 -152.925
-152.898 -152.898 -152.898 -152.925
-319.893 -319.921 -319.921 -319.940
-319.755 -319.921 -319.921 -319.940
-319.903 -319.921 -319.921 -319.940
-320.561 -320.561 -320.561 -320.580
-319.873 -319.921 -319.921 -319.940
-320.550 -320.561 -320.561 -320.580
-320.312 -320.324 -320.324 -320.343
-320.915 -320.915 -320.915 -320.931
-316.115 -316.115 -316.115 -316.132
-158.942 -158.942 -158.942 -158.951
-313.181 -313.219 -313.219 -313.240
-316.196 -316.235 -316.235 -316.262
-316.235 -316.235 -316.235 -316.262
-301.948 -302.009 -302.009 -302.064
-316.219 -316.235 -316.235 -316.262
-316.871 -316.899 -316.899 -316.928
-304.155 -304.162 -304.162 -304.224
-316.899 -316.899 -316.899 -316.928
-159.793 -159.793 -159.793 -159.802
-159.793 -159.793 -159.793 -159.802
-316.169 -316.235 -316.235 -316.262
-316.821 -316.899 -316.899 -316.928
-313.178 -313.219 -313.219 -313.240
-316.884 -316.899 -316.899 -316.928
-158.928 -158.939 -158.942 -158.951
-319.039 -319.039 -319.039 -319.056
-318.540 -318.540 -318.540 -318.559
-318.217 -318.217 -318.217 -318.234
-318.540 -318.540 -318.540 -318.559
-157.765 -157.765 -157.765 -157.775
-309.162 -309.162 -309.162 -309.198
-307.841 -307.872 -307.872 -307.910
-309.129 -309.129 -309.129 -309.164
-307.601 -307.601 -307.601 -307.638
-309.621 -309.621 -309.621 -309.658
-308.075 -308.075 -308.075 -308.110
-308.059 -308.075 -308.075 -308.110
-309.231 -309.231 -309.231 -309.270
-156.944 -157.556 -157.688 -157.760
-309.162 -309.162 -309.162 -309.198
-308.891 -309.207 -309.231 -309.270
-307.799 -307.799 -307.799 -307.833
-307.612 -307.612 -307.612 -307.645
-157.765 -157.765 -157.765 -157.775
-157.693 -157.749 -157.751 -157.764
-314.503 -314.503 -314.503 -314.524
-315.325 -315.325 -315.325 -315.349
-314.848 -314.848 -314.848 -314.870
-314.773 -314.848 -314.848 -314.870
