  ID   Compositions    Enthalpies    Volumes     SYMM
                       (eV/atom)    (A^3/atom)       
  26  [     8  8  ]    -20.4312      9.6499    160
  53  [     4  4  ]    -20.4157     11.2719    194
  43  [     4  4  ]    -20.3872     11.9015    186
 371  [     4  4  ]    -20.3750      9.5682    166
  44  [     8  8  ]    -20.3573     11.9402    160
  42  [     8  8  ]    -20.3335     11.9442    216
  99  [     8  8  ]    -20.3249      9.6691    166
  50  [     8  8  ]    -20.3099      9.9466     36
 128  [     8  8  ]    -20.2628     11.2759      7
 149  [     8  8  ]    -20.2608     10.3504     36
 165  [     8  8  ]    -20.2415     10.7565      6
 459  [     8  8  ]    -20.2270      9.6737    194
 249  [     4  4  ]    -19.9761     15.5870      1
