Gen   ID    SuperCell   Enthalpy(eV/atom)  Volume(A^3/atom)  KPOINTS  SYMMETRY
  0    1  [   1  1  1 ]       -20.4312          9.6500     [ 1  1  1]  225
  1    2  [   1  1  1 ]       -20.4312          9.6498     [ 1  1  1]  225
  1    3  [   2  1  1 ]       -20.4312          9.6498     [ 1  1  1]  160
  1   11  [   1  1  2 ]       -20.4312          9.6498     [ 1  1  1]  225
  2   22  [   1  1  1 ]       -20.4312          9.6498     [ 1  1  1]  225
  2   26  [   2  1  1 ]       -20.4312          9.6499     [ 1  1  1]  160
  2   29  [   1  2  1 ]       -20.4312          9.6499     [ 1  1  1]  225
  2   31  [   1  1  1 ]       -20.4312          9.6498     [ 1  1  1]  225
  2   32  [   1  1  1 ]       -20.4312          9.6498     [ 1  1  1]  225
  2   37  [   1  1  2 ]       -20.3335         11.9444     [ 1  1  1]  216
  2   38  [   1  1  2 ]       -20.4310          9.6573     [ 1  1  1]  225
  2   42  [   1  2  1 ]       -20.3335         11.9442     [ 1  1  1]  216
  3   43  [   1  1  1 ]       -20.3872         11.9015     [ 1  1  1]  186
  3   44  [   1  2  1 ]       -20.3573         11.9402     [ 1  1  1]  160
  3   46  [   2  1  1 ]       -20.4312          9.6498     [ 1  1  1]  225
  3   48  [   2  1  1 ]       -20.3245          9.6684     [ 1  1  1]  194
  3   50  [   1  2  1 ]       -20.3099          9.9466     [ 1  1  1]   36
  3   53  [   1  1  1 ]       -20.4157         11.2719     [ 1  1  1]  194
  3   56  [   2  1  1 ]       -20.3335         11.9443     [ 1  1  1]    8
  3   58  [   1  1  2 ]       -20.3335         11.9446     [ 1  1  1]    6
  3   59  [   1  2  1 ]       -20.3872         11.9015     [ 1  1  1]    6
  4   64  [   2  1  1 ]       -20.4312          9.6498     [ 1  1  1]  225
  4   68  [   2  1  1 ]       -20.3245          9.6684     [ 1  1  1]  194
  4   78  [   2  1  1 ]       -20.4312          9.6498     [ 1  1  1]  225
  5   84  [   2  1  1 ]       -20.4312          9.6499     [ 1  1  1]  225
  5   85  [   2  1  1 ]       -20.4312          9.6499     [ 1  1  1]  225
  5   88  [   2  1  1 ]       -20.4312          9.6498     [ 1  1  1]  225
  5   99  [   2  1  1 ]       -20.3249          9.6691     [ 1  1  1]  166
  5  103  [   2  1  1 ]       -20.4312          9.6498     [ 1  1  1]  107
  5  104  [   1  1  1 ]       -20.4312          9.6501     [ 1  1  1]  225
  6  106  [   2  1  1 ]       -20.4312          9.6498     [ 1  1  1]  225
  6  107  [   2  1  1 ]       -20.4312          9.6498     [ 1  1  1]   71
  6  110  [   2  1  1 ]       -20.2487         10.7288     [ 1  1  1]   36
  6  121  [   2  1  1 ]       -20.4312          9.6498     [ 1  1  1]  107
  6  125  [   1  1  1 ]       -20.4312          9.6499     [ 1  1  1]  123
  6  127  [   1  1  1 ]       -20.4312          9.6498     [ 1  1  1]  123
  6  128  [   2  1  1 ]       -20.2628         11.2759     [ 1  1  1]    7
  6  130  [   2  1  1 ]       -20.4312          9.6498     [ 1  1  1]   99
  6  132  [   1  1  1 ]       -20.2608         10.3504     [ 1  1  1]   36
  6  143  [   1  1  1 ]       -20.3335         11.9442     [ 1  1  1]  216
  7  147  [   1  1  1 ]       -20.4312          9.6498     [ 1  1  1]  123
  7  148  [   1  2  1 ]       -20.4312          9.6498     [ 1  1  1]  160
  7  149  [   1  2  1 ]       -20.2608         10.3504     [ 1  1  1]   36
  7  150  [   1  2  1 ]       -20.4312          9.6499     [ 1  1  1]    8
  7  156  [   1  2  1 ]       -20.4312          9.6498     [ 1  1  1]   38
  7  157  [   1  2  1 ]       -20.2608         10.3504     [ 1  1  1]   36
  7  159  [   1  1  1 ]       -20.4312          9.6499     [ 1  1  1]  123
  7  160  [   1  1  2 ]       -20.4312          9.6497     [ 1  1  1]   38
  7  161  [   1  1  2 ]       -20.4312          9.6498     [ 1  1  1]   38
  7  162  [   1  1  2 ]       -20.3335         11.9441     [ 1  1  1]  160
  7  163  [   1  1  1 ]       -20.3872         11.9016     [ 1  1  1]  186
  7  165  [   2  1  1 ]       -20.2415         10.7565     [ 1  1  1]    6
  7  166  [   1  1  1 ]       -20.4312          9.6498     [ 1  1  1]    8
  8  167  [   1  1  2 ]       -20.3335         11.9445     [ 1  1  1]  160
  8  180  [   1  1  2 ]       -20.3335         11.9442     [ 1  1  1]    8
  9  200  [   1  1  2 ]       -20.3335         11.9444     [ 1  1  1]    6
  9  206  [   1  1  2 ]       -20.3872         11.9015     [ 1  1  1]    4
 10  207  [   1  1  2 ]       -20.4312          9.6499     [ 1  1  1]  160
 10  208  [   1  1  2 ]       -20.3335         11.9444     [ 1  1  1]  160
 10  209  [   1  1  2 ]       -20.4157         11.2719     [ 1  1  1]   25
 10  218  [   1  1  2 ]       -20.4312          9.6498     [ 1  1  1]  160
 10  228  [   1  1  1 ]       -20.4312          9.6500     [ 1  1  1]  225
 11  229  [   1  1  2 ]       -20.4312          9.6498     [ 1  1  1]  160
 11  243  [   1  1  2 ]       -20.4312          9.6498     [ 1  1  1]  160
 11  249  [   1  1  1 ]       -19.9761         15.5870     [ 1  1  1]    1
 11  251  [   1  1  1 ]       -20.4312          9.6499     [ 1  1  1]  225
 11  253  [   1  1  1 ]       -20.4312          9.6500     [ 1  1  1]    8
 11  254  [   1  1  1 ]       -20.4312          9.6498     [ 1  1  1]   47
 12  264  [   1  1  2 ]       -20.4312          9.6498     [ 1  1  1]  160
 13  283  [   1  1  2 ]       -20.4312          9.6500     [ 1  1  1]  160
 13  298  [   1  1  2 ]       -20.3335         11.9442     [ 1  1  1]  160
 14  303  [   1  1  2 ]       -20.4312          9.6499     [ 1  1  1]  160
 14  304  [   1  1  2 ]       -20.4312          9.6498     [ 1  1  1]  160
 15  324  [   1  1  2 ]       -20.4312          9.6498     [ 1  1  1]  160
 15  326  [   1  1  2 ]       -20.4312          9.6498     [ 1  1  1]  160
 15  343  [   1  1  1 ]       -20.4312          9.6501     [ 1  1  1]  225
 16  344  [   1  1  2 ]       -20.4312          9.6498     [ 1  1  1]  160
 16  345  [   1  1  2 ]       -20.4312          9.6499     [ 1  1  1]  160
 16  346  [   1  1  2 ]       -20.4157         11.2719     [ 1  1  1]  156
 16  370  [   1  1  1 ]       -20.4312          9.6497     [ 1  1  1]  160
 16  371  [   1  1  1 ]       -20.3750          9.5682     [ 1  1  1]  166
 17  380  [   1  1  2 ]       -20.4312          9.6498     [ 1  1  1]  160
 17  386  [   1  1  2 ]       -20.4312          9.6498     [ 1  1  1]  225
 17  387  [   1  1  2 ]       -20.2608         10.3503     [ 1  1  1]   36
 17  395  [   1  1  2 ]       -20.4312          9.6499     [ 1  1  1]  225
 17  396  [   1  1  2 ]       -20.4312          9.6498     [ 1  1  1]  225
 18  400  [   1  1  1 ]       -20.4312          9.6498     [ 1  1  1]  160
 18  403  [   2  1  1 ]       -20.4312          9.6498     [ 1  1  1]  225
 18  404  [   2  1  1 ]       -20.4312          9.6498     [ 1  1  1]  225
 18  405  [   2  1  1 ]       -20.4312          9.6498     [ 1  1  1]  160
 18  409  [   1  1  1 ]       -20.4312          9.6498     [ 1  1  1]  225
 18  419  [   1  1  2 ]       -20.4312          9.6498     [ 1  1  1]  160
 19  421  [   1  1  1 ]       -20.4312          9.6497     [ 1  1  1]  160
 19  427  [   2  1  1 ]       -20.4312          9.6498     [ 1  1  1]  160
 19  430  [   1  1  1 ]       -20.4310          9.6446     [ 1  1  1]  225
 19  437  [   1  1  2 ]       -20.4312          9.6498     [ 1  1  1]  225
 19  438  [   1  1  2 ]       -20.4312          9.6497     [ 1  1  1]  225
 19  439  [   1  1  2 ]       -20.4312          9.6498     [ 1  1  1]  160
 20  441  [   1  1  1 ]       -20.4311          9.6393     [ 1  1  1]  225
 20  447  [   2  1  1 ]       -20.3335         11.9444     [ 1  1  1]  216
 20  456  [   1  1  1 ]       -20.4312          9.6498     [ 1  1  1]  225
 20  457  [   1  1  2 ]       -20.4312          9.6499     [ 1  1  1]  225
 20  458  [   1  1  2 ]       -20.4312          9.6499     [ 1  1  1]  225
 20  459  [   1  1  2 ]       -20.2270          9.6737     [ 1  1  1]  194
