Gen   ID    SuperCell   Enthalpy(eV/atom)  Volume(A^3/atom)  KPOINTS  SYMMETRY
  0    1  [   1  1  1 ]       -20.4312          9.6500     [ 1  1  1]  225
  1    2  [   1  1  1 ]       -20.4173          9.7221     [ 1  1  1]  139
  1    3  [   2  1  1 ]       -20.4128          9.7226     [ 1  1  1]    8
  1    4  [   2  1  1 ]       -20.4128          9.7226     [ 1  1  1]    8
  1    5  [   1  2  1 ]       -20.4170          9.7230     [ 1  1  1]  225
  1    6  [   1  2  1 ]       -20.4170          9.7230     [ 1  1  1]  225
  1    7  [   1  2  1 ]       -20.4170          9.7230     [ 1  1  1]  225
  1    8  [   1  2  1 ]       -20.4170          9.7230     [ 1  1  1]  225
  1    9  [   2  1  1 ]       -20.4128          9.7226     [ 1  1  1]    8
  1   10  [   2  1  1 ]       -20.4128          9.7226     [ 1  1  1]    8
  1   11  [   1  1  2 ]       -20.4183          9.7218     [ 1  1  1]  225
  1   12  [   1  1  2 ]       -20.4183          9.7218     [ 1  1  1]  225
  1   13  [   1  1  2 ]       -20.4183          9.7218     [ 1  1  1]  225
  1   14  [   1  1  2 ]       -20.4183          9.7218     [ 1  1  1]  225
  1   15  [   1  2  1 ]       -20.4170          9.7230     [ 1  1  1]  225
  1   16  [   1  1  2 ]       -20.4183          9.7218     [ 1  1  1]  225
  1   17  [   1  1  2 ]       -20.4183          9.7218     [ 1  1  1]  225
  1   18  [   1  1  2 ]       -20.4183          9.7218     [ 1  1  1]  225
  1   19  [   1  1  2 ]       -20.4183          9.7218     [ 1  1  1]  225
  1   20  [   1  1  1 ]       -20.4173          9.7221     [ 1  1  1]  139
  1   21  [   1  1  1 ]       -20.4173          9.7221     [ 1  1  1]  139
  2   22  [   1  1  1 ]       -20.2556          9.7339     [ 1  1  1]   12
  2   23  [   2  1  1 ]       -20.2443          9.7345     [ 1  1  1]    1
  2   24  [   2  1  1 ]       -20.2443          9.7345     [ 1  1  1]    1
  2   25  [   2  1  1 ]       -20.2443          9.7345     [ 1  1  1]    1
  2   26  [   2  1  1 ]       -20.2443          9.7345     [ 1  1  1]    1
  2   27  [   1  2  1 ]       -20.2629          9.7354     [ 1  1  1]    8
  2   28  [   1  2  1 ]       -20.2629          9.7354     [ 1  1  1]    1
  2   29  [   1  2  1 ]       -20.2631          9.7354     [ 1  1  1]    1
  2   30  [   1  2  1 ]       -20.2631          9.7354     [ 1  1  1]    1
  2   31  [   1  1  1 ]       -20.2646          9.7339     [ 1  1  1]    2
  2   32  [   1  1  1 ]       -20.2643          9.7339     [ 1  1  1]    1
  2   33  [   2  1  1 ]       -20.2443          9.7345     [ 1  1  1]    1
  2   34  [   2  1  1 ]       -20.2443          9.7345     [ 1  1  1]    1
  2   35  [   2  1  1 ]       -20.2443          9.7345     [ 1  1  1]    1
  2   36  [   2  1  1 ]       -20.0638          9.7345     [ 1  1  1]    1
  2   37  [   1  1  2 ]       -20.0583          9.7340     [ 1  1  1]   22
  2   38  [   1  1  2 ]       -20.2695          9.7340     [ 1  1  1]    1
  2   39  [   1  1  2 ]       -20.0583          9.7340     [ 1  1  1]   22
  2   40  [   1  1  2 ]       -20.0583          9.7340     [ 1  1  1]   22
  2   41  [   1  2  1 ]       -20.2629          9.7354     [ 1  1  1]    8
  2   42  [   1  2  1 ]       -20.0539          9.7354     [ 1  1  1]  119
  3   43  [   1  1  1 ]       -20.1121          9.7248     [ 1  1  1]    1
  3   44  [   1  2  1 ]       -20.1129          9.7222     [ 1  1  1]    1
  3   45  [   1  2  1 ]       -20.1416          9.7222     [ 1  1  1]    1
  3   46  [   2  1  1 ]       -20.2136          9.7232     [ 1  1  1]    1
  3   47  [   2  1  1 ]       -20.1244          9.7232     [ 1  1  1]    1
  3   48  [   2  1  1 ]       -20.1129          9.7232     [ 1  1  1]    1
  3   49  [   2  1  1 ]       -20.1129          9.7232     [ 1  1  1]    1
  3   50  [   1  2  1 ]       -20.1416          9.7222     [ 1  1  1]    1
  3   51  [   1  1  1 ]       -20.1121          9.7248     [ 1  1  1]    1
  3   52  [   1  1  1 ]       -20.1121          9.7248     [ 1  1  1]    1
  3   53  [   1  1  1 ]       -20.0725          9.7248     [ 1  1  1]    2
  3   54  [   2  1  1 ]       -20.2136          9.7232     [ 1  1  1]    1
  3   55  [   2  1  1 ]       -20.2136          9.7232     [ 1  1  1]    1
  3   56  [   2  1  1 ]       -20.1120          9.7232     [ 1  1  1]    1
  3   57  [   1  1  2 ]       -19.9699          9.7248     [ 1  1  1]    2
  3   58  [   1  1  2 ]       -20.1229          9.7248     [ 1  1  1]    8
  3   59  [   1  2  1 ]       -20.0831          9.7222     [ 1  1  1]    1
  3   60  [   1  1  2 ]       -20.1141          9.7248     [ 1  1  1]   44
  3   61  [   1  1  2 ]       -20.1141          9.7248     [ 1  1  1]    1
  3   62  [   1  1  2 ]       -19.9497          9.7248     [ 1  1  1]    1
  3   63  [   1  1  2 ]       -20.1229          9.7248     [ 1  1  1]    8
  4   64  [   2  1  1 ]       -20.3091          9.7542     [ 1  1  1]    2
  4   65  [   2  1  1 ]       -20.3091          9.7542     [ 1  1  1]    2
  4   66  [   2  1  1 ]       -20.3091          9.7542     [ 1  1  1]    2
  4   67  [   2  1  1 ]       -20.3091          9.7542     [ 1  1  1]    2
  4   68  [   2  1  1 ]       -20.2290          9.7542     [ 1  1  1]    1
  4   69  [   2  1  1 ]       -20.3091          9.7542     [ 1  1  1]    2
  4   70  [   2  1  1 ]       -20.3091          9.7542     [ 1  1  1]    2
  4   71  [   2  1  1 ]       -20.3091          9.7542     [ 1  1  1]    2
  4   72  [   2  1  1 ]       -20.2290          9.7542     [ 1  1  1]    1
  4   73  [   2  1  1 ]       -20.3091          9.7542     [ 1  1  1]    2
  4   74  [   2  1  1 ]       -20.2290          9.7542     [ 1  1  1]    1
  4   75  [   2  1  1 ]       -20.3091          9.7542     [ 1  1  1]    2
  4   76  [   2  1  1 ]       -20.3091          9.7542     [ 1  1  1]    2
  4   77  [   2  1  1 ]       -20.3091          9.7542     [ 1  1  1]    2
  4   78  [   2  1  1 ]       -20.2527          9.7542     [ 1  1  1]    2
  4   79  [   2  1  1 ]       -20.3091          9.7542     [ 1  1  1]    2
  4   80  [   2  1  1 ]       -20.3091          9.7542     [ 1  1  1]    2
  4   81  [   2  1  1 ]       -20.3091          9.7542     [ 1  1  1]    2
  4   82  [   2  1  1 ]       -20.3091          9.7542     [ 1  1  1]    2
  4   83  [   2  1  1 ]       -20.2290          9.7542     [ 1  1  1]    1
  5   84  [   2  1  1 ]       -20.1190          9.8501     [ 1  1  1]  166
  5   85  [   2  1  1 ]       -20.1544          9.8501     [ 1  1  1]    1
  5   86  [   2  1  1 ]       -20.0775          9.8501     [ 1  1  1]  160
  5   87  [   2  1  1 ]       -20.0805          9.8501     [ 1  1  1]  166
  5   88  [   2  1  1 ]       -20.0726          9.8501     [ 1  1  1]    2
  5   89  [   2  1  1 ]       -20.1190          9.8501     [ 1  1  1]  166
  5   90  [   2  1  1 ]       -20.1190          9.8501     [ 1  1  1]  166
  5   91  [   2  1  1 ]       -20.0775          9.8501     [ 1  1  1]  160
  5   92  [   2  1  1 ]       -20.1190          9.8501     [ 1  1  1]  166
  5   93  [   2  1  1 ]       -20.1190          9.8501     [ 1  1  1]  166
  5   94  [   2  1  1 ]       -20.0775          9.8501     [ 1  1  1]  160
  5   95  [   2  1  1 ]       -20.1190          9.8501     [ 1  1  1]  166
  5   96  [   2  1  1 ]       -20.1190          9.8501     [ 1  1  1]  166
  5   97  [   2  1  1 ]       -20.0775          9.8501     [ 1  1  1]  160
  5   98  [   2  1  1 ]       -20.1190          9.8501     [ 1  1  1]  166
  5   99  [   2  1  1 ]       -20.0391          9.8501     [ 1  1  1]  160
  5  100  [   2  1  1 ]       -20.0775          9.8501     [ 1  1  1]  160
  5  101  [   2  1  1 ]       -20.0805          9.8501     [ 1  1  1]    1
  5  102  [   2  1  1 ]       -20.1190          9.8501     [ 1  1  1]  166
  5  103  [   2  1  1 ]       -20.2619          9.8501     [ 1  1  1]    2
  5  104  [   1  1  1 ]       -16.6582          9.8476     [ 1  1  1]   12
  6  105  [   2  1  1 ]       -20.1072         10.0151     [ 1  1  1]    1
  6  106  [   2  1  1 ]       -20.1566         10.0151     [ 1  1  1]    1
  6  107  [   2  1  1 ]       -20.1684         10.0151     [ 1  1  1]    1
  6  108  [   2  1  1 ]       -20.1238         10.0151     [ 1  1  1]    2
  6  109  [   2  1  1 ]       -20.1684         10.0151     [ 1  1  1]    1
  6  110  [   2  1  1 ]       -20.1128         10.0151     [ 1  1  1]    1
  6  111  [   2  1  1 ]       -20.1566         10.0151     [ 1  1  1]    1
  6  112  [   2  1  1 ]       -20.1461         10.0151     [ 1  1  1]    1
  6  113  [   2  1  1 ]       -20.1465         10.0151     [ 1  1  1]    2
  6  114  [   2  1  1 ]       -20.1684         10.0151     [ 1  1  1]    1
  6  115  [   2  1  1 ]       -20.1474         10.0151     [ 1  1  1]    2
  6  116  [   2  1  1 ]       -20.1474         10.0151     [ 1  1  1]    2
  6  117  [   2  1  1 ]       -20.1238         10.0151     [ 1  1  1]    1
  6  118  [   2  1  1 ]       -20.1474         10.0151     [ 1  1  1]    2
  6  119  [   2  1  1 ]       -20.0973         10.0151     [ 1  1  1]    1
  6  120  [   2  1  1 ]       -20.1238         10.0151     [ 1  1  1]    1
  6  121  [   2  1  1 ]       -20.1469         10.0151     [ 1  1  1]    1
  6  122  [   2  1  1 ]       -20.1238         10.0151     [ 1  1  1]    2
  6  123  [   2  1  1 ]       -20.1684         10.0151     [ 1  1  1]    1
  6  124  [   2  1  1 ]       -20.1469         10.0151     [ 1  1  1]    1
  6  125  [   1  1  1 ]       -20.1649         10.0132     [ 1  1  1]    2
  6  126  [   1  1  1 ]       -20.1974         10.0132     [ 1  1  1]    1
  6  127  [   1  1  1 ]       -20.1974         10.0132     [ 1  1  1]    1
  6  128  [   2  1  1 ]       -20.1200         10.0151     [ 1  1  1]    1
  6  129  [   2  1  1 ]       -20.1474         10.0151     [ 1  1  1]    2
  6  130  [   2  1  1 ]       -20.1266         10.0151     [ 1  1  1]    1
  6  131  [   2  1  1 ]       -20.0972         10.0151     [ 1  1  1]    1
  6  132  [   1  1  1 ]       -20.1469         10.0132     [ 1  1  1]    1
  6  133  [   1  1  1 ]       -19.5211         10.0132     [ 1  1  1]    1
  6  134  [   1  1  1 ]       -20.1469         10.0132     [ 1  1  1]    1
  6  135  [   1  1  1 ]       -20.1649         10.0132     [ 1  1  1]    2
  6  136  [   1  1  1 ]       -20.1974         10.0132     [ 1  1  1]    1
  6  137  [   1  1  1 ]       -20.1649         10.0132     [ 1  1  1]    2
  6  138  [   1  1  1 ]       -20.1974         10.0132     [ 1  1  1]    1
  6  139  [   1  1  1 ]       -20.0827         10.0132     [ 1  1  1]    1
  6  140  [   1  1  1 ]       -20.1469         10.0132     [ 1  1  1]    1
  6  141  [   1  1  1 ]       -20.1649         10.0132     [ 1  1  1]    2
  6  142  [   1  1  1 ]       -20.1974         10.0132     [ 1  1  1]    1
  6  143  [   1  1  1 ]       -20.0705         10.0132     [ 1  1  1]    1
  6  144  [   1  1  1 ]       -20.0705         10.0132     [ 1  1  1]    1
  6  145  [   1  1  1 ]       -20.0705         10.0132     [ 1  1  1]    1
  6  146  [   1  1  1 ]       -20.0705         10.0132     [ 1  1  1]    1
  7  147  [   1  1  1 ]       -19.8241         10.2049     [ 1  1  1]    2
  7  148  [   1  2  1 ]       -19.8449         10.2035     [ 1  1  1]    1
  7  149  [   1  2  1 ]       -19.8637         10.2035     [ 1  1  1]    1
  7  150  [   1  2  1 ]       -19.9427         10.2035     [ 1  1  1]    1
  7  151  [   2  1  1 ]       -19.8353         10.2072     [ 1  1  1]    1
  7  152  [   2  1  1 ]       -19.8428         10.2072     [ 1  1  1]    1
  7  153  [   2  1  1 ]       -19.8651         10.2072     [ 1  1  1]    1
  7  154  [   2  1  1 ]       -19.8525         10.2072     [ 1  1  1]    1
  7  155  [   1  2  1 ]       -19.8530         10.2035     [ 1  1  1]    1
  7  156  [   1  2  1 ]       -19.8808         10.2035     [ 1  1  1]    1
  7  157  [   1  2  1 ]       -19.8513         10.2035     [ 1  1  1]    1
  7  158  [   1  2  1 ]       -19.9184         10.2035     [ 1  1  1]    1
  7  159  [   1  1  1 ]       -19.8743         10.2049     [ 1  1  1]    1
  7  160  [   1  1  2 ]       -19.8960         10.2059     [ 1  1  1]    1
  7  161  [   1  1  2 ]       -19.9199         10.2059     [ 1  1  1]    2
  7  162  [   1  1  2 ]       -20.2265         10.2059     [ 1  1  1]    8
  7  163  [   1  1  1 ]       -18.8755         10.2049     [ 1  1  1]    1
  7  164  [   1  1  2 ]       -19.8276         10.2059     [ 1  1  1]    2
  7  165  [   2  1  1 ]       -19.8364         10.2072     [ 1  1  1]    1
  7  166  [   1  1  1 ]       -19.8529         10.2049     [ 1  1  1]    1
  8  167  [   1  1  2 ]       -20.2387         10.3979     [ 1  1  1]    1
  8  168  [   1  1  2 ]       -20.2387         10.3979     [ 1  1  1]    1
  8  169  [   1  1  2 ]       -20.2387         10.3979     [ 1  1  1]    1
  8  170  [   1  1  2 ]       -20.2387         10.3979     [ 1  1  1]    1
  8  171  [   1  1  2 ]       -20.2387         10.3979     [ 1  1  1]    1
  8  172  [   1  1  2 ]       -20.2387         10.3979     [ 1  1  1]    1
  8  173  [   1  1  2 ]       -20.2387         10.3979     [ 1  1  1]    1
  8  174  [   1  1  2 ]       -20.2387         10.3979     [ 1  1  1]    1
  8  175  [   1  1  2 ]       -20.2387         10.3979     [ 1  1  1]    1
  8  176  [   1  1  2 ]       -20.2387         10.3979     [ 1  1  1]    1
  8  177  [   1  1  2 ]       -20.2387         10.3979     [ 1  1  1]    1
  8  178  [   1  1  2 ]       -20.2387         10.3979     [ 1  1  1]    1
  8  179  [   1  1  2 ]       -20.2387         10.3979     [ 1  1  1]    1
  8  180  [   1  1  2 ]       -20.2356         10.3979     [ 1  1  1]    1
  8  181  [   1  1  2 ]       -20.2355         10.3979     [ 1  1  1]    1
  8  182  [   1  1  2 ]       -20.2387         10.3979     [ 1  1  1]    1
  8  183  [   1  1  2 ]       -20.2387         10.3979     [ 1  1  1]    1
  8  184  [   1  1  2 ]       -20.2387         10.3979     [ 1  1  1]    1
  8  185  [   1  1  2 ]       -20.2387         10.3979     [ 1  1  1]    1
  8  186  [   1  1  2 ]       -20.2387         10.3979     [ 1  1  1]    1
  9  187  [   1  1  2 ]       -20.2410         10.5697     [ 1  1  1]    8
  9  188  [   1  1  2 ]       -20.2410         10.5697     [ 1  1  1]    8
  9  189  [   1  1  2 ]       -20.2410         10.5697     [ 1  1  1]    8
  9  190  [   1  1  2 ]       -20.2410         10.5697     [ 1  1  1]    8
  9  191  [   1  1  2 ]       -20.2410         10.5697     [ 1  1  1]    8
  9  192  [   1  1  2 ]       -20.2410         10.5697     [ 1  1  1]    8
  9  193  [   1  1  2 ]       -20.2410         10.5697     [ 1  1  1]    1
  9  194  [   1  1  2 ]       -20.2410         10.5697     [ 1  1  1]    8
  9  195  [   1  1  2 ]       -20.2410         10.5697     [ 1  1  1]    8
  9  196  [   1  1  2 ]       -20.2410         10.5697     [ 1  1  1]    8
  9  197  [   1  1  2 ]       -20.2410         10.5697     [ 1  1  1]    1
  9  198  [   1  1  2 ]       -20.2547         10.5697     [ 1  1  1]    1
  9  199  [   1  1  2 ]       -20.2410         10.5697     [ 1  1  1]    8
  9  200  [   1  1  2 ]       -20.2572         10.5697     [ 1  1  1]    1
  9  201  [   1  1  2 ]       -20.2410         10.5697     [ 1  1  1]    8
  9  202  [   1  1  2 ]       -20.2410         10.5697     [ 1  1  1]    8
  9  203  [   1  1  2 ]       -20.2410         10.5697     [ 1  1  1]    8
  9  204  [   1  1  2 ]       -20.2410         10.5697     [ 1  1  1]    8
  9  205  [   1  1  2 ]       -20.2410         10.5697     [ 1  1  1]    1
  9  206  [   1  1  2 ]       -20.2479         10.5697     [ 1  1  1]    1
 10  207  [   1  1  2 ]       -20.2796         10.7230     [ 1  1  1]    1
 10  208  [   1  1  2 ]       -20.2470         10.7230     [ 1  1  1]    1
 10  209  [   1  1  2 ]       -20.2895         10.7230     [ 1  1  1]    1
 10  210  [   1  1  2 ]       -20.2796         10.7230     [ 1  1  1]    1
 10  211  [   1  1  2 ]       -20.2895         10.7230     [ 1  1  1]    1
 10  212  [   1  1  2 ]       -20.2470         10.7230     [ 1  1  1]    1
 10  213  [   1  1  2 ]       -20.2895         10.7230     [ 1  1  1]    1
 10  214  [   1  1  2 ]       -20.2796         10.7230     [ 1  1  1]    1
 10  215  [   1  1  2 ]       -20.2796         10.7230     [ 1  1  1]    1
 10  216  [   1  1  2 ]       -20.2796         10.7230     [ 1  1  1]    1
 10  217  [   1  1  2 ]       -20.2470         10.7230     [ 1  1  1]    1
 10  218  [   1  1  2 ]       -20.2760         10.7230     [ 1  1  1]    1
 10  219  [   1  1  2 ]       -20.2770         10.7230     [ 1  1  1]    1
 10  220  [   1  1  2 ]       -20.2796         10.7230     [ 1  1  1]    1
 10  221  [   1  1  2 ]       -20.2796         10.7230     [ 1  1  1]    1
 10  222  [   1  1  2 ]       -20.2796         10.7230     [ 1  1  1]    1
 10  223  [   1  1  2 ]       -20.2470         10.7230     [ 1  1  1]    8
 10  224  [   1  1  2 ]       -20.2770         10.7230     [ 1  1  1]    1
 10  225  [   1  1  2 ]       -20.2796         10.7230     [ 1  1  1]    1
 10  226  [   1  1  2 ]       -20.2796         10.7230     [ 1  1  1]    1
 10  227  [   1  1  2 ]       -20.2470         10.7230     [ 1  1  1]    8
 10  228  [   1  1  1 ]        -5.6572         10.7227     [ 1  1  1]   69
 11  229  [   1  1  2 ]       -20.3003         10.8734     [ 1  1  1]    1
 11  230  [   1  1  2 ]       -20.3003         10.8734     [ 1  1  1]    1
 11  231  [   1  1  2 ]       -20.2969         10.8734     [ 1  1  1]    1
 11  232  [   1  1  2 ]       -20.3003         10.8734     [ 1  1  1]    1
 11  233  [   1  1  2 ]       -20.3003         10.8734     [ 1  1  1]    1
 11  234  [   1  1  2 ]       -20.3003         10.8734     [ 1  1  1]    6
 11  235  [   1  1  2 ]       -20.3003         10.8734     [ 1  1  1]    1
 11  236  [   1  1  2 ]       -20.2969         10.8734     [ 1  1  1]    1
 11  237  [   1  1  2 ]       -20.3003         10.8734     [ 1  1  1]    1
 11  238  [   1  1  2 ]       -20.3003         10.8734     [ 1  1  1]    1
 11  239  [   1  1  2 ]       -20.3003         10.8734     [ 1  1  1]    1
 11  240  [   1  1  2 ]       -20.3003         10.8734     [ 1  1  1]    1
 11  241  [   1  1  2 ]       -20.3003         10.8734     [ 1  1  1]    1
 11  242  [   1  1  2 ]       -20.3003         10.8734     [ 1  1  1]    2
 11  243  [   1  1  2 ]       -20.2969         10.8734     [ 1  1  1]    1
 11  244  [   1  1  2 ]       -20.3003         10.8734     [ 1  1  1]    1
 11  245  [   1  1  2 ]       -20.3003         10.8734     [ 1  1  1]    1
 11  246  [   1  1  2 ]       -20.3003         10.8734     [ 1  1  1]    6
 11  247  [   1  1  2 ]       -20.3003         10.8734     [ 1  1  1]    1
 11  248  [   1  1  2 ]       -20.3003         10.8734     [ 1  1  1]    2
 11  249  [   1  1  1 ]       -18.7199         10.8756     [ 1  1  1]    1
 11  250  [   1  1  1 ]       -18.6821         10.8756     [ 1  1  1]    1
 11  251  [   1  1  1 ]       -18.6919         10.8756     [ 1  1  1]    1
 11  252  [   1  1  1 ]       -18.6919         10.8756     [ 1  1  1]    1
 11  253  [   1  1  1 ]       -18.7621         10.8756     [ 1  1  1]    2
 11  254  [   1  1  1 ]       -18.5980         10.8756     [ 1  1  1]    2
 11  255  [   1  1  1 ]       -18.6821         10.8756     [ 1  1  1]    1
 11  256  [   1  1  1 ]       -18.6821         10.8756     [ 1  1  1]    1
 11  257  [   1  1  1 ]       -18.6821         10.8756     [ 1  1  1]    1
 11  258  [   1  1  1 ]       -18.7621         10.8756     [ 1  1  1]    2
 11  259  [   1  1  1 ]       -18.7621         10.8756     [ 1  1  1]    1
 11  260  [   1  1  1 ]       -18.5980         10.8756     [ 1  1  1]    2
 11  261  [   1  1  1 ]       -18.5980         10.8756     [ 1  1  1]    2
 11  262  [   1  1  1 ]       -18.5943         10.8756     [ 1  1  1]    2
 12  263  [   1  1  2 ]       -20.2992         11.0138     [ 1  1  1]    8
 12  264  [   1  1  2 ]       -20.2993         11.0138     [ 1  1  1]    1
 12  265  [   1  1  2 ]       -20.2993         11.0138     [ 1  1  1]    1
 12  266  [   1  1  2 ]       -20.2993         11.0138     [ 1  1  1]    1
 12  267  [   1  1  2 ]       -20.2993         11.0138     [ 1  1  1]    1
 12  268  [   1  1  2 ]       -20.2993         11.0138     [ 1  1  1]    1
 12  269  [   1  1  2 ]       -20.2993         11.0138     [ 1  1  1]    1
 12  270  [   1  1  2 ]       -20.2993         11.0138     [ 1  1  1]    1
 12  271  [   1  1  2 ]       -20.2993         11.0138     [ 1  1  1]    1
 12  272  [   1  1  2 ]       -20.2993         11.0138     [ 1  1  1]    1
 12  273  [   1  1  2 ]       -20.2993         11.0138     [ 1  1  1]    1
 12  274  [   1  1  2 ]       -20.2993         11.0138     [ 1  1  1]    1
 12  275  [   1  1  2 ]       -20.2993         11.0138     [ 1  1  1]    1
 12  276  [   1  1  2 ]       -20.2993         11.0138     [ 1  1  1]    1
 12  277  [   1  1  2 ]       -20.2993         11.0138     [ 1  1  1]    1
 12  278  [   1  1  2 ]       -20.2993         11.0138     [ 1  1  1]    1
 12  279  [   1  1  2 ]       -20.2993         11.0138     [ 1  1  1]    1
 12  280  [   1  1  2 ]       -20.2993         11.0138     [ 1  1  1]    1
 12  281  [   1  1  2 ]       -20.2993         11.0138     [ 1  1  1]    1
 12  282  [   1  1  2 ]       -20.2993         11.0138     [ 1  1  1]    1
 13  283  [   1  1  2 ]       -20.3546         10.3103     [ 1  1  1]    8
 13  284  [   1  1  2 ]       -20.3546         10.3103     [ 1  1  1]    8
 13  285  [   1  1  2 ]       -20.3546         10.3103     [ 1  1  1]    8
 13  286  [   1  1  2 ]       -20.3546         10.3103     [ 1  1  1]    8
 13  287  [   1  1  2 ]       -20.3546         10.3103     [ 1  1  1]    8
 13  288  [   1  1  2 ]       -20.3546         10.3103     [ 1  1  1]    8
 13  289  [   1  1  2 ]       -20.3546         10.3103     [ 1  1  1]    8
 13  290  [   1  1  2 ]       -20.3546         10.3103     [ 1  1  1]    8
 13  291  [   1  1  2 ]       -20.3546         10.3103     [ 1  1  1]    8
 13  292  [   1  1  2 ]       -20.3546         10.3103     [ 1  1  1]    8
 13  293  [   1  1  2 ]       -20.3546         10.3103     [ 1  1  1]    8
 13  294  [   1  1  2 ]       -20.3546         10.3103     [ 1  1  1]    8
 13  295  [   1  1  2 ]       -20.3546         10.3103     [ 1  1  1]    8
 13  296  [   1  1  2 ]       -20.3546         10.3103     [ 1  1  1]    8
 13  297  [   1  1  2 ]       -20.3546         10.3103     [ 1  1  1]    8
 13  298  [   1  1  2 ]       -20.1800         10.3103     [ 1  1  1]    8
 13  299  [   1  1  2 ]       -20.3546         10.3103     [ 1  1  1]    8
 13  300  [   1  1  2 ]       -20.3546         10.3103     [ 1  1  1]    8
 13  301  [   1  1  2 ]       -20.3546         10.3103     [ 1  1  1]    8
 13  302  [   1  1  2 ]       -20.3546         10.3103     [ 1  1  1]    8
 14  303  [   1  1  2 ]       -20.3815          9.8070     [ 1  1  1]    8
 14  304  [   1  1  2 ]       -20.3819          9.8070     [ 1  1  1]    8
 14  305  [   1  1  2 ]       -20.3819          9.8070     [ 1  1  1]    8
 14  306  [   1  1  2 ]       -20.3819          9.8070     [ 1  1  1]    8
 14  307  [   1  1  2 ]       -20.3819          9.8070     [ 1  1  1]    8
 14  308  [   1  1  2 ]       -20.3819          9.8070     [ 1  1  1]    8
 14  309  [   1  1  2 ]       -20.3819          9.8070     [ 1  1  1]    8
 14  310  [   1  1  2 ]       -20.3819          9.8070     [ 1  1  1]    8
 14  311  [   1  1  2 ]       -20.3819          9.8070     [ 1  1  1]    8
 14  312  [   1  1  2 ]       -20.3819          9.8070     [ 1  1  1]    8
 14  313  [   1  1  2 ]       -20.3819          9.8070     [ 1  1  1]    8
 14  314  [   1  1  2 ]       -20.3819          9.8070     [ 1  1  1]    8
 14  315  [   1  1  2 ]       -20.3819          9.8070     [ 1  1  1]    8
 14  316  [   1  1  2 ]       -20.3819          9.8070     [ 1  1  1]    8
 14  317  [   1  1  2 ]       -20.3819          9.8070     [ 1  1  1]    8
 14  318  [   1  1  2 ]       -20.3819          9.8070     [ 1  1  1]    8
 14  319  [   1  1  2 ]       -20.3819          9.8070     [ 1  1  1]    8
 14  320  [   1  1  2 ]       -20.3819          9.8070     [ 1  1  1]    8
 14  321  [   1  1  2 ]       -20.3819          9.8070     [ 1  1  1]    8
 14  322  [   1  1  2 ]       -20.3819          9.8070     [ 1  1  1]    8
 15  323  [   1  1  2 ]       -20.2096          9.2556     [ 1  1  1]    1
 15  324  [   1  1  2 ]       -20.2437          9.2556     [ 1  1  1]   64
 15  325  [   1  1  2 ]       -20.2436          9.2556     [ 1  1  1]   38
 15  326  [   1  1  2 ]       -20.2503          9.2556     [ 1  1  1]    1
 15  327  [   1  1  2 ]       -20.2503          9.2556     [ 1  1  1]    1
 15  328  [   1  1  2 ]       -20.2503          9.2556     [ 1  1  1]    1
 15  329  [   1  1  2 ]       -20.2436          9.2556     [ 1  1  1]   38
 15  330  [   1  1  2 ]       -20.2436          9.2556     [ 1  1  1]   38
 15  331  [   1  1  2 ]       -20.2437          9.2556     [ 1  1  1]   64
 15  332  [   1  1  2 ]       -20.2351          9.2556     [ 1  1  1]    2
 15  333  [   1  1  2 ]       -20.2503          9.2556     [ 1  1  1]    1
 15  334  [   1  1  2 ]       -20.2503          9.2556     [ 1  1  1]    1
 15  335  [   1  1  2 ]       -20.2351          9.2556     [ 1  1  1]    2
 15  336  [   1  1  2 ]       -20.2351          9.2556     [ 1  1  1]    2
 15  337  [   1  1  2 ]       -20.2437          9.2556     [ 1  1  1]   64
 15  338  [   1  1  2 ]       -20.2436          9.2556     [ 1  1  1]   38
 15  339  [   1  1  2 ]       -20.2503          9.2556     [ 1  1  1]    1
 15  340  [   1  1  2 ]       -20.2437          9.2556     [ 1  1  1]   64
 15  341  [   1  1  2 ]       -20.2436          9.2556     [ 1  1  1]   38
 15  342  [   1  1  2 ]       -20.2436          9.2556     [ 1  1  1]   38
 15  343  [   1  1  1 ]        -7.2755          9.2564     [ 1  1  1]    2
 16  344  [   1  1  2 ]       -19.6723          8.8039     [ 1  1  1]    1
 16  345  [   1  1  2 ]       -19.9518          8.8039     [ 1  1  1]   15
 16  346  [   1  1  2 ]       -19.9702          8.8039     [ 1  1  1]    1
 16  347  [   1  1  2 ]       -19.9502          8.8039     [ 1  1  1]    5
 16  348  [   1  1  2 ]       -19.9502          8.8039     [ 1  1  1]    5
 16  349  [   1  1  2 ]       -19.9502          8.8039     [ 1  1  1]    5
 16  350  [   1  1  2 ]       -19.9518          8.8039     [ 1  1  1]   15
 16  351  [   1  1  2 ]       -19.9502          8.8039     [ 1  1  1]    5
 16  352  [   1  1  2 ]       -19.9210          8.8039     [ 1  1  1]    1
 16  353  [   1  1  2 ]       -19.9518          8.8039     [ 1  1  1]   15
 16  354  [   1  1  2 ]       -19.9518          8.8039     [ 1  1  1]   15
 16  355  [   1  1  2 ]       -19.9502          8.8039     [ 1  1  1]    5
 16  356  [   1  1  2 ]       -19.9702          8.8039     [ 1  1  1]    1
 16  357  [   1  1  2 ]       -19.9702          8.8039     [ 1  1  1]    1
 16  358  [   1  1  2 ]       -19.9702          8.8039     [ 1  1  1]    1
 16  359  [   1  1  2 ]       -19.9702          8.8039     [ 1  1  1]    1
 16  360  [   1  1  2 ]       -19.9518          8.8039     [ 1  1  1]   15
 16  361  [   1  1  2 ]       -19.9702          8.8039     [ 1  1  1]    1
 16  362  [   1  1  2 ]       -19.9502          8.8039     [ 1  1  1]    5
 16  363  [   1  1  2 ]       -19.9210          8.8039     [ 1  1  1]    1
 16  364  [   2  1  1 ]       -19.7089          8.8042     [ 1  1  1]    2
 16  365  [   2  1  1 ]       -19.7620          8.8042     [ 1  1  1]    2
 16  366  [   2  1  1 ]       -19.7637          8.8042     [ 1  1  1]    1
 16  367  [   2  1  1 ]       -19.7089          8.8042     [ 1  1  1]    2
 16  368  [   2  1  1 ]       -19.7637          8.8042     [ 1  1  1]    1
 16  369  [   1  2  1 ]       -19.8649          8.8045     [ 1  1  1]    1
 16  370  [   1  1  1 ]       -19.8410          8.8042     [ 1  1  1]    1
 16  371  [   1  1  1 ]       -19.7531          8.8042     [ 1  1  1]    2
 16  372  [   1  1  1 ]       -19.8410          8.8042     [ 1  1  1]    1
 16  373  [   1  1  1 ]       -19.8410          8.8042     [ 1  1  1]    1
 16  374  [   1  1  1 ]       -19.8410          8.8042     [ 1  1  1]    1
 16  375  [   1  1  1 ]       -19.8410          8.8042     [ 1  1  1]    1
 16  376  [   1  1  1 ]       -19.8410          8.8042     [ 1  1  1]    1
 16  377  [   1  1  1 ]       -19.8410          8.8042     [ 1  1  1]    1
 16  378  [   1  1  1 ]       -19.8410          8.8042     [ 1  1  1]    1
 16  379  [   1  1  1 ]       -19.7531          8.8042     [ 1  1  1]    2
 17  380  [   1  1  2 ]       -20.0678          8.4400     [ 1  1  1]    1
 17  381  [   1  1  2 ]       -20.0678          8.4400     [ 1  1  1]    1
 17  382  [   1  1  2 ]       -20.0678          8.4400     [ 1  1  1]    1
 17  383  [   1  1  2 ]       -20.0678          8.4400     [ 1  1  1]    1
 17  384  [   1  1  2 ]       -20.0678          8.4400     [ 1  1  1]    1
 17  385  [   1  1  2 ]       -20.0678          8.4400     [ 1  1  1]    1
 17  386  [   1  1  2 ]       -19.8633          8.4400     [ 1  1  1]    2
 17  387  [   1  1  2 ]       -19.5655          8.4400     [ 1  1  1]    1
 17  388  [   1  1  2 ]       -20.0678          8.4400     [ 1  1  1]    1
 17  389  [   1  1  2 ]       -19.8633          8.4400     [ 1  1  1]    2
 17  390  [   1  1  2 ]       -20.0678          8.4400     [ 1  1  1]    1
 17  391  [   1  1  2 ]       -20.0678          8.4400     [ 1  1  1]    1
 17  392  [   1  1  2 ]       -20.0678          8.4400     [ 1  1  1]    1
 17  393  [   1  1  2 ]       -20.0678          8.4400     [ 1  1  1]    1
 17  394  [   1  1  2 ]       -19.8396          8.4400     [ 1  1  1]    1
 17  395  [   1  1  2 ]       -19.6579          8.4400     [ 1  1  1]    1
 17  396  [   1  1  2 ]       -19.8396          8.4400     [ 1  1  1]    1
 17  397  [   1  1  2 ]       -20.0678          8.4400     [ 1  1  1]    1
 17  398  [   1  1  2 ]       -20.0678          8.4400     [ 1  1  1]    1
 17  399  [   1  1  2 ]       -20.0678          8.4400     [ 1  1  1]    1
 18  400  [   1  1  1 ]       -20.0440          8.1462     [ 1  1  1]    1
 18  401  [   2  1  1 ]       -19.9950          8.1470     [ 1  1  1]    2
 18  402  [   2  1  1 ]       -19.9950          8.1470     [ 1  1  1]    2
 18  403  [   2  1  1 ]       -19.9962          8.1470     [ 1  1  1]    2
 18  404  [   2  1  1 ]       -19.7960          8.1470     [ 1  1  1]    2
 18  405  [   2  1  1 ]       -20.0362          8.1470     [ 1  1  1]    1
 18  406  [   2  1  1 ]       -19.9950          8.1470     [ 1  1  1]    2
 18  407  [   2  1  1 ]       -19.9950          8.1470     [ 1  1  1]    2
 18  408  [   2  1  1 ]       -19.9962          8.1470     [ 1  1  1]    2
 18  409  [   1  1  1 ]       -19.9244          8.1462     [ 1  1  1]   12
 18  410  [   1  1  1 ]       -19.1157          8.1462     [ 1  1  1]    1
 18  411  [   1  1  1 ]       -19.1157          8.1462     [ 1  1  1]    1
 18  412  [   2  1  1 ]       -19.9962          8.1470     [ 1  1  1]    2
 18  413  [   2  1  1 ]       -19.9962          8.1470     [ 1  1  1]    2
 18  414  [   2  1  1 ]       -19.9962          8.1470     [ 1  1  1]    2
 18  415  [   2  1  1 ]       -20.0362          8.1470     [ 1  1  1]    1
 18  416  [   2  1  1 ]       -19.9962          8.1470     [ 1  1  1]    2
 18  417  [   2  1  1 ]       -20.0362          8.1470     [ 1  1  1]    1
 18  418  [   2  1  1 ]       -20.0214          8.1470     [ 1  1  1]    2
 18  419  [   1  1  2 ]       -20.0582          8.1465     [ 1  1  1]    1
 18  420  [   1  1  2 ]       -19.7583          8.1465     [ 1  1  1]    2
 19  421  [   1  1  1 ]       -19.8689          7.9350     [ 1  1  1]    8
 19  422  [   2  1  1 ]       -19.5775          7.9325     [ 1  1  1]    2
 19  423  [   2  1  1 ]       -19.7664          7.9325     [ 1  1  1]    2
 19  424  [   2  1  1 ]       -19.7664          7.9325     [ 1  1  1]    2
 19  425  [   2  1  1 ]       -18.8790          7.9325     [ 1  1  1]    1
 19  426  [   2  1  1 ]       -19.7664          7.9325     [ 1  1  1]    2
 19  427  [   2  1  1 ]       -19.8080          7.9325     [ 1  1  1]    1
 19  428  [   2  1  1 ]       -19.0140          7.9325     [ 1  1  1]    1
 19  429  [   2  1  1 ]       -19.8080          7.9325     [ 1  1  1]    1
 19  430  [   1  1  1 ]       -19.9753          7.9350     [ 1  1  1]  166
 19  431  [   1  1  1 ]       -19.9753          7.9350     [ 1  1  1]  166
 19  432  [   2  1  1 ]       -19.7664          7.9325     [ 1  1  1]    2
 19  433  [   2  1  1 ]       -19.8080          7.9325     [ 1  1  1]    1
 19  434  [   2  1  1 ]       -19.5775          7.9325     [ 1  1  1]    2
 19  435  [   2  1  1 ]       -19.8080          7.9325     [ 1  1  1]    1
 19  436  [   1  1  1 ]       -19.8689          7.9350     [ 1  1  1]    8
 19  437  [   1  1  2 ]       -19.9410          7.9345     [ 1  1  1]  166
 19  438  [   1  1  2 ]       -19.9100          7.9345     [ 1  1  1]   12
 19  439  [   1  1  2 ]       -19.8896          7.9345     [ 1  1  1]    8
 19  440  [   1  1  2 ]       -19.9100          7.9345     [ 1  1  1]   12
 20  441  [   1  1  1 ]       -19.7219          7.7975     [ 1  1  1]    2
 20  442  [   2  1  1 ]       -19.3248          7.7994     [ 1  1  1]    1
 20  443  [   2  1  1 ]       -19.2444          7.7994     [ 1  1  1]    2
 20  444  [   2  1  1 ]       -19.3227          7.7994     [ 1  1  1]    1
 20  445  [   2  1  1 ]       -19.2273          7.7994     [ 1  1  1]    2
 20  446  [   2  1  1 ]       -19.3536          7.7994     [ 1  1  1]    1
 20  447  [   2  1  1 ]       -19.2569          7.7994     [ 1  1  1]    1
 20  448  [   2  1  1 ]       -19.2569          7.7994     [ 1  1  1]    1
 20  449  [   2  1  1 ]       -19.3294          7.7994     [ 1  1  1]    2
 20  450  [   1  1  1 ]       -19.7200          7.7975     [ 1  1  1]    1
 20  451  [   2  1  1 ]       -19.3248          7.7994     [ 1  1  1]    3
 20  452  [   2  1  1 ]       -19.3294          7.7994     [ 1  1  1]    2
 20  453  [   2  1  1 ]       -19.2396          7.7994     [ 1  1  1]    1
 20  454  [   2  1  1 ]       -19.2278          7.7994     [ 1  1  1]    3
 20  455  [   1  1  1 ]       -19.7219          7.7975     [ 1  1  1]    2
 20  456  [   1  1  1 ]       -19.7204          7.7975     [ 1  1  1]    2
 20  457  [   1  1  2 ]       -19.6577          7.7982     [ 1  1  1]    2
 20  458  [   1  1  2 ]       -19.7093          7.7982     [ 1  1  1]    2
 20  459  [   1  1  2 ]       -19.6794          7.7982     [ 1  1  1]    2
 20  460  [   1  1  2 ]       -19.6794          7.7982     [ 1  1  1]    2
