Gen   ID    SuperCell   Enthalpy(eV/atom)  Volume(A^3/atom)  KPOINTS  SYMMETRY
  0    1  [   1  1  1 ]        -5.1524         15.4372     [ 5  3  3]  141
  1    2  [   1  1  1 ]        -5.1595         15.1266     [ 5  3  3]  141
  2   17  [   1  1  1 ]        -5.2217         15.2096     [ 6  3  3]  141
  3   32  [   1  1  1 ]        -5.1522         15.4490     [ 5  3  3]  141
  4   57  [   1  1  1 ]        -5.1521         15.4144     [ 5  3  3]  141
  5   66  [   1  1  2 ]        -5.1273         15.2589     [ 5  3  2]   74
  6   87  [   2  1  2 ]        -5.1650         15.0716     [ 3  3  2]   47
  7  103  [   2  1  2 ]        -5.1722         15.2219     [ 3  3  2]   12
  8  116  [   2  1  2 ]        -5.1397         15.5122     [ 3  3  2]   10
  9  127  [   2  1  2 ]        -5.1648         15.0825     [ 3  3  2]   47
 10  138  [   2  1  2 ]        -5.1390         15.5172     [ 3  3  2]   10
 11  155  [   2  1  2 ]        -5.1727         15.2194     [ 3  3  2]   12
 12  195  [   2  1  2 ]        -5.1725         15.2088     [ 3  3  2]   12
 13  203  [   2  1  2 ]        -5.1727         15.2054     [ 3  3  2]   12
 14  226  [   4  1  1 ]        -5.1645         15.2207     [ 2  3  3]   12
 15  243  [   4  1  1 ]        -5.1516         16.7797     [ 2  3  3]    2
 16  245  [   4  1  1 ]        -5.1514         16.7179     [ 2  3  3]    2
 17  288  [   2  1  1 ]        -5.1449         16.8135     [ 3  3  3]   12
 18  302  [   2  1  1 ]        -5.1451         16.8129     [ 3  3  3]   12
 19  306  [   2  1  1 ]        -5.1251         18.8203     [ 3  4  3]   12
 20  335  [   2  1  1 ]        -5.1247         18.7688     [ 3  4  3]   12
 21  365  [   1  1  3 ]        -5.3633         20.4920     [ 5  3  1]  227
 22  371  [   1  1  1 ]        -5.3631         20.4770     [ 5  3  3]  141
 23  400  [   1  2  2 ]        -5.3958         20.4637     [ 5  2  2]  166
 24  406  [   2  1  2 ]        -5.3914         20.4194     [ 3  4  1]   12
 25  422  [   2  1  2 ]        -5.3914         20.4260     [ 3  4  1]   12
 26  457  [   2  1  2 ]        -5.3994         20.4394     [ 2  4  1]  164
 27  473  [   2  1  2 ]        -5.3995         20.4337     [ 2  4  1]  164
 28  485  [   2  1  2 ]        -5.3995         20.4332     [ 2  4  1]   12
 29  494  [   2  1  2 ]        -5.3995         20.4386     [ 2  4  1]   12
 30  509  [   2  1  2 ]        -5.3995         20.4377     [ 2  4  1]   12
 31  525  [   2  1  2 ]        -5.3995         20.4369     [ 2  4  1]   12
 32  555  [   2  1  2 ]        -5.3995         20.4367     [ 2  4  1]   12
 33  579  [   2  1  2 ]        -5.3994         20.4330     [ 2  4  1]  227
 34  599  [   2  1  2 ]        -5.3995         20.4397     [ 2  4  1]  164
 35  600  [   2  1  2 ]        -5.3995         20.4334     [ 2  4  1]  164
 36  622  [   2  1  2 ]        -5.3995         20.4325     [ 2  4  1]  227
 37  647  [   2  1  2 ]        -5.3994         20.4329     [ 2  4  1]  227
 38  662  [   2  1  2 ]        -5.3995         20.4343     [ 2  4  1]  227
 39  677  [   2  1  2 ]        -5.3994         20.4356     [ 2  4  1]  227
 40  692  [   2  1  2 ]        -5.3995         20.4350     [ 2  4  1]  227
