Gen   ID    SuperCell   Enthalpy(eV/atom)  Volume(A^3/atom)  KPOINTS  SYMMETRY
  0    1  [   1  1  1 ]        -5.1504         15.1319     [ 5  3  3]  141
  1    2  [   1  1  1 ]        -5.1486         15.5913     [ 5  3  3]  141
  2   17  [   1  1  1 ]        -5.1257         15.1512     [ 5  3  3]  141
  3   32  [   1  1  1 ]        -5.1510         15.6514     [ 5  3  3]  141
  4   57  [   1  1  1 ]        -5.1131         14.7930     [ 5  3  3]  141
  5   66  [   1  1  2 ]        -5.1392         15.0933     [ 4  3  2]   74
  6   87  [   2  1  2 ]        -5.1410         14.9740     [ 2  3  2]   47
  7  103  [   2  1  2 ]        -5.1492         15.6153     [ 2  3  2]   12
  8  116  [   2  1  2 ]        -5.1280         15.5599     [ 2  3  2]   10
  9  127  [   2  1  2 ]        -5.1253         15.8661     [ 2  3  2]   47
 10  138  [   2  1  2 ]        -5.1011         15.8197     [ 2  3  2]   10
 11  155  [   2  1  2 ]        -5.1091         15.9284     [ 2  3  2]   12
 12  195  [   2  1  2 ]        -5.1257         16.0515     [ 2  3  2]   12
 13  203  [   2  1  2 ]        -5.1223         16.1177     [ 2  3  2]   12
 14  226  [   4  1  1 ]        -5.1251         15.8496     [ 2  3  3]   12
 15  243  [   4  1  1 ]        -5.1348         15.4741     [ 2  3  3]    2
 16  245  [   4  1  1 ]        -5.1316         15.7830     [ 2  3  3]    2
 17  288  [   2  1  1 ]        -5.1327         16.4726     [ 3  3  3]   12
 18  302  [   2  1  1 ]        -5.1088         17.1153     [ 2  3  3]   12
 19  306  [   2  1  1 ]        -5.1073         18.1283     [ 2  3  3]   12
 20  335  [   2  1  1 ]        -5.0895         18.7342     [ 2  3  3]   12
 21  365  [   1  1  3 ]        -5.1108         18.5550     [ 4  3  1]  227
 22  371  [   1  1  1 ]        -5.0570         18.5579     [ 4  3  3]  141
 23  400  [   1  2  2 ]        -5.1217         18.4071     [ 4  2  1]  166
 24  406  [   2  1  2 ]        -5.1616         18.5369     [ 2  3  1]   12
 25  422  [   2  1  2 ]        -5.1719         19.3941     [ 2  3  1]   12
 26  457  [   2  1  2 ]        -5.3117         19.8290     [ 2  3  1]  164
 27  473  [   2  1  2 ]        -5.3450         20.6584     [ 2  3  1]  164
 28  485  [   2  1  2 ]        -5.3191         21.1701     [ 2  3  1]   12
 29  494  [   2  1  2 ]        -5.3063         20.6161     [ 2  3  1]   12
 30  509  [   2  1  2 ]        -5.2980         20.7422     [ 2  3  1]   12
 31  525  [   2  1  2 ]        -5.2951         20.7519     [ 2  3  1]   12
 32  555  [   2  1  2 ]        -5.3035         20.6082     [ 2  3  1]   12
 33  579  [   2  1  2 ]        -5.3140         20.3428     [ 2  3  1]  227
 34  599  [   2  1  2 ]        -5.3248         19.9927     [ 2  3  1]  164
 35  600  [   2  1  2 ]        -5.3392         19.8739     [ 2  3  1]  164
 36  622  [   2  1  2 ]        -5.3450         19.8445     [ 2  3  1]  227
 37  647  [   2  1  2 ]        -5.3491         20.1255     [ 2  3  1]  227
 38  662  [   2  1  2 ]        -5.3235         20.5643     [ 2  3  1]  227
 39  677  [   2  1  2 ]        -5.3136         21.4068     [ 2  3  1]  227
 40  692  [   2  1  2 ]        -5.3343         20.9643     [ 2  3  1]  227
