  ID   Compositions    Enthalpies    Volumes     SYMM
                       (eV/atom)    (A^3/atom)       
 595  [     16    ]     -5.4066     20.4342    227
 611  [     16    ]     -5.4011     20.3948    194
 151  [     16    ]     -5.3931     20.4337      5
 676  [     16    ]     -5.3701     20.4765     12
 360  [      4    ]     -5.3617     20.3524    141
 680  [     16    ]     -5.3310     21.2376     12
 113  [     16    ]     -5.3050     20.9712      6
 700  [     16    ]     -5.2922     22.7050     10
 330  [     16    ]     -5.2850     20.6891      2
 429  [     16    ]     -5.2827     19.9512      2
 436  [     16    ]     -5.2824     21.4987     11
 407  [     16    ]     -5.2584     21.5869    139
 317  [     16    ]     -5.2550     19.9449     10
  17  [      4    ]     -5.2217     15.2096    141
 296  [      8    ]     -5.2204     19.1394     10
