Gen   ID    SuperCell   Enthalpy(eV/atom)  Volume(A^3/atom)  KPOINTS  SYMMETRY
  0    1  [   1  1  1 ]        -5.1504         15.1319     [ 5  3  3]  141
  1    2  [   1  1  1 ]        -5.1486         15.5913     [ 5  3  3]  141
  1    3  [   1  4  1 ]        -5.0180         15.5913     [ 5  1  3]    1
  1    4  [   1  1  4 ]        -5.0676         15.5913     [ 5  3  1]    6
  1    5  [   1  3  1 ]        -5.1466         15.5913     [ 5  1  3]    1
  1    6  [   1  2  1 ]        -4.9899         15.5913     [ 5  2  3]   51
  1    7  [   1  3  1 ]        -5.1095         15.5913     [ 5  1  3]   74
  1    8  [   1  3  1 ]        -5.1484         15.5913     [ 5  1  3]   15
  1    9  [   1  4  1 ]        -5.0875         15.5913     [ 5  1  3]   51
  1   10  [   1  1  3 ]        -5.1482         15.5913     [ 5  3  1]  141
  1   11  [   1  1  3 ]        -5.1123         15.5913     [ 5  3  1]   74
  1   12  [   1  1  1 ]        -5.1484         15.5913     [ 5  3  3]  141
  1   13  [   1  1  4 ]        -5.0860         15.5913     [ 5  3  1]   51
  1   14  [   1  1  1 ]        -5.1484         15.5913     [ 5  3  3]  141
  1   15  [   1  1  1 ]        -5.1124         15.5913     [ 5  3  3]   65
  1   16  [   1  1  4 ]        -5.1030         15.5913     [ 5  3  1]    1
  2   17  [   1  1  1 ]        -5.1257         15.1512     [ 5  3  3]  141
  2   18  [   1  1  4 ]        -5.0790         15.1512     [ 5  3  1]   10
  2   19  [   1  4  1 ]        -5.0773         15.1512     [ 5  1  3]    1
  2   20  [   1  1  3 ]        -5.1183         15.1512     [ 5  3  1]    1
  2   21  [   1  1  2 ]        -5.0633         15.1512     [ 5  3  2]   51
  2   22  [   1  1  3 ]        -5.1090         15.1512     [ 5  3  1]   74
  2   23  [   1  1  3 ]        -5.1183         15.1512     [ 5  3  1]   74
  2   24  [   1  1  4 ]        -5.0796         15.1512     [ 5  3  1]   51
  2   25  [   1  3  1 ]        -5.1209         15.1512     [ 5  1  3]   74
  2   26  [   1  3  1 ]        -5.1080         15.1512     [ 5  1  3]   74
  2   27  [   1  1  1 ]        -5.0596         15.1512     [ 5  3  3]  123
  2   28  [   1  4  1 ]        -5.0688         15.1512     [ 5  1  3]   51
  2   29  [   1  1  1 ]        -5.0604         15.1512     [ 5  3  3]    1
  2   30  [   1  1  1 ]        -5.1255         15.1512     [ 5  3  3]  141
  2   31  [   1  4  1 ]        -5.0733         15.1512     [ 5  1  3]   10
  3   32  [   1  1  1 ]        -5.1510         15.6514     [ 5  3  3]  141
  3   33  [   1  1  4 ]        -5.0890         15.6514     [ 5  3  1]   51
  3   34  [   1  4  1 ]        -5.0897         15.6514     [ 5  1  3]    1
  3   35  [   1  1  3 ]        -5.1305         15.6514     [ 5  3  1]   51
  3   36  [   1  1  2 ]        -4.9960         15.6514     [ 5  3  2]   51
  3   37  [   1  1  3 ]        -5.1050         15.6514     [ 5  3  1]   74
  3   38  [   1  1  3 ]        -5.1508         15.6514     [ 5  3  1]  141
  3   39  [   1  1  4 ]        -5.0863         15.6514     [ 5  3  1]   28
  3   40  [   1  1  1 ]        -5.0908         15.6514     [ 5  3  3]   51
  3   41  [   1  3  1 ]        -5.1077         15.6514     [ 5  1  3]   74
  3   42  [   1  3  1 ]        -5.1462         15.6514     [ 5  1  3]   74
  3   43  [   1  4  1 ]        -5.0859         15.6514     [ 5  1  3]   51
  3   44  [   1  1  1 ]        -5.0946         15.6514     [ 5  3  3]   51
  3   45  [   1  1  1 ]        -5.1506         15.6514     [ 5  3  3]  141
  3   46  [   1  4  1 ]        -5.0857         15.6514     [ 5  1  3]   59
  4   47  [   1  1  1 ]        -5.1121         14.7930     [ 5  3  3]  141
  4   48  [   1  1  4 ]        -4.9400         14.7930     [ 5  3  1]    1
  4   49  [   1  4  1 ]        -5.0751         14.7930     [ 5  1  3]   51
  4   50  [   1  1  3 ]        -5.0923         14.7930     [ 5  3  1]    6
  4   51  [   1  3  1 ]        -5.1115         14.7930     [ 5  1  3]   10
  4   52  [   1  1  2 ]        -5.0556         14.7930     [ 5  3  2]   51
  4   53  [   1  2  1 ]        -5.0534         14.7930     [ 5  2  3]   51
  4   54  [   1  1  3 ]        -5.1121         14.7930     [ 5  3  1]  141
  4   55  [   1  1  3 ]        -5.1125         14.7930     [ 5  3  1]  141
  4   56  [   1  1  4 ]        -5.0729         14.7930     [ 5  3  1]   51
  4   57  [   1  1  1 ]        -5.1131         14.7930     [ 5  3  3]  141
  4   58  [   1  3  1 ]        -5.1129         14.7930     [ 5  1  3]   15
  4   59  [   1  3  1 ]        -5.1129         14.7930     [ 5  1  3]   15
  4   60  [   1  4  1 ]        -5.0702         14.7930     [ 5  1  3]   51
  4   61  [   1  1  1 ]        -5.1127         14.7930     [ 5  3  3]  141
  5   62  [   1  1  1 ]        -5.0689         15.0933     [ 4  3  3]   74
  5   63  [   1  1  4 ]        -5.1096         15.0933     [ 4  3  1]   11
  5   64  [   1  1  3 ]        -5.0684         15.0933     [ 4  3  1]   74
  5   65  [   1  4  1 ]        -5.0058         15.0933     [ 4  1  3]    1
  5   66  [   1  1  2 ]        -5.1392         15.0933     [ 4  3  2]    1
  5   67  [   1  1  3 ]        -5.0686         15.0933     [ 4  3  1]   74
  5   68  [   1  1  3 ]        -5.0684         15.0933     [ 4  3  1]    1
  5   69  [   1  1  4 ]        -5.0967         15.0933     [ 4  3  1]   51
  5   70  [   1  1  1 ]        -5.0696         15.0933     [ 4  3  3]   74
  5   71  [   1  3  1 ]        -5.0255         15.0933     [ 4  1  3]   63
  5   72  [   1  2  1 ]        -5.0812         15.0933     [ 4  2  3]    2
  5   73  [   1  3  1 ]        -5.0702         15.0933     [ 4  1  3]    2
  5   74  [   1  3  1 ]        -4.9267         15.0933     [ 4  1  3]   74
  5   75  [   1  4  1 ]        -5.0321         15.0933     [ 4  1  3]    2
  6   76  [   1  1  2 ]        -5.1209         14.9740     [ 4  3  2]   65
  6   77  [   1  1  2 ]        -5.1210         14.9740     [ 4  3  2]   65
  6   78  [   1  1  4 ]        -5.1212         14.9740     [ 4  3  1]   65
  6   79  [   1  1  4 ]        -5.1212         14.9740     [ 4  3  1]   65
  6   80  [   1  1  4 ]        -5.1212         14.9740     [ 4  3  1]   65
  6   81  [   1  1  4 ]        -5.1211         14.9740     [ 4  3  1]   65
  6   82  [   1  1  4 ]        -5.1210         14.9740     [ 4  3  1]    1
  6   83  [   1  1  4 ]        -5.1212         14.9740     [ 4  3  1]   65
  6   84  [   1  1  4 ]        -5.1212         14.9740     [ 4  3  1]   65
  6   85  [   1  1  4 ]        -5.1212         14.9740     [ 4  3  1]   65
  6   86  [   2  1  2 ]        -5.1221         14.9740     [ 2  3  2]    2
  6   87  [   2  1  2 ]        -5.1410         14.9740     [ 2  3  2]   10
  6   88  [   2  1  2 ]        -5.1228         14.9740     [ 2  3  2]   69
  6   89  [   2  1  2 ]        -5.1231         14.9740     [ 2  3  2]   67
  6   90  [   1  2  2 ]        -4.9143         14.9740     [ 4  2  2]    2
  7   91  [   2  1  2 ]        -5.1272         15.6153     [ 2  3  2]   10
  7   92  [   2  1  2 ]        -5.1389         15.6153     [ 2  3  2]   12
  7   93  [   2  1  2 ]        -5.1394         15.6153     [ 2  3  2]   10
  7   94  [   2  1  2 ]        -5.1426         15.6153     [ 2  3  2]   12
  7   95  [   2  1  2 ]        -5.1434         15.6153     [ 2  3  2]    8
  7   96  [   2  1  2 ]        -5.1269         15.6153     [ 2  3  2]   59
  7   97  [   2  1  2 ]        -5.1382         15.6153     [ 2  3  2]    6
  7   98  [   2  1  2 ]        -5.1475         15.6153     [ 2  3  2]    6
  7   99  [   2  1  2 ]        -5.1318         15.6153     [ 2  3  2]    6
  7  100  [   2  1  2 ]        -5.0662         15.6153     [ 2  3  2]   26
  7  101  [   2  1  2 ]        -5.1479         15.6153     [ 2  3  2]   28
  7  102  [   2  1  2 ]        -5.1317         15.6153     [ 2  3  2]    6
  7  103  [   2  1  2 ]        -5.1492         15.6153     [ 2  3  2]    1
  7  104  [   2  1  2 ]        -5.1486         15.6153     [ 2  3  2]   11
  7  105  [   2  1  2 ]        -5.1275         15.6153     [ 2  3  2]   10
  8  106  [   2  1  2 ]        -5.0857         15.5599     [ 2  3  2]   10
  8  107  [   2  1  2 ]        -5.1269         15.5599     [ 2  3  2]    6
  8  108  [   2  1  2 ]        -5.1155         15.5599     [ 2  3  2]    6
  8  109  [   2  1  2 ]        -5.1271         15.5599     [ 2  3  2]    6
  8  110  [   2  1  2 ]        -5.0185         15.5599     [ 2  3  2]    1
  8  111  [   2  1  2 ]        -5.0251         15.5599     [ 2  3  2]    1
  8  112  [   2  1  2 ]        -5.0378         15.5599     [ 2  3  2]    1
  8  113  [   2  1  2 ]        -5.0440         15.5599     [ 2  3  2]    1
  8  114  [   2  1  2 ]        -5.0438         15.5599     [ 2  3  2]    1
  8  115  [   2  1  2 ]        -5.1132         15.5599     [ 2  3  2]    6
  8  116  [   2  1  2 ]        -5.1280         15.5599     [ 2  3  2]   10
  8  117  [   2  1  2 ]        -5.1275         15.5599     [ 2  3  2]    1
  8  118  [   2  1  2 ]        -4.9965         15.5599     [ 2  3  2]    1
  8  119  [   2  1  2 ]        -5.0735         15.5599     [ 2  3  2]    1
  8  120  [   2  1  2 ]        -5.1270         15.5599     [ 2  3  2]    1
  8  121  [   2  1  2 ]        -5.1148         15.5599     [ 2  3  2]   11
  9  122  [   2  1  2 ]        -5.1232         15.8661     [ 2  3  2]   65
  9  123  [   2  1  2 ]        -5.0375         15.8661     [ 2  3  2]   10
  9  124  [   2  1  2 ]        -5.1234         15.8661     [ 2  3  2]   65
  9  125  [   2  1  2 ]        -5.1251         15.8661     [ 2  3  2]   12
  9  126  [   2  1  2 ]        -5.0932         15.8661     [ 2  3  2]    6
  9  127  [   2  1  2 ]        -5.1253         15.8661     [ 2  3  2]   12
  9  128  [   2  1  2 ]        -5.0451         15.8661     [ 2  3  2]   10
  9  129  [   2  1  2 ]        -5.1252         15.8661     [ 2  3  2]   12
  9  130  [   2  1  2 ]        -5.1248         15.8661     [ 2  3  2]   12
  9  131  [   2  1  2 ]        -5.1251         15.8661     [ 2  3  2]    1
  9  132  [   2  1  2 ]        -5.1252         15.8661     [ 2  3  2]   12
  9  133  [   2  1  2 ]        -5.1252         15.8661     [ 2  3  2]    8
  9  134  [   2  1  2 ]        -5.1252         15.8661     [ 2  3  2]    8
  9  135  [   2  1  2 ]        -5.1246         15.8661     [ 2  3  2]    8
  9  136  [   2  1  2 ]        -5.0643         15.8661     [ 2  3  2]   12
 10  137  [   2  1  2 ]        -5.0472         15.8197     [ 2  3  2]   10
 10  138  [   2  1  2 ]        -5.1011         15.8197     [ 2  3  2]   11
 10  139  [   2  1  2 ]        -5.0699         15.8197     [ 2  3  2]   10
 10  140  [   2  1  2 ]        -5.0816         15.8197     [ 2  3  2]    6
 10  141  [   2  1  2 ]        -5.0453         15.8197     [ 2  3  2]    1
 10  142  [   2  1  2 ]        -5.0452         15.8197     [ 2  3  2]    1
 10  143  [   2  1  2 ]        -5.1004         15.8197     [ 2  3  2]   11
 10  144  [   2  1  2 ]        -5.1007         15.8197     [ 2  3  2]   11
 10  145  [   2  1  2 ]        -5.1001         15.8197     [ 2  3  2]   11
 10  146  [   2  1  2 ]        -5.1002         15.8197     [ 2  3  2]   11
 10  147  [   2  1  2 ]        -4.8887         15.8197     [ 2  3  2]    6
 10  148  [   2  1  2 ]        -5.0684         15.8197     [ 2  3  2]    1
 10  149  [   2  1  2 ]        -5.0596         15.8197     [ 2  3  2]   10
 10  150  [   2  1  2 ]        -5.0600         15.8197     [ 2  3  2]    6
 10  151  [   2  1  2 ]        -4.9385         15.8197     [ 2  3  2]    1
 10  152  [   2  1  2 ]        -4.8899         15.8197     [ 2  3  2]    1
 10  153  [   1  1  1 ]        -5.0716         15.8197     [ 4  3  3]   12
 11  154  [   2  1  2 ]        -5.0329         15.9284     [ 2  3  2]   12
 11  155  [   2  1  2 ]        -5.1091         15.9284     [ 2  3  2]    8
 11  156  [   2  1  2 ]        -5.0231         15.9284     [ 2  3  2]    6
 11  157  [   2  1  2 ]        -5.1040         15.9284     [ 2  3  2]   65
 11  158  [   2  1  2 ]        -5.1055         15.9284     [ 2  3  2]   12
 11  159  [   2  1  2 ]        -5.0593         15.9284     [ 2  3  2]    6
 11  160  [   2  1  2 ]        -5.0328         15.9284     [ 2  3  2]   10
 11  161  [   2  1  2 ]        -5.1091         15.9284     [ 2  3  2]   12
 11  162  [   2  1  2 ]        -5.1082         15.9284     [ 2  3  2]    1
 11  163  [   2  1  2 ]        -5.0319         15.9284     [ 2  3  2]   12
 11  164  [   2  1  2 ]        -5.0988         15.9284     [ 2  3  2]    6
 11  165  [   2  1  2 ]        -5.0702         15.9284     [ 2  3  2]   10
 11  166  [   2  1  2 ]        -5.0116         15.9284     [ 2  3  2]    1
 11  167  [   2  1  2 ]        -5.0081         15.9284     [ 2  3  2]    1
 11  168  [   2  1  2 ]        -5.0575         15.9284     [ 2  3  2]    8
 11  169  [   2  1  2 ]        -5.1068         15.9284     [ 2  3  2]   12
 11  170  [   2  1  2 ]        -5.0492         15.9284     [ 2  3  2]    1
 11  171  [   2  1  2 ]        -5.1054         15.9284     [ 2  3  2]   12
 11  172  [   2  1  2 ]        -5.0324         15.9284     [ 2  3  2]    2
 11  173  [   2  1  2 ]        -5.1039         15.9284     [ 2  3  2]   65
 11  174  [   2  1  2 ]        -5.0329         15.9284     [ 2  3  2]   12
 11  175  [   1  1  1 ]        -5.0520         15.9284     [ 4  3  3]   12
 11  176  [   2  1  2 ]        -4.9653         15.9284     [ 2  3  2]    2
 11  177  [   2  1  2 ]        -5.0324         15.9284     [ 2  3  2]   12
 11  178  [   1  1  4 ]        -5.0193         15.9284     [ 4  3  1]    1
 11  179  [   4  1  1 ]        -5.0076         15.9284     [ 1  3  3]    1
 11  180  [   1  1  4 ]        -4.9683         15.9284     [ 4  3  1]    1
 11  181  [   4  1  1 ]        -4.9543         15.9284     [ 1  3  3]    1
 11  182  [   1  1  3 ]        -5.1052         15.9284     [ 4  3  1]    1
 11  183  [   3  1  1 ]        -5.0521         15.9284     [ 2  3  3]   10
 12  184  [   2  1  2 ]        -4.8449         16.0515     [ 2  3  2]    1
 12  185  [   2  1  2 ]        -5.0509         16.0515     [ 2  3  2]    2
 12  186  [   2  1  2 ]        -4.9346         16.0515     [ 2  3  2]    2
 12  187  [   2  1  2 ]        -5.0249         16.0515     [ 2  3  2]    2
 12  188  [   2  1  2 ]        -4.9342         16.0515     [ 2  3  2]    2
 12  189  [   2  1  2 ]        -5.1200         16.0515     [ 2  3  2]    1
 12  190  [   2  1  2 ]        -5.1200         16.0515     [ 2  3  2]    2
 12  191  [   2  1  2 ]        -5.1257         16.0515     [ 2  3  2]    1
 12  192  [   2  1  2 ]        -5.0743         16.0515     [ 2  3  2]    1
 12  193  [   2  1  2 ]        -5.0761         16.0515     [ 2  3  2]   12
 12  194  [   2  1  2 ]        -5.1257         16.0515     [ 2  3  2]   12
 12  195  [   2  1  2 ]        -5.1257         16.0515     [ 2  3  2]   12
 12  196  [   2  1  2 ]        -5.0081         16.0515     [ 2  3  2]    2
 12  197  [   2  1  2 ]        -4.9892         16.0515     [ 2  3  2]    2
 12  198  [   2  1  2 ]        -5.1021         16.0515     [ 2  3  2]    1
 13  199  [   2  1  2 ]        -5.1220         16.1177     [ 2  3  2]    1
 13  200  [   2  1  2 ]        -5.1222         16.1177     [ 2  3  2]    2
 13  201  [   2  1  2 ]        -5.0022         16.1177     [ 2  3  2]    2
 13  202  [   2  1  2 ]        -5.0943         16.1177     [ 2  3  2]    1
 13  203  [   2  1  2 ]        -5.1223         16.1177     [ 2  3  2]   12
 13  204  [   2  1  2 ]        -5.1049         16.1177     [ 2  3  2]   12
 13  205  [   2  1  2 ]        -5.1049         16.1177     [ 2  3  2]   12
 13  206  [   2  1  2 ]        -5.0898         16.1177     [ 2  3  2]    1
 13  207  [   2  1  2 ]        -5.0993         16.1177     [ 2  3  2]    1
 13  208  [   2  1  2 ]        -5.1222         16.1177     [ 2  3  2]    1
 13  209  [   2  1  2 ]        -5.1015         16.1177     [ 2  3  2]    1
 13  210  [   2  1  2 ]        -5.1222         16.1177     [ 2  3  2]    2
 13  211  [   2  1  2 ]        -5.0881         16.1177     [ 2  3  2]   10
 13  212  [   2  1  2 ]        -4.9416         16.1177     [ 2  3  2]    1
 13  213  [   2  1  2 ]        -5.1222         16.1177     [ 2  3  2]    2
 14  214  [   1  1  1 ]        -5.0654         15.8496     [ 5  3  3]    2
 14  215  [   2  1  2 ]        -5.0573         15.8496     [ 3  3  2]    2
 14  216  [   2  1  2 ]        -4.9201         15.8496     [ 3  3  2]    2
 14  217  [   1  1  1 ]        -4.9729         15.8496     [ 5  3  3]    2
 14  218  [   1  1  4 ]        -5.0962         15.8496     [ 5  3  1]    1
 14  219  [   1  1  3 ]        -5.0946         15.8496     [ 5  3  1]    1
 14  220  [   1  1  3 ]        -5.0946         15.8496     [ 5  3  1]    1
 14  221  [   1  1  2 ]        -5.0953         15.8496     [ 5  3  2]    2
 14  222  [   1  1  3 ]        -5.1091         15.8496     [ 5  3  1]   12
 14  223  [   1  1  3 ]        -5.1090         15.8496     [ 5  3  1]   12
 14  224  [   1  1  4 ]        -5.0904         15.8496     [ 5  3  1]    1
 14  225  [   1  1  1 ]        -5.0502         15.8496     [ 5  3  3]    2
 14  226  [   4  1  1 ]        -5.1251         15.8496     [ 2  3  3]    1
 14  227  [   4  1  1 ]        -5.0113         15.8496     [ 2  3  3]    1
 14  228  [   1  1  4 ]        -5.0232         15.8496     [ 5  3  1]    1
 15  229  [   4  1  1 ]        -5.1286         15.4741     [ 2  3  3]    2
 15  230  [   4  1  1 ]        -5.1274         15.4741     [ 2  3  3]    2
 15  231  [   4  1  1 ]        -5.1335         15.4741     [ 2  3  3]    2
 15  232  [   4  1  1 ]        -5.0035         15.4741     [ 2  3  3]    1
 15  233  [   4  1  1 ]        -5.1334         15.4741     [ 2  3  3]    1
 15  234  [   4  1  1 ]        -5.0466         15.4741     [ 2  3  3]    1
 15  235  [   4  1  1 ]        -4.9926         15.4741     [ 2  3  3]    1
 15  236  [   4  1  1 ]        -5.0339         15.4741     [ 2  3  3]    1
 15  237  [   4  1  1 ]        -5.0019         15.4741     [ 2  3  3]    1
 15  238  [   4  1  1 ]        -5.1320         15.4741     [ 2  3  3]    2
 15  239  [   4  1  1 ]        -5.1275         15.4741     [ 2  3  3]    2
 15  240  [   4  1  1 ]        -5.1332         15.4741     [ 2  3  3]    2
 15  241  [   4  1  1 ]        -5.1316         15.4741     [ 2  3  3]    2
 15  242  [   4  1  1 ]        -5.1346         15.4741     [ 2  3  3]    1
 15  243  [   4  1  1 ]        -5.1348         15.4741     [ 2  3  3]    1
 15  244  [   1  1  1 ]        -5.0829         15.4741     [ 5  3  3]    2
 16  245  [   4  1  1 ]        -5.1316         15.7830     [ 2  3  3]    1
 16  246  [   4  1  1 ]        -5.1027         15.7830     [ 2  3  3]    1
 16  247  [   4  1  1 ]        -4.9568         15.7830     [ 2  3  3]    1
 16  248  [   4  1  1 ]        -4.9988         15.7830     [ 2  3  3]    1
 16  249  [   4  1  1 ]        -5.1025         15.7830     [ 2  3  3]    1
 16  250  [   4  1  1 ]        -5.1013         15.7830     [ 2  3  3]    2
 16  251  [   4  1  1 ]        -5.0029         15.7830     [ 2  3  3]    1
 16  252  [   4  1  1 ]        -4.9792         15.7830     [ 2  3  3]    1
 16  253  [   4  1  1 ]        -5.0998         15.7830     [ 2  3  3]    2
 16  254  [   4  1  1 ]        -5.1018         15.7830     [ 2  3  3]    2
 16  255  [   4  1  1 ]        -4.9933         15.7830     [ 2  3  3]    1
 16  256  [   4  1  1 ]        -5.0104         15.7830     [ 2  3  3]    2
 16  257  [   4  1  1 ]        -5.1315         15.7830     [ 2  3  3]    1
 16  258  [   4  1  1 ]        -5.1239         15.7830     [ 2  3  3]    2
 16  259  [   4  1  1 ]        -5.1185         15.7830     [ 2  3  3]    1
 16  260  [   1  1  1 ]        -4.9071         15.7830     [ 5  3  3]   11
 16  261  [   1  1  1 ]        -5.0001         15.7830     [ 5  3  3]   12
 16  262  [   1  4  1 ]        -5.0583         15.7830     [ 5  1  3]    1
 16  263  [   1  4  1 ]        -5.0276         15.7830     [ 5  1  3]    2
 16  264  [   1  3  1 ]        -5.0223         15.7830     [ 5  1  3]    1
 16  265  [   1  3  1 ]        -5.0521         15.7830     [ 5  1  3]    2
 16  266  [   1  3  1 ]        -5.0509         15.7830     [ 5  1  3]    2
 16  267  [   1  2  2 ]        -5.0467         15.7830     [ 5  2  2]    2
 16  268  [   1  2  2 ]        -4.9977         15.7830     [ 5  2  2]    2
 16  269  [   4  1  1 ]        -5.0354         15.7830     [ 2  3  3]    2
 16  270  [   4  1  1 ]        -5.0393         15.7830     [ 2  3  3]    2
 16  271  [   1  2  2 ]        -5.0465         15.7830     [ 5  2  2]    2
 16  272  [   1  2  2 ]        -4.9953         15.7830     [ 5  2  2]    2
 16  273  [   1  2  2 ]        -4.9634         15.7830     [ 5  2  2]    2
 16  274  [   1  2  2 ]        -4.9985         15.7830     [ 5  2  2]    2
 16  275  [   1  2  1 ]        -5.0597         15.7830     [ 5  2  3]    2
 17  276  [   2  1  1 ]        -5.0342         16.4726     [ 3  3  3]    2
 17  277  [   2  1  1 ]        -4.9463         16.4726     [ 3  3  3]    2
 17  278  [   4  1  1 ]        -4.9854         16.4726     [ 2  3  3]    1
 17  279  [   2  1  2 ]        -5.0106         16.4726     [ 2  3  2]    2
 17  280  [   2  1  1 ]        -5.0245         16.4726     [ 3  3  3]    2
 17  281  [   2  1  1 ]        -4.9555         16.4726     [ 3  3  3]    2
 17  282  [   2  2  1 ]        -5.0357         16.4726     [ 3  2  3]    1
 17  283  [   2  1  2 ]        -4.9426         16.4726     [ 2  3  2]    1
 17  284  [   2  1  2 ]        -5.0641         16.4726     [ 2  3  2]    2
 17  285  [   4  1  1 ]        -4.9416         16.4726     [ 2  3  3]    1
 17  286  [   2  1  1 ]        -4.9816         16.4726     [ 3  3  3]    2
 17  287  [   2  1  2 ]        -4.8991         16.4726     [ 2  3  2]    2
 17  288  [   2  1  1 ]        -5.1327         16.4726     [ 3  3  3]   12
 17  289  [   2  1  1 ]        -5.0242         16.4726     [ 3  3  3]   12
 17  290  [   4  1  1 ]        -5.0132         16.4726     [ 2  3  3]    1
 18  291  [   2  1  1 ]        -5.1085         17.1153     [ 2  3  3]    2
 18  292  [   2  1  2 ]        -4.9898         17.1153     [ 2  3  2]    2
 18  293  [   4  1  1 ]        -4.9842         17.1153     [ 2  3  3]    1
 18  294  [   2  1  1 ]        -4.9644         17.1153     [ 2  3  3]    2
 18  295  [   2  2  1 ]        -4.9847         17.1153     [ 2  2  3]    1
 18  296  [   2  1  1 ]        -4.9859         17.1153     [ 2  3  3]    2
 18  297  [   2  1  2 ]        -5.0308         17.1153     [ 2  3  2]    2
 18  298  [   2  1  2 ]        -4.9165         17.1153     [ 2  3  2]    2
 18  299  [   4  1  1 ]        -4.9737         17.1153     [ 2  3  3]    1
 18  300  [   4  1  1 ]        -4.9829         17.1153     [ 2  3  3]    2
 18  301  [   2  1  1 ]        -5.1087         17.1153     [ 2  3  3]    2
 18  302  [   2  1  1 ]        -5.1088         17.1153     [ 2  3  3]    2
 18  303  [   2  1  1 ]        -5.1081         17.1153     [ 2  3  3]    2
 18  304  [   2  1  1 ]        -5.1086         17.1153     [ 2  3  3]    2
 18  305  [   2  1  2 ]        -5.0642         17.1153     [ 2  3  2]   12
 19  306  [   2  1  1 ]        -5.1073         18.1283     [ 2  3  3]    2
 19  307  [   2  1  2 ]        -4.9734         18.1283     [ 2  3  2]   12
 19  308  [   4  1  1 ]        -4.9369         18.1283     [ 2  3  3]    2
 19  309  [   2  2  1 ]        -5.0151         18.1283     [ 2  2  3]    1
 19  310  [   2  1  2 ]        -5.0280         18.1283     [ 2  3  2]    2
 19  311  [   4  1  1 ]        -4.9096         18.1283     [ 2  3  3]    2
 19  312  [   2  1  2 ]        -4.9782         18.1283     [ 2  3  2]    2
 19  313  [   2  1  1 ]        -4.9941         18.1283     [ 2  3  3]    2
 19  314  [   2  1  1 ]        -5.0115         18.1283     [ 2  3  3]    2
 19  315  [   2  1  1 ]        -5.1061         18.1283     [ 2  3  3]    2
 19  316  [   2  1  1 ]        -4.8631         18.1283     [ 2  3  3]    2
 19  317  [   2  1  2 ]        -5.0707         18.1283     [ 2  3  2]    2
 19  318  [   2  1  2 ]        -4.9516         18.1283     [ 2  3  2]    2
 19  319  [   4  1  1 ]        -4.9158         18.1283     [ 2  3  3]    2
 19  320  [   4  1  1 ]        -4.9345         18.1283     [ 2  3  3]    1
 20  321  [   2  1  1 ]        -5.0887         18.7342     [ 2  3  3]    2
 20  322  [   2  1  2 ]        -5.0482         18.7342     [ 2  3  2]   12
 20  323  [   4  1  1 ]        -5.0121         18.7342     [ 2  3  3]    2
 20  324  [   4  1  1 ]        -4.9249         18.7342     [ 2  3  3]    1
 20  325  [   2  2  1 ]        -5.0021         18.7342     [ 2  2  3]    1
 20  326  [   2  1  1 ]        -5.0107         18.7342     [ 2  3  3]    2
 20  327  [   2  1  1 ]        -5.0881         18.7342     [ 2  3  3]    2
 20  328  [   2  1  1 ]        -4.9560         18.7342     [ 2  3  3]    2
 20  329  [   2  1  1 ]        -4.9528         18.7342     [ 2  3  3]    2
 20  330  [   2  2  1 ]        -4.9993         18.7342     [ 2  2  3]    1
 20  331  [   4  1  1 ]        -4.9693         18.7342     [ 2  3  3]    1
 20  332  [   2  1  2 ]        -4.7730         18.7342     [ 2  3  2]    2
 20  333  [   2  1  2 ]        -4.9145         18.7342     [ 2  3  2]    2
 20  334  [   2  1  1 ]        -4.9651         18.7342     [ 2  3  3]    2
 20  335  [   2  1  1 ]        -5.0895         18.7342     [ 2  3  3]    2
 20  336  [   1  1  1 ]        -4.8560         18.7342     [ 4  3  3]    2
 20  337  [   2  1  2 ]        -4.8587         18.7342     [ 2  3  2]    2
 21  338  [   2  1  1 ]        -5.0545         18.5550     [ 2  3  3]    2
 21  339  [   2  1  1 ]        -4.9657         18.5550     [ 2  3  3]    2
 21  340  [   2  1  1 ]        -4.9579         18.5550     [ 2  3  3]    2
 21  341  [   4  1  1 ]        -4.9044         18.5550     [ 2  3  3]    1
 21  342  [   2  1  1 ]        -4.7750         18.5550     [ 2  3  3]    2
 21  343  [   2  1  2 ]        -4.9803         18.5550     [ 2  3  2]    2
 21  344  [   2  2  1 ]        -5.0289         18.5550     [ 2  2  3]    1
 21  345  [   2  1  2 ]        -4.9449         18.5550     [ 2  3  2]    2
 21  346  [   2  1  2 ]        -4.9528         18.5550     [ 2  3  2]    2
 21  347  [   4  1  1 ]        -4.9090         18.5550     [ 2  3  3]    1
 21  348  [   2  1  1 ]        -4.9721         18.5550     [ 2  3  3]    2
 21  349  [   2  1  1 ]        -5.0601         18.5550     [ 2  3  3]    2
 21  350  [   2  1  1 ]        -4.9238         18.5550     [ 2  3  3]    2
 21  351  [   2  1  2 ]        -5.0044         18.5550     [ 2  3  2]    2
 21  352  [   4  1  1 ]        -4.8960         18.5550     [ 2  3  3]    1
 21  353  [   1  4  1 ]        -4.9545         18.5550     [ 4  1  3]    1
 21  354  [   1  3  1 ]        -4.9031         18.5550     [ 4  1  3]    2
 21  355  [   1  2  1 ]        -4.9252         18.5550     [ 4  2  3]    2
 21  356  [   1  2  1 ]        -4.8852         18.5550     [ 4  2  3]    1
 21  357  [   1  3  1 ]        -4.7655         18.5550     [ 4  1  3]    1
 21  358  [   1  3  1 ]        -4.8469         18.5550     [ 4  1  3]    2
 21  359  [   1  4  1 ]        -4.9648         18.5550     [ 4  1  3]    1
 21  360  [   1  1  1 ]        -4.9945         18.5550     [ 4  3  3]    2
 21  361  [   1  1  4 ]        -4.9926         18.5550     [ 4  3  1]    1
 21  362  [   1  1  4 ]        -4.9517         18.5550     [ 4  3  1]    1
 21  363  [   1  1  3 ]        -4.7752         18.5550     [ 4  3  1]    1
 21  364  [   1  1  3 ]        -4.9177         18.5550     [ 4  3  1]    1
 21  365  [   1  1  3 ]        -5.1108         18.5550     [ 4  3  1]    2
 21  366  [   1  1  2 ]        -4.9031         18.5550     [ 4  3  2]    2
 21  367  [   1  1  2 ]        -5.0916         18.5550     [ 4  3  2]    1
 21  368  [   1  1  1 ]        -4.8133         18.5550     [ 4  3  3]    2
 21  369  [   1  1  1 ]        -4.8296         18.5550     [ 4  3  3]    2
 21  370  [   1  1  1 ]        -4.8109         18.5550     [ 4  3  3]    2
 22  371  [   1  1  1 ]        -5.0570         18.5579     [ 4  3  3]    2
 22  372  [   1  1  1 ]        -4.8082         18.5579     [ 4  3  3]    2
 22  373  [   1  1  1 ]        -4.8069         18.5579     [ 4  3  3]    2
 22  374  [   4  1  1 ]        -4.9673         18.5579     [ 2  3  3]    1
 22  375  [   1  1  4 ]        -4.9391         18.5579     [ 4  3  1]    1
 22  376  [   2  1  2 ]        -5.0471         18.5579     [ 2  3  2]    1
 22  377  [   2  1  2 ]        -4.8942         18.5579     [ 2  3  2]    1
 22  378  [   3  1  1 ]        -4.9644         18.5579     [ 2  3  3]    1
 22  379  [   3  1  1 ]        -4.9288         18.5579     [ 2  3  3]    1
 22  380  [   1  1  3 ]        -5.0430         18.5579     [ 4  3  1]    1
 22  381  [   1  1  3 ]        -5.0445         18.5579     [ 4  3  1]    1
 22  382  [   2  1  1 ]        -4.8796         18.5579     [ 2  3  3]    1
 22  383  [   2  1  1 ]        -4.7501         18.5579     [ 2  3  3]    1
 22  384  [   1  1  2 ]        -4.9175         18.5579     [ 4  3  2]    1
 22  385  [   1  1  2 ]        -5.0494         18.5579     [ 4  3  2]    1
 23  386  [   1  1  1 ]        -5.0804         18.4071     [ 4  3  2]    2
 23  387  [   1  1  4 ]        -5.0021         18.4071     [ 4  3  1]    1
 23  388  [   4  1  1 ]        -4.9729         18.4071     [ 2  3  2]    1
 23  389  [   1  1  3 ]        -4.9310         18.4071     [ 4  3  1]    1
 23  390  [   3  1  1 ]        -4.9675         18.4071     [ 2  3  2]    1
 23  391  [   1  4  1 ]        -4.9101         18.4071     [ 4  1  2]    1
 23  392  [   2  1  2 ]        -4.9351         18.4071     [ 2  3  1]    2
 23  393  [   2  1  2 ]        -5.1199         18.4071     [ 2  3  1]    2
 23  394  [   1  3  1 ]        -5.0203         18.4071     [ 4  1  2]    1
 23  395  [   1  1  2 ]        -4.8650         18.4071     [ 4  3  1]    1
 23  396  [   2  1  1 ]        -4.9511         18.4071     [ 3  3  2]    2
 23  397  [   2  1  2 ]        -4.9971         18.4071     [ 2  3  1]    2
 23  398  [   2  1  2 ]        -5.0283         18.4071     [ 2  3  1]    1
 23  399  [   1  2  2 ]        -4.9312         18.4071     [ 4  2  1]    2
 23  400  [   1  2  2 ]        -5.1217         18.4071     [ 4  2  1]    2
 24  401  [   1  1  1 ]        -5.0759         18.5369     [ 4  3  2]    2
 24  402  [   1  1  1 ]        -4.8976         18.5369     [ 4  3  2]    2
 24  403  [   1  1  1 ]        -4.8995         18.5369     [ 4  3  2]    1
 24  404  [   4  1  1 ]        -4.9667         18.5369     [ 2  3  2]    1
 24  405  [   1  1  4 ]        -5.1029         18.5369     [ 4  3  1]    1
 24  406  [   2  1  2 ]        -5.1616         18.5369     [ 2  3  1]    1
 24  407  [   2  1  2 ]        -5.0241         18.5369     [ 2  3  1]    1
 24  408  [   3  1  1 ]        -4.9728         18.5369     [ 2  3  2]    1
 24  409  [   3  1  1 ]        -4.9532         18.5369     [ 2  3  2]    1
 24  410  [   1  1  3 ]        -5.0031         18.5369     [ 4  3  1]    1
 24  411  [   1  1  3 ]        -5.0772         18.5369     [ 4  3  1]    1
 24  412  [   1  4  1 ]        -4.8605         18.5369     [ 4  1  2]    1
 24  413  [   2  1  1 ]        -5.1005         18.5369     [ 2  3  2]    1
 24  414  [   2  1  1 ]        -5.0335         18.5369     [ 2  3  2]    2
 24  415  [   1  1  2 ]        -4.9823         18.5369     [ 4  3  1]    1
 25  416  [   2  1  2 ]        -5.1719         19.3941     [ 2  3  1]    2
 25  417  [   2  1  2 ]        -5.0691         19.3941     [ 2  3  1]    1
 25  418  [   2  1  2 ]        -4.9456         19.3941     [ 2  3  1]    1
 25  419  [   2  1  2 ]        -5.0657         19.3941     [ 2  3  1]    1
 25  420  [   2  1  2 ]        -5.0514         19.3941     [ 2  3  1]    1
 25  421  [   2  1  2 ]        -5.1719         19.3941     [ 2  3  1]    2
 25  422  [   2  1  2 ]        -5.1719         19.3941     [ 2  3  1]    2
 25  423  [   2  1  2 ]        -4.9891         19.3941     [ 2  3  1]    1
 25  424  [   2  1  2 ]        -5.0877         19.3941     [ 2  3  1]    1
 25  425  [   2  1  2 ]        -5.0159         19.3941     [ 2  3  1]    1
 25  426  [   2  1  2 ]        -4.9448         19.3941     [ 2  3  1]    2
 25  427  [   2  1  2 ]        -4.9923         19.3941     [ 2  3  1]    1
 25  428  [   2  1  2 ]        -4.9302         19.3941     [ 2  3  1]    2
 25  429  [   2  1  2 ]        -5.0774         19.3941     [ 2  3  1]    2
 25  430  [   2  1  2 ]        -5.1384         19.3941     [ 2  3  1]    1
 25  431  [   1  1  1 ]        -4.7328         19.3941     [ 4  3  2]    2
 26  432  [   2  1  2 ]        -5.2042         19.8290     [ 2  3  1]    2
 26  433  [   2  1  2 ]        -5.0133         19.8290     [ 2  3  1]    1
 26  434  [   2  1  2 ]        -5.2042         19.8290     [ 2  3  1]    2
 26  435  [   2  1  2 ]        -5.2042         19.8290     [ 2  3  1]    2
 26  436  [   2  1  2 ]        -5.1273         19.8290     [ 2  3  1]    2
 26  437  [   2  1  2 ]        -5.0086         19.8290     [ 2  3  1]    1
 26  438  [   2  1  2 ]        -4.8540         19.8290     [ 2  3  1]    1
 26  439  [   2  1  2 ]        -4.8998         19.8290     [ 2  3  1]    2
 26  440  [   2  1  2 ]        -5.0529         19.8290     [ 2  3  1]    1
 26  441  [   2  1  2 ]        -4.9226         19.8290     [ 2  3  1]    2
 26  442  [   2  1  2 ]        -5.0781         19.8290     [ 2  3  1]    2
 26  443  [   2  1  2 ]        -5.0138         19.8290     [ 2  3  1]    1
 26  444  [   2  1  2 ]        -4.9365         19.8290     [ 2  3  1]    1
 26  445  [   2  1  2 ]        -4.9237         19.8290     [ 2  3  1]    2
 26  446  [   2  1  2 ]        -4.7900         19.8290     [ 2  3  1]    2
 26  447  [   2  1  2 ]        -4.9276         19.8290     [ 2  3  1]    1
 26  448  [   1  1  4 ]        -4.8541         19.8290     [ 4  3  1]    2
 26  449  [   1  1  4 ]        -4.9303         19.8290     [ 4  3  1]    2
 26  450  [   1  1  3 ]        -4.8137         19.8290     [ 4  3  1]    2
 26  451  [   1  1  3 ]        -5.0006         19.8290     [ 4  3  1]    2
 26  452  [   2  1  2 ]        -4.9585         19.8290     [ 2  3  1]    2
 26  453  [   1  2  2 ]        -5.0270         19.8290     [ 4  2  1]    2
 26  454  [   1  2  2 ]        -4.9031         19.8290     [ 4  2  1]    2
 26  455  [   1  2  2 ]        -4.8248         19.8290     [ 4  2  1]    1
 26  456  [   1  2  2 ]        -4.7505         19.8290     [ 4  2  1]    1
 26  457  [   2  1  2 ]        -5.3117         19.8290     [ 2  3  1]    2
 26  458  [   2  1  2 ]        -5.3084         19.8290     [ 2  3  1]    1
 26  459  [   2  1  2 ]        -4.9379         19.8290     [ 2  3  1]    2
 26  460  [   1  2  2 ]        -5.0436         19.8290     [ 4  2  1]    2
 26  461  [   2  1  2 ]        -5.3082         19.8290     [ 2  3  1]    1
 26  462  [   2  1  2 ]        -4.9549         19.8290     [ 2  3  1]    2
 27  463  [   2  1  2 ]        -5.3450         20.6584     [ 2  3  1]    2
 27  464  [   2  1  2 ]        -5.3448         20.6584     [ 2  3  1]    1
 27  465  [   2  1  2 ]        -5.3448         20.6584     [ 2  3  1]   70
 27  466  [   2  1  2 ]        -5.0512         20.6584     [ 2  3  1]    2
 27  467  [   2  1  2 ]        -5.1413         20.6584     [ 2  3  1]    1
 27  468  [   2  1  2 ]        -5.1813         20.6584     [ 2  3  1]    2
 27  469  [   2  1  2 ]        -5.3449         20.6584     [ 2  3  1]    2
 27  470  [   2  1  2 ]        -5.3450         20.6584     [ 2  3  1]   70
 27  471  [   2  1  2 ]        -5.0107         20.6584     [ 2  3  1]    2
 27  472  [   2  1  2 ]        -5.3449         20.6584     [ 2  3  1]   70
 27  473  [   2  1  2 ]        -5.3450         20.6584     [ 2  3  1]    2
 27  474  [   2  1  2 ]        -5.3449         20.6584     [ 2  3  1]   70
 27  475  [   2  1  2 ]        -5.0429         20.6584     [ 2  3  1]    2
 27  476  [   2  1  2 ]        -5.0268         20.6584     [ 2  3  1]    1
 27  477  [   2  1  2 ]        -4.8589         20.6584     [ 2  3  1]    1
 27  478  [   2  1  2 ]        -4.8469         20.6584     [ 2  3  1]    2
 28  479  [   2  1  2 ]        -5.3191         21.1701     [ 2  3  1]   12
 28  480  [   2  1  2 ]        -5.3188         21.1701     [ 2  3  1]   12
 28  481  [   2  1  2 ]        -4.9614         21.1701     [ 2  3  1]    2
 28  482  [   2  1  2 ]        -4.9593         21.1701     [ 2  3  1]    1
 28  483  [   2  1  2 ]        -5.0292         21.1701     [ 2  3  1]    1
 28  484  [   2  1  2 ]        -4.8520         21.1701     [ 2  3  1]    2
 28  485  [   2  1  2 ]        -5.3191         21.1701     [ 2  3  1]    2
 28  486  [   2  1  2 ]        -5.3189         21.1701     [ 2  3  1]   12
 28  487  [   2  1  2 ]        -5.3189         21.1701     [ 2  3  1]   12
 28  488  [   2  1  2 ]        -4.8921         21.1701     [ 2  3  1]    2
 28  489  [   2  1  2 ]        -5.3191         21.1701     [ 2  3  1]    2
 28  490  [   2  1  2 ]        -4.8941         21.1701     [ 2  3  1]    2
 28  491  [   2  1  2 ]        -4.8746         21.1701     [ 2  3  1]    2
 28  492  [   2  1  2 ]        -4.7959         21.1701     [ 2  3  1]   12
 28  493  [   2  1  2 ]        -4.8096         21.1701     [ 2  3  1]    2
 29  494  [   2  1  2 ]        -5.3063         20.6161     [ 2  3  1]    2
 29  495  [   2  1  2 ]        -5.0803         20.6161     [ 2  3  1]    2
 29  496  [   2  1  2 ]        -5.0094         20.6161     [ 2  3  1]    1
 29  497  [   2  1  2 ]        -5.0053         20.6161     [ 2  3  1]    2
 29  498  [   2  1  2 ]        -4.9271         20.6161     [ 2  3  1]    2
 29  499  [   2  1  2 ]        -5.3063         20.6161     [ 2  3  1]    2
 29  500  [   2  1  2 ]        -4.9450         20.6161     [ 2  3  1]    2
 29  501  [   2  1  2 ]        -5.3062         20.6161     [ 2  3  1]    2
 29  502  [   2  1  2 ]        -4.8858         20.6161     [ 2  3  1]    1
 29  503  [   2  1  2 ]        -5.3063         20.6161     [ 2  3  1]   12
 29  504  [   2  1  2 ]        -5.0225         20.6161     [ 2  3  1]    2
 29  505  [   2  1  2 ]        -4.8288         20.6161     [ 2  3  1]    2
 29  506  [   2  1  2 ]        -4.8261         20.6161     [ 2  3  1]    1
 29  507  [   2  1  2 ]        -5.0179         20.6161     [ 2  3  1]    1
 29  508  [   2  1  2 ]        -5.0210         20.6161     [ 2  3  1]    1
 30  509  [   2  1  2 ]        -5.2980         20.7422     [ 2  3  1]    2
 30  510  [   2  1  2 ]        -4.9517         20.7422     [ 2  3  1]    2
 30  511  [   2  1  2 ]        -4.9534         20.7422     [ 2  3  1]    1
 30  512  [   2  1  2 ]        -4.9726         20.7422     [ 2  3  1]    2
 30  513  [   2  1  2 ]        -5.0238         20.7422     [ 2  3  1]    2
 30  514  [   2  1  2 ]        -5.2978         20.7422     [ 2  3  1]    2
 30  515  [   2  1  2 ]        -5.2978         20.7422     [ 2  3  1]    2
 30  516  [   2  1  2 ]        -5.2980         20.7422     [ 2  3  1]    2
 30  517  [   2  1  2 ]        -4.9675         20.7422     [ 2  3  1]    2
 30  518  [   2  1  2 ]        -5.0152         20.7422     [ 2  3  1]    2
 30  519  [   2  1  2 ]        -5.2980         20.7422     [ 2  3  1]    2
 30  520  [   2  1  2 ]        -5.2980         20.7422     [ 2  3  1]    2
 30  521  [   2  1  2 ]        -4.8535         20.7422     [ 2  3  1]    2
 30  522  [   2  1  2 ]        -4.9046         20.7422     [ 2  3  1]    1
 30  523  [   2  1  2 ]        -4.8454         20.7422     [ 2  3  1]    1
 30  524  [   1  1  1 ]        -4.9765         20.7422     [ 4  3  2]    2
 31  525  [   2  1  2 ]        -5.2951         20.7519     [ 2  3  1]    2
 31  526  [   2  1  2 ]        -4.9391         20.7519     [ 2  3  1]    2
 31  527  [   2  1  2 ]        -5.1676         20.7519     [ 2  3  1]    1
 31  528  [   2  1  2 ]        -5.0277         20.7519     [ 2  3  1]    2
 31  529  [   2  1  2 ]        -4.8692         20.7519     [ 2  3  1]    1
 31  530  [   2  1  2 ]        -5.2948         20.7519     [ 2  3  1]    2
 31  531  [   2  1  2 ]        -5.2950         20.7519     [ 2  3  1]    2
 31  532  [   2  1  2 ]        -5.2951         20.7519     [ 2  3  1]    2
 31  533  [   2  1  2 ]        -4.8717         20.7519     [ 2  3  1]    2
 31  534  [   2  1  2 ]        -4.9441         20.7519     [ 2  3  1]    2
 31  535  [   2  1  2 ]        -5.2951         20.7519     [ 2  3  1]    2
 31  536  [   2  1  2 ]        -5.2951         20.7519     [ 2  3  1]    2
 31  537  [   2  1  2 ]        -5.1679         20.7519     [ 2  3  1]    2
 31  538  [   2  1  2 ]        -4.9588         20.7519     [ 2  3  1]    1
 31  539  [   2  1  2 ]        -5.0302         20.7519     [ 2  3  1]    2
 31  540  [   2  2  1 ]        -4.7797         20.7519     [ 2  2  2]    1
 31  541  [   2  2  1 ]        -5.1084         20.7519     [ 2  2  2]    1
 31  542  [   2  2  1 ]        -5.1119         20.7519     [ 2  2  2]    1
 31  543  [   2  2  1 ]        -4.8430         20.7519     [ 2  2  2]    1
 31  544  [   1  1  4 ]        -4.9089         20.7519     [ 4  3  1]    1
 31  545  [   1  1  3 ]        -4.9036         20.7519     [ 4  3  1]    1
 31  546  [   2  2  1 ]        -4.9968         20.7519     [ 2  2  2]    1
 31  547  [   2  2  1 ]        -4.9953         20.7519     [ 2  2  2]    1
 31  548  [   1  1  2 ]        -4.9442         20.7519     [ 4  3  1]    1
 31  549  [   1  1  2 ]        -4.9855         20.7519     [ 4  3  1]    1
 31  550  [   4  1  1 ]        -4.8564         20.7519     [ 2  3  2]    1
 31  551  [   1  4  1 ]        -5.0644         20.7519     [ 4  1  2]    1
 31  552  [   1  4  1 ]        -4.9734         20.7519     [ 4  1  2]    1
 31  553  [   2  2  1 ]        -4.9953         20.7519     [ 2  2  2]    1
 31  554  [   2  2  1 ]        -4.9972         20.7519     [ 2  2  2]    1
 32  555  [   2  1  2 ]        -5.3035         20.6082     [ 2  3  1]    2
 32  556  [   2  1  2 ]        -5.0477         20.6082     [ 2  3  1]    1
 32  557  [   2  1  2 ]        -5.1602         20.6082     [ 2  3  1]    1
 32  558  [   2  1  2 ]        -5.0247         20.6082     [ 2  3  1]    2
 32  559  [   2  1  2 ]        -4.9591         20.6082     [ 2  3  1]    1
 32  560  [   2  1  2 ]        -5.3033         20.6082     [ 2  3  1]    2
 32  561  [   2  1  2 ]        -5.3034         20.6082     [ 2  3  1]    2
 32  562  [   2  1  2 ]        -4.8807         20.6082     [ 2  3  1]    1
 32  563  [   2  1  2 ]        -5.0151         20.6082     [ 2  3  1]    2
 32  564  [   2  1  2 ]        -5.0301         20.6082     [ 2  3  1]    2
 32  565  [   2  1  2 ]        -5.3035         20.6082     [ 2  3  1]    2
 32  566  [   2  1  2 ]        -5.3035         20.6082     [ 2  3  1]    2
 32  567  [   2  1  2 ]        -5.3030         20.6082     [ 2  3  1]    1
 32  568  [   2  1  2 ]        -5.1699         20.6082     [ 2  3  1]    2
 32  569  [   2  1  2 ]        -5.1063         20.6082     [ 2  3  1]    2
 33  570  [   2  1  2 ]        -5.3140         20.3428     [ 2  3  1]    2
 33  571  [   2  1  2 ]        -4.9923         20.3428     [ 2  3  1]    1
 33  572  [   2  1  2 ]        -5.0299         20.3428     [ 2  3  1]    2
 33  573  [   2  1  2 ]        -5.1548         20.3428     [ 2  3  1]    1
 33  574  [   2  1  2 ]        -4.9305         20.3428     [ 2  3  1]    1
 33  575  [   2  1  2 ]        -5.3135         20.3428     [ 2  3  1]    1
 33  576  [   2  1  2 ]        -5.3139         20.3428     [ 2  3  1]    2
 33  577  [   2  1  2 ]        -4.9814         20.3428     [ 2  3  1]    1
 33  578  [   2  1  2 ]        -4.8113         20.3428     [ 2  3  1]    2
 33  579  [   2  1  2 ]        -5.3140         20.3428     [ 2  3  1]    2
 33  580  [   2  1  2 ]        -5.0577         20.3428     [ 2  3  1]    2
 33  581  [   2  1  2 ]        -5.3138         20.3428     [ 2  3  1]    2
 33  582  [   2  1  2 ]        -5.3139         20.3428     [ 2  3  1]    2
 33  583  [   2  1  2 ]        -5.0280         20.3428     [ 2  3  1]    1
 33  584  [   2  1  2 ]        -5.0823         20.3428     [ 2  3  1]    2
 34  585  [   2  1  2 ]        -4.9087         19.9927     [ 2  3  1]    1
 34  586  [   2  1  2 ]        -5.0573         19.9927     [ 2  3  1]    2
 34  587  [   2  1  2 ]        -5.3247         19.9927     [ 2  3  1]    2
 34  588  [   2  1  2 ]        -4.9348         19.9927     [ 2  3  1]    1
 34  589  [   2  1  2 ]        -5.3246         19.9927     [ 2  3  1]    2
 34  590  [   2  1  2 ]        -5.3245         19.9927     [ 2  3  1]    2
 34  591  [   2  1  2 ]        -4.9471         19.9927     [ 2  3  1]    1
 34  592  [   2  1  2 ]        -5.3248         19.9927     [ 2  3  1]    2
 34  593  [   2  1  2 ]        -4.9161         19.9927     [ 2  3  1]    2
 34  594  [   2  1  2 ]        -4.8181         19.9927     [ 2  3  1]    2
 34  595  [   2  1  2 ]        -4.9674         19.9927     [ 2  3  1]    1
 34  596  [   2  1  2 ]        -4.8883         19.9927     [ 2  3  1]    1
 34  597  [   2  1  2 ]        -4.9720         19.9927     [ 2  3  1]    1
 34  598  [   2  1  2 ]        -5.1364         19.9927     [ 2  3  1]    2
 34  599  [   2  1  2 ]        -5.3248         19.9927     [ 2  3  1]    2
 35  600  [   2  1  2 ]        -5.3392         19.8739     [ 2  3  1]    2
 35  601  [   2  1  2 ]        -4.9158         19.8739     [ 2  3  1]    1
 35  602  [   2  1  2 ]        -5.0788         19.8739     [ 2  3  1]    2
 35  603  [   2  1  2 ]        -5.1141         19.8739     [ 2  3  1]    1
 35  604  [   2  1  2 ]        -5.0277         19.8739     [ 2  3  1]    2
 35  605  [   2  1  2 ]        -5.3392         19.8739     [ 2  3  1]   12
 35  606  [   2  1  2 ]        -5.3390         19.8739     [ 2  3  1]    2
 35  607  [   2  1  2 ]        -4.9224         19.8739     [ 2  3  1]    1
 35  608  [   2  1  2 ]        -5.3390         19.8739     [ 2  3  1]    2
 35  609  [   2  1  2 ]        -4.9349         19.8739     [ 2  3  1]    2
 35  610  [   2  1  2 ]        -4.9347         19.8739     [ 2  3  1]    2
 35  611  [   2  1  2 ]        -5.2219         19.8739     [ 2  3  1]    1
 35  612  [   2  1  2 ]        -5.0212         19.8739     [ 2  3  1]    2
 35  613  [   2  1  2 ]        -5.0965         19.8739     [ 2  3  1]    1
 35  614  [   2  1  2 ]        -4.8941         19.8739     [ 2  3  1]    1
 35  615  [   1  1  1 ]        -4.9484         19.8739     [ 4  3  2]    2
 36  616  [   2  1  2 ]        -4.9549         19.8445     [ 2  3  1]    1
 36  617  [   2  1  2 ]        -5.0525         19.8445     [ 2  3  1]    2
 36  618  [   2  1  2 ]        -5.0345         19.8445     [ 2  3  1]    2
 36  619  [   2  1  2 ]        -5.0257         19.8445     [ 2  3  1]    2
 36  620  [   2  1  2 ]        -5.0106         19.8445     [ 2  3  1]    1
 36  621  [   2  1  2 ]        -5.3448         19.8445     [ 2  3  1]    2
 36  622  [   2  1  2 ]        -5.3450         19.8445     [ 2  3  1]   12
 36  623  [   2  1  2 ]        -4.8912         19.8445     [ 2  3  1]    1
 36  624  [   2  1  2 ]        -5.3450         19.8445     [ 2  3  1]   12
 36  625  [   2  1  2 ]        -4.9284         19.8445     [ 2  3  1]  166
 36  626  [   2  1  2 ]        -4.9179         19.8445     [ 2  3  1]   12
 36  627  [   2  1  2 ]        -5.1443         19.8445     [ 2  3  1]    1
 36  628  [   2  1  2 ]        -5.1034         19.8445     [ 2  3  1]    2
 36  629  [   2  1  2 ]        -4.9658         19.8445     [ 2  3  1]    2
 36  630  [   2  1  2 ]        -5.3450         19.8445     [ 2  3  1]   12
 36  631  [   2  2  1 ]        -4.8464         19.8445     [ 2  2  2]    1
 36  632  [   2  2  1 ]        -4.8379         19.8445     [ 2  2  2]    1
 36  633  [   2  2  1 ]        -4.8886         19.8445     [ 2  2  2]    1
 36  634  [   2  2  1 ]        -4.8871         19.8445     [ 2  2  2]    1
 36  635  [   1  1  4 ]        -4.9666         19.8445     [ 4  3  1]    1
 36  636  [   1  1  3 ]        -4.9631         19.8445     [ 4  3  1]    2
 36  637  [   1  1  2 ]        -4.9224         19.8445     [ 4  3  1]    1
 36  638  [   1  1  2 ]        -4.9656         19.8445     [ 4  3  1]    1
 36  639  [   2  2  1 ]        -4.8441         19.8445     [ 2  2  2]    1
 36  640  [   2  2  1 ]        -4.8273         19.8445     [ 2  2  2]    1
 36  641  [   2  2  1 ]        -4.8411         19.8445     [ 2  2  2]    1
 36  642  [   2  2  1 ]        -4.9785         19.8445     [ 2  2  2]    1
 36  643  [   4  1  1 ]        -4.9042         19.8445     [ 2  3  2]    1
 36  644  [   1  1  3 ]        -4.8271         19.8445     [ 4  3  1]    1
 36  645  [   1  1  3 ]        -4.8318         19.8445     [ 4  3  1]    1
 36  646  [   1  4  1 ]        -4.9434         19.8445     [ 4  1  2]    1
 37  647  [   2  1  2 ]        -5.3491         20.1255     [ 2  3  1]  166
 37  648  [   2  1  2 ]        -4.9837         20.1255     [ 2  3  1]    1
 37  649  [   2  1  2 ]        -5.1070         20.1255     [ 2  3  1]    1
 37  650  [   2  1  2 ]        -5.0253         20.1255     [ 2  3  1]    2
 37  651  [   2  1  2 ]        -5.0358         20.1255     [ 2  3  1]    1
 37  652  [   2  1  2 ]        -5.3490         20.1255     [ 2  3  1]  166
 37  653  [   2  1  2 ]        -5.3491         20.1255     [ 2  3  1]  166
 37  654  [   2  1  2 ]        -5.0162         20.1255     [ 2  3  1]    1
 37  655  [   2  1  2 ]        -5.3491         20.1255     [ 2  3  1]  166
 37  656  [   2  1  2 ]        -5.3490         20.1255     [ 2  3  1]  166
 37  657  [   2  1  2 ]        -5.0048         20.1255     [ 2  3  1]    1
 37  658  [   2  1  2 ]        -4.8789         20.1255     [ 2  3  1]    2
 37  659  [   2  1  2 ]        -4.9483         20.1255     [ 2  3  1]    1
 37  660  [   2  1  2 ]        -5.1149         20.1255     [ 2  3  1]   12
 37  661  [   2  1  2 ]        -4.9644         20.1255     [ 2  3  1]    1
 38  662  [   2  1  2 ]        -5.3235         20.5643     [ 2  3  1]  166
 38  663  [   2  1  2 ]        -5.0181         20.5643     [ 2  3  1]    2
 38  664  [   2  1  2 ]        -5.0773         20.5643     [ 2  3  1]    2
 38  665  [   2  1  2 ]        -5.0113         20.5643     [ 2  3  1]    2
 38  666  [   2  1  2 ]        -4.9835         20.5643     [ 2  3  1]    2
 38  667  [   2  1  2 ]        -5.3234         20.5643     [ 2  3  1]  166
 38  668  [   2  1  2 ]        -5.3233         20.5643     [ 2  3  1]    2
 38  669  [   2  1  2 ]        -5.3234         20.5643     [ 2  3  1]  166
 38  670  [   2  1  2 ]        -4.9003         20.5643     [ 2  3  1]    1
 38  671  [   2  1  2 ]        -5.0373         20.5643     [ 2  3  1]    2
 38  672  [   2  1  2 ]        -5.3227         20.5643     [ 2  3  1]    2
 38  673  [   2  1  2 ]        -5.3232         20.5643     [ 2  3  1]  166
 38  674  [   2  1  2 ]        -4.8172         20.5643     [ 2  3  1]    2
 38  675  [   2  1  2 ]        -5.3235         20.5643     [ 2  3  1]    2
 38  676  [   2  1  2 ]        -5.0189         20.5643     [ 2  3  1]    2
 39  677  [   2  1  2 ]        -5.3136         21.4068     [ 2  3  1]   12
 39  678  [   2  1  2 ]        -4.9660         21.4068     [ 2  3  1]    1
 39  679  [   2  1  2 ]        -5.0619         21.4068     [ 2  3  1]    2
 39  680  [   2  1  2 ]        -4.9717         21.4068     [ 2  3  1]    1
 39  681  [   2  1  2 ]        -4.9811         21.4068     [ 2  3  1]    2
 39  682  [   2  1  2 ]        -5.3136         21.4068     [ 2  3  1]    2
 39  683  [   2  1  2 ]        -5.3135         21.4068     [ 2  3  1]   12
 39  684  [   2  1  2 ]        -4.9183         21.4068     [ 2  3  1]    2
 39  685  [   2  1  2 ]        -4.9298         21.4068     [ 2  3  1]    1
 39  686  [   2  1  2 ]        -4.9063         21.4068     [ 2  3  1]    1
 39  687  [   2  1  2 ]        -4.7976         21.4068     [ 2  3  1]    2
 39  688  [   2  1  2 ]        -5.3132         21.4068     [ 2  3  1]    2
 39  689  [   2  1  2 ]        -4.9337         21.4068     [ 2  3  1]    2
 39  690  [   2  1  2 ]        -5.3135         21.4068     [ 2  3  1]   12
 39  691  [   2  1  2 ]        -4.8175         21.4068     [ 2  3  1]    2
 40  692  [   2  1  2 ]        -5.3343         20.9643     [ 2  3  1]   74
 40  693  [   2  1  2 ]        -4.9915         20.9643     [ 2  3  1]    2
 40  694  [   2  1  2 ]        -4.9744         20.9643     [ 2  3  1]    2
 40  695  [   2  1  2 ]        -4.8545         20.9643     [ 2  3  1]    2
 40  696  [   2  1  2 ]        -4.8984         20.9643     [ 2  3  1]    1
 40  697  [   2  1  2 ]        -5.3342         20.9643     [ 2  3  1]   12
 40  698  [   2  1  2 ]        -5.3343         20.9643     [ 2  3  1]    2
 40  699  [   2  1  2 ]        -4.9614         20.9643     [ 2  3  1]    2
 40  700  [   2  1  2 ]        -4.9327         20.9643     [ 2  3  1]    1
 40  701  [   2  1  2 ]        -4.9529         20.9643     [ 2  3  1]    1
 40  702  [   2  1  2 ]        -5.3342         20.9643     [ 2  3  1]    2
 40  703  [   2  1  2 ]        -4.8346         20.9643     [ 2  3  1]    2
 40  704  [   2  1  2 ]        -5.3343         20.9643     [ 2  3  1]   12
 40  705  [   2  1  2 ]        -4.9644         20.9643     [ 2  3  1]    2
 40  706  [   2  1  2 ]        -4.9631         20.9643     [ 2  3  1]    2
 40  707  [   1  1  1 ]        -4.9537         20.9643     [ 4  3  2]    2
