Gen   ID    SuperCell   Enthalpy(eV/atom)  Volume(A^3/atom)  KPOINTS  SYMMETRY
  0    1  [   1  1  1 ]        -5.1524         15.4372     [ 5  3  3]  141
  1    2  [   1  1  1 ]        -5.1595         15.1266     [ 5  3  3]  141
  1    3  [   1  4  1 ]        -5.0837         15.3219     [ 5  1  3]    1
  1    4  [   1  1  4 ]        -5.1126         15.4215     [ 5  3  1]    6
  1    5  [   1  3  1 ]        -5.1617         15.4036     [ 5  1  3]    1
  1    6  [   1  2  1 ]        -5.1275         15.3213     [ 5  2  3]    2
  1    8  [   1  3  1 ]        -5.1620         15.4082     [ 5  1  3]   15
  1    9  [   1  4  1 ]        -5.1031         15.7099     [ 5  1  3]   51
  1   11  [   1  1  3 ]        -5.1345         15.2792     [ 5  3  1]   74
  1   15  [   1  1  1 ]        -5.1345         15.2544     [ 5  3  3]  191
  1   16  [   1  1  4 ]        -5.1276         15.2822     [ 5  3  1]   74
  2   17  [   1  1  1 ]        -5.2217         15.2096     [ 6  3  3]  141
  2   18  [   1  1  4 ]        -5.1080         16.2903     [ 6  3  1]    2
  2   21  [   1  1  2 ]        -5.1816         15.1737     [ 6  3  2]  141
  2   22  [   1  1  3 ]        -5.2011         15.1020     [ 6  3  1]   12
  2   24  [   1  1  4 ]        -5.1816         15.2161     [ 6  3  1]  141
  2   25  [   1  3  1 ]        -5.2017         15.0359     [ 6  1  3]    2
  2   29  [   1  1  1 ]        -5.0995         16.2935     [ 6  3  3]    2
  2   31  [   1  4  1 ]        -5.1554         15.0960     [ 6  1  3]   51
  2   19  [   1  4  1 ]        -5.1821         15.1880     [ 6  1  3]    2
  3   32  [   1  1  1 ]        -5.1522         15.4490     [ 5  3  3]  141
  3   34  [   1  4  1 ]        -5.1043         15.4654     [ 5  1  3]   51
  3   36  [   1  1  2 ]        -5.1260         15.2521     [ 5  3  2]   63
  3   38  [   1  1  3 ]        -5.1620         15.4208     [ 5  3  1]  141
  3   39  [   1  1  4 ]        -5.1561         15.1570     [ 5  3  1]  191
  3   41  [   1  3  1 ]        -5.1523         15.4045     [ 5  1  3]   15
  3   42  [   1  3  1 ]        -5.1578         15.3951     [ 5  1  3]   70
  3   44  [   1  1  1 ]        -5.1727         15.4154     [ 5  3  3]   10
  4   49  [   1  4  1 ]        -5.1065         15.5295     [ 5  1  3]   11
  4   50  [   1  1  3 ]        -5.1580         15.3743     [ 5  3  1]  141
  4   51  [   1  3  1 ]        -5.1615         15.4146     [ 5  1  3]    1
  4   52  [   1  1  2 ]        -5.0867         15.6317     [ 5  3  2]   51
  4   56  [   1  1  4 ]        -5.1044         15.6357     [ 5  3  1]   51
  4   57  [   1  1  1 ]        -5.1521         15.4144     [ 5  3  3]  141
  4   58  [   1  3  1 ]        -5.1521         15.3897     [ 5  1  3]   15
  5   69  [   1  1  4 ]        -5.1558         15.1506     [ 5  3  1]  191
  5   70  [   1  1  1 ]        -5.1283         15.2026     [ 5  3  4]   74
  5   71  [   1  3  1 ]        -5.1617         15.4083     [ 5  1  3]    1
  5   72  [   1  2  1 ]        -5.1285         15.3559     [ 5  2  3]    2
  5   73  [   1  3  1 ]        -5.1162         15.3969     [ 5  1  4]   12
  5   74  [   1  3  1 ]        -4.9797         14.8112     [ 5  1  3]    8
  5   75  [   1  4  1 ]        -5.1273         15.2554     [ 5  1  3]    2
  5   63  [   1  1  4 ]        -5.1557         15.1676     [ 5  3  1]    1
  5   66  [   1  1  2 ]        -5.1273         15.2589     [ 5  3  2]   74
  6   77  [   1  1  2 ]        -5.1263         15.2517     [ 5  3  2]   65
  6   86  [   2  1  2 ]        -5.1648         15.0762     [ 3  3  2]    2
  6   87  [   2  1  2 ]        -5.1650         15.0716     [ 3  3  2]   47
  6   89  [   2  1  2 ]        -5.1723         15.0978     [ 3  3  2]   69
  6   90  [   1  2  2 ]        -5.1674         18.6310     [ 5  2  2]    8
  7   92  [   2  1  2 ]        -5.1727         15.2291     [ 3  3  2]   12
  7   93  [   2  1  2 ]        -5.1649         15.0564     [ 3  3  2]   47
  7   97  [   2  1  2 ]        -5.1728         15.1136     [ 3  3  2]    1
  7  101  [   2  1  2 ]        -5.1724         15.1084     [ 3  3  2]   69
  7  103  [   2  1  2 ]        -5.1722         15.2219     [ 3  3  2]   12
  8  106  [   2  1  2 ]        -5.1395         15.5199     [ 3  3  2]   10
  8  109  [   2  1  2 ]        -5.1393         15.5068     [ 3  3  2]   10
  8  116  [   2  1  2 ]        -5.1397         15.5122     [ 3  3  2]   10
  8  118  [   2  1  2 ]        -5.1748         15.1580     [ 3  3  2]    2
  8  119  [   2  1  2 ]        -5.1745         15.1962     [ 3  3  2]   74
  8  121  [   2  1  2 ]        -5.1397         15.5162     [ 3  3  2]   10
  8  113  [   2  1  2 ]        -5.3050         20.9712     [ 3  3  2]    6
  9  124  [   2  1  2 ]        -5.1649         15.0344     [ 3  3  2]   47
  9  126  [   2  1  2 ]        -5.1723         15.1199     [ 3  3  2]   69
  9  127  [   2  1  2 ]        -5.1648         15.0825     [ 3  3  2]   47
  9  130  [   2  1  2 ]        -5.1652         15.0602     [ 3  3  2]   71
 10  139  [   2  1  2 ]        -5.1394         15.5099     [ 3  3  2]   10
 10  140  [   2  1  2 ]        -5.1397         15.4963     [ 3  3  2]   10
 10  148  [   2  1  2 ]        -5.1271         17.5489     [ 3  3  2]    2
 10  151  [   2  1  2 ]        -5.3931         20.4337     [ 3  2  2]    5
 10  152  [   2  1  2 ]        -5.0399         17.0856     [ 3  3  2]    1
 10  153  [   1  1  1 ]        -5.1284         15.2175     [ 5  3  4]   74
 10  138  [   2  1  2 ]        -5.1390         15.5172     [ 3  3  2]   10
 11  155  [   2  1  2 ]        -5.1727         15.2194     [ 3  3  2]   12
 11  159  [   2  1  2 ]        -5.1724         15.1097     [ 3  3  2]   69
 11  163  [   2  1  2 ]        -5.1749         15.1318     [ 3  3  2]   74
 11  169  [   2  1  2 ]        -5.1649         15.0780     [ 3  3  2]   47
 11  175  [   1  1  1 ]        -5.1199         15.5189     [ 5  3  3]   12
 11  178  [   1  1  4 ]        -5.1557         15.1812     [ 5  3  1]   74
 11  182  [   1  1  3 ]        -5.1340         15.3085     [ 5  3  2]   65
 11  183  [   3  1  1 ]        -5.1080         16.4862     [ 2  3  3]   10
 12  185  [   2  1  2 ]        -5.1566         15.2976     [ 3  3  2]   12
 12  186  [   2  1  2 ]        -5.0572         15.9082     [ 3  3  2]    1
 12  198  [   2  1  2 ]        -5.1667         15.1344     [ 3  3  2]    2
 12  192  [   2  1  2 ]        -5.1749         15.1502     [ 3  3  2]   74
 12  195  [   2  1  2 ]        -5.1725         15.2088     [ 3  3  2]   12
 12  197  [   2  1  2 ]        -5.1377         15.2840     [ 3  3  2]    1
 13  201  [   2  1  2 ]        -5.3967         20.4596     [ 3  3  2]   10
 13  203  [   2  1  2 ]        -5.1727         15.2054     [ 3  3  2]   12
 13  204  [   2  1  2 ]        -5.1749         15.1538     [ 3  3  2]   74
 13  207  [   2  1  2 ]        -5.1749         15.1597     [ 3  3  2]   74
 13  212  [   2  1  2 ]        -5.0147         16.5556     [ 3  3  2]    1
 14  214  [   1  1  1 ]        -5.1446         15.3373     [ 5  3  3]   74
 14  215  [   2  1  2 ]        -5.1726         15.2019     [ 3  3  2]   12
 14  217  [   1  1  1 ]        -5.1677         15.4776     [ 5  3  3]   12
 14  221  [   1  1  2 ]        -5.1263         15.2541     [ 5  3  2]   65
 14  222  [   1  1  3 ]        -5.0909         15.5056     [ 5  3  1]   12
 14  224  [   1  1  4 ]        -5.1305         15.2684     [ 5  3  1]    1
 14  226  [   4  1  1 ]        -5.1645         15.2207     [ 2  3  3]   12
 14  228  [   1  1  4 ]        -5.0810         15.3208     [ 5  3  1]    2
 14  216  [   2  1  2 ]        -5.1216         15.1664     [ 3  3  2]    2
 15  231  [   4  1  1 ]        -5.1200         15.1643     [ 2  3  3]   12
 15  232  [   4  1  1 ]        -5.1203         15.1877     [ 2  3  3]   12
 15  234  [   4  1  1 ]        -5.1745         15.2940     [ 2  3  3]    2
 15  243  [   4  1  1 ]        -5.1516         16.7797     [ 2  3  3]    2
 15  244  [   1  1  1 ]        -5.1391         15.3284     [ 5  3  3]   74
 16  245  [   4  1  1 ]        -5.1514         16.7179     [ 2  3  3]    2
 16  246  [   4  1  1 ]        -5.1567         15.2582     [ 2  3  3]    1
 16  254  [   4  1  1 ]        -5.1565         15.3246     [ 2  3  3]    1
 16  256  [   4  1  1 ]        -5.0380         16.2724     [ 2  3  3]    2
 16  258  [   4  1  1 ]        -5.1749         15.2783     [ 2  3  3]    2
 16  260  [   1  1  1 ]        -5.1685         15.1250     [ 5  3  3]   65
 16  261  [   1  1  1 ]        -5.1341         15.2726     [ 5  3  3]    1
 16  265  [   1  3  1 ]        -5.1725         15.3666     [ 5  1  3]    2
 16  266  [   1  3  1 ]        -5.0922         15.3553     [ 5  1  3]    2
 16  275  [   1  2  1 ]        -5.1258         15.2222     [ 5  2  3]    2
 17  282  [   2  2  1 ]        -5.0775         16.9368     [ 3  2  3]    2
 17  284  [   2  1  2 ]        -5.1182         17.5067     [ 3  3  2]    2
 17  286  [   2  1  1 ]        -5.0389         17.4552     [ 3  3  3]   11
 17  287  [   2  1  2 ]        -5.0502         16.3063     [ 3  3  2]    1
 17  288  [   2  1  1 ]        -5.1449         16.8135     [ 3  3  3]   12
 17  290  [   4  1  1 ]        -5.1139         16.9049     [ 2  3  3]   51
 18  292  [   2  1  2 ]        -5.1640         15.0371     [ 3  3  2]   71
 18  294  [   2  1  1 ]        -5.0453         16.6736     [ 3  3  3]    1
 18  295  [   2  2  1 ]        -5.0509         17.3379     [ 3  2  3]    1
 18  296  [   2  1  1 ]        -5.2204         19.1394     [ 3  3  3]   10
 18  297  [   2  1  2 ]        -5.1496         18.7898     [ 2  4  2]    8
 18  302  [   2  1  1 ]        -5.1451         16.8129     [ 3  3  3]   12
 18  293  [   4  1  1 ]        -5.1767         19.7568     [ 2  3  3]    6
 18  305  [   2  1  2 ]        -5.4016         20.4278     [ 3  4  2]  191
 19  306  [   2  1  1 ]        -5.1251         18.8203     [ 3  4  3]   12
 19  309  [   2  2  1 ]        -5.0294         17.2947     [ 3  2  3]    1
 19  314  [   2  1  1 ]        -5.1172         17.5945     [ 3  4  3]   71
 19  316  [   2  1  1 ]        -5.0364         15.4493     [ 3  3  3]   12
 19  317  [   2  1  2 ]        -5.2550         19.9449     [ 2  4  2]   10
 20  322  [   2  1  2 ]        -5.0882         18.0387     [ 3  3  2]   12
 20  323  [   4  1  1 ]        -5.1144         16.9087     [ 2  3  3]   51
 20  327  [   2  1  1 ]        -5.1277         18.8262     [ 3  4  3]    2
 20  337  [   2  1  2 ]        -5.1300         15.1839     [ 3  3  2]    2
 20  334  [   2  1  1 ]        -5.3595         20.4914     [ 3  3  3]  227
 20  335  [   2  1  1 ]        -5.1247         18.7688     [ 3  4  3]   12
 20  336  [   1  1  1 ]        -5.1386         15.3169     [ 5  3  3]   74
 20  330  [   2  2  1 ]        -5.2850         20.6891     [ 3  2  3]    2
 21  338  [   2  1  1 ]        -5.0816         18.2674     [ 3  3  3]    2
 21  344  [   2  2  1 ]        -5.1367         18.8020     [ 3  2  3]    1
 21  348  [   2  1  1 ]        -5.3596         20.4929     [ 3  3  3]  227
 21  350  [   2  1  1 ]        -5.0508         16.6505     [ 3  3  3]   12
 21  351  [   2  1  2 ]        -5.3663         20.4950     [ 3  3  2]  227
 21  354  [   1  3  1 ]        -5.0858         15.3391     [ 5  2  3]    2
 21  355  [   1  2  1 ]        -5.3940         20.4413     [ 5  2  3]  166
 21  357  [   1  3  1 ]        -5.1565         15.3844     [ 5  1  3]   15
 21  359  [   1  4  1 ]        -5.0264         17.9055     [ 5  1  3]    2
 21  360  [   1  1  1 ]        -5.3617         20.3524     [ 5  3  3]  141
 21  364  [   1  1  3 ]        -5.0973         15.4686     [ 5  3  1]   74
 21  365  [   1  1  3 ]        -5.3633         20.4920     [ 5  3  1]  227
 21  367  [   1  1  2 ]        -5.3663         20.4883     [ 5  3  2]   74
 21  369  [   1  1  1 ]        -5.1396         15.3123     [ 5  3  3]   74
 21  370  [   1  1  1 ]        -5.1386         15.3238     [ 5  3  3]   74
 22  371  [   1  1  1 ]        -5.3631         20.4770     [ 5  3  3]  141
 22  373  [   1  1  1 ]        -4.9271         15.3411     [ 5  4  3]    2
 22  378  [   3  1  1 ]        -5.1370         18.3917     [ 2  3  3]    6
 22  381  [   1  1  3 ]        -5.3631         20.4847     [ 5  3  1]  227
 22  385  [   1  1  2 ]        -5.3652         20.4915     [ 5  3  2]   74
 22  376  [   2  1  2 ]        -5.1405         18.7523     [ 3  3  2]    1
 23  386  [   1  1  1 ]        -5.3630         20.4461     [ 5  3  3]  227
 23  390  [   3  1  1 ]        -5.1153         18.6852     [ 2  4  3]    1
 23  394  [   1  3  1 ]        -5.1053         20.5200     [ 5  1  3]    1
 23  395  [   1  1  2 ]        -4.9735         16.2544     [ 5  4  2]    1
 23  396  [   2  1  1 ]        -5.0565         18.6936     [ 3  4  3]    2
 23  400  [   1  2  2 ]        -5.3958         20.4637     [ 5  2  2]  166
 23  393  [   2  1  2 ]        -5.4032         20.4340     [ 3  4  2]   12
 24  401  [   1  1  1 ]        -5.3632         20.4828     [ 5  3  3]  141
 24  403  [   1  1  1 ]        -5.1065         17.3830     [ 5  4  3]   10
 24  405  [   1  1  4 ]        -5.3647         20.4938     [ 5  3  1]    1
 24  406  [   2  1  2 ]        -5.3914         20.4194     [ 3  4  1]   12
 24  407  [   2  1  2 ]        -5.2584         21.5869     [ 3  3  2]  139
 24  410  [   1  1  3 ]        -5.1267         19.2647     [ 5  4  1]    2
 24  411  [   1  1  3 ]        -5.1156         18.6799     [ 5  3  1]   11
 24  413  [   2  1  1 ]        -5.1250         18.8261     [ 3  4  3]   12
 24  414  [   2  1  1 ]        -5.3850         20.4198     [ 2  4  2]  227
 24  415  [   1  1  2 ]        -4.9420         16.9501     [ 5  4  2]    1
 25  422  [   2  1  2 ]        -5.3914         20.4260     [ 3  4  1]   12
 25  424  [   2  1  2 ]        -5.2202         19.1215     [ 3  3  2]   10
 25  428  [   2  1  2 ]        -5.3879         20.4503     [ 2  4  2]    8
 25  429  [   2  1  2 ]        -5.2827         19.9512     [ 2  4  2]    2
 25  431  [   1  1  1 ]        -5.1286         15.2006     [ 5  4  3]   65
 26  432  [   2  1  2 ]        -5.3914         20.4206     [ 3  4  1]   12
 26  436  [   2  1  2 ]        -5.2824         21.4987     [ 2  4  2]   11
 26  450  [   1  1  3 ]        -5.0940         15.5473     [ 5  4  1]   65
 26  451  [   1  1  3 ]        -4.9659         19.8373     [ 5  4  1]    2
 26  454  [   1  2  2 ]        -5.0709         16.2930     [ 5  2  2]   12
 26  457  [   2  1  2 ]        -5.3994         20.4394     [ 2  4  1]  164
 26  460  [   1  2  2 ]        -5.1286         17.5670     [ 5  2  2]   12
 26  446  [   2  1  2 ]        -5.4037         20.4164     [ 3  4  2]  227
 27  476  [   2  1  2 ]        -5.3896         20.4466     [ 2  4  2]    8
 27  467  [   2  1  2 ]        -5.3837         20.4537     [ 3  4  1]  194
 27  468  [   2  1  2 ]        -5.2735         20.5382     [ 2  4  1]    2
 27  473  [   2  1  2 ]        -5.3995         20.4337     [ 2  4  1]  164
 27  478  [   2  1  2 ]        -5.1356         17.5822     [ 3  4  2]   71
 28  483  [   2  1  2 ]        -5.3896         20.4470     [ 2  4  2]    8
 28  484  [   2  1  2 ]        -5.1932         20.7584     [ 3  3  1]    2
 28  485  [   2  1  2 ]        -5.3995         20.4332     [ 2  4  1]   12
 28  488  [   2  1  2 ]        -5.0662         17.1119     [ 2  4  2]    2
 28  490  [   2  1  2 ]        -5.4029         20.4228     [ 2  4  2]  227
 28  491  [   2  1  2 ]        -5.4011         20.3916     [ 2  4  1]  194
 29  494  [   2  1  2 ]        -5.3995         20.4386     [ 2  4  1]   12
 29  495  [   2  1  2 ]        -5.4008         20.4100     [ 2  4  1]   74
 29  496  [   2  1  2 ]        -5.3896         20.4467     [ 2  4  2]    8
 29  497  [   2  1  2 ]        -5.3953         20.3900     [ 2  4  1]  194
 29  508  [   2  1  2 ]        -5.2827         19.9623     [ 2  4  2]    1
 30  509  [   2  1  2 ]        -5.3995         20.4377     [ 2  4  1]   12
 30  511  [   2  1  2 ]        -5.1550         18.5326     [ 3  4  2]    1
 30  512  [   2  1  2 ]        -5.1500         17.5621     [ 3  4  2]  139
 30  513  [   2  1  2 ]        -5.4037         20.3980     [ 2  4  1]  227
 30  524  [   1  1  1 ]        -5.1079         17.4185     [ 5  4  3]   12
 31  525  [   2  1  2 ]        -5.3995         20.4369     [ 2  4  1]   12
 31  533  [   2  1  2 ]        -5.1303         19.5138     [ 3  4  1]    2
 31  537  [   2  1  2 ]        -5.4060         20.4458     [ 3  4  1]   12
 31  541  [   2  2  1 ]        -5.2183         23.8570     [ 3  2  2]    1
 31  545  [   1  1  3 ]        -5.1279         18.7296     [ 5  4  1]    2
 31  549  [   1  1  2 ]        -5.1289         18.7643     [ 5  4  2]    2
 31  551  [   1  4  1 ]        -5.0736         18.3928     [ 5  1  2]    1
 31  554  [   2  2  1 ]        -5.3968         20.4311     [ 3  2  2]    2
 32  555  [   2  1  2 ]        -5.3995         20.4367     [ 2  4  1]   12
 32  556  [   2  1  2 ]        -5.3985         20.3849     [ 2  4  1]  166
 32  568  [   2  1  2 ]        -5.4060         20.4435     [ 3  4  1]   12
 32  569  [   2  1  2 ]        -5.3837         20.4383     [ 3  4  1]  194
 33  571  [   2  1  2 ]        -5.0882         18.0202     [ 3  4  2]    1
 33  573  [   2  1  2 ]        -5.3914         20.4228     [ 3  4  1]   36
 33  579  [   2  1  2 ]        -5.3994         20.4330     [ 2  4  1]  227
 33  583  [   2  1  2 ]        -5.1550         18.5331     [ 3  4  2]    1
 34  599  [   2  1  2 ]        -5.3995         20.4397     [ 2  4  1]  164
 34  586  [   2  1  2 ]        -5.4037         20.3978     [ 2  4  1]  227
 34  595  [   2  1  2 ]        -5.4066         20.4342     [ 3  4  2]  227
 34  597  [   2  1  2 ]        -5.0507         18.5367     [ 3  4  2]    1
 34  598  [   2  1  2 ]        -5.3837         20.4426     [ 3  4  1]  194
 34  591  [   2  1  2 ]        -5.0059         16.7070     [ 3  4  2]    1
 35  602  [   2  1  2 ]        -5.4037         20.3987     [ 2  4  1]  227
 35  603  [   2  1  2 ]        -5.3914         20.4232     [ 3  4  1]    8
 35  611  [   2  1  2 ]        -5.4011         20.3948     [ 2  4  1]  194
 35  612  [   2  1  2 ]        -5.3953         20.3906     [ 2  4  1]  194
 35  615  [   1  1  1 ]        -5.1080         17.3688     [ 5  4  3]   12
 35  600  [   2  1  2 ]        -5.3995         20.4334     [ 2  4  1]  164
 36  620  [   2  1  2 ]        -5.0857         17.2359     [ 3  4  2]    2
 36  622  [   2  1  2 ]        -5.3995         20.4325     [ 2  4  1]  227
 36  625  [   2  1  2 ]        -5.0666         15.9352     [ 3  4  2]  166
 36  627  [   2  1  2 ]        -5.3971         20.4175     [ 3  4  1]    1
 36  636  [   1  1  3 ]        -5.1286         15.1960     [ 5  4  1]    1
 36  637  [   1  1  2 ]        -4.9476         17.3016     [ 5  4  2]    3
 36  638  [   1  1  2 ]        -5.1076         17.4291     [ 5  4  2]   12
 36  639  [   2  2  1 ]        -5.1274         17.5470     [ 3  2  3]   51
 36  645  [   1  1  3 ]        -5.0995         15.3639     [ 5  4  1]   12
 36  646  [   1  4  1 ]        -5.0868         16.9097     [ 5  1  3]    1
 36  618  [   2  1  2 ]        -5.3984         20.4152     [ 2  4  2]  191
 36  619  [   2  1  2 ]        -5.4060         20.4410     [ 3  4  1]  227
 37  647  [   2  1  2 ]        -5.3994         20.4329     [ 2  4  1]  227
 37  649  [   2  1  2 ]        -5.3953         20.3889     [ 2  4  1]  194
 37  650  [   2  1  2 ]        -5.4033         20.4262     [ 3  4  2]  227
 37  654  [   2  1  2 ]        -5.0801         18.8826     [ 2  4  2]    2
 37  660  [   2  1  2 ]        -5.4037         20.3981     [ 2  4  1]  227
 38  662  [   2  1  2 ]        -5.3995         20.4343     [ 2  4  1]  227
 38  664  [   2  1  2 ]        -5.3896         20.4474     [ 2  4  2]  194
 38  665  [   2  1  2 ]        -5.4037         20.3998     [ 2  4  1]  227
 38  666  [   2  1  2 ]        -5.1507         17.5351     [ 3  4  2]    2
 38  676  [   2  1  2 ]        -5.3701         20.4765     [ 3  3  2]   12
 39  677  [   2  1  2 ]        -5.3994         20.4356     [ 2  4  1]  227
 39  678  [   2  1  2 ]        -5.3982         20.4095     [ 2  4  2]  166
 39  679  [   2  1  2 ]        -5.3896         20.4471     [ 2  4  2]  194
 39  680  [   2  1  2 ]        -5.3310         21.2376     [ 3  4  1]   12
 39  691  [   2  1  2 ]        -5.1550         18.5143     [ 3  4  2]   70
 40  692  [   2  1  2 ]        -5.3995         20.4350     [ 2  4  1]  227
 40  695  [   2  1  2 ]        -5.4037         20.4011     [ 2  4  1]  227
 40  700  [   2  1  2 ]        -5.2922         22.7050     [ 3  4  2]   10
 40  705  [   2  1  2 ]        -5.4036         20.4344     [ 3  4  2]  227
 40  707  [   1  1  1 ]        -5.1077         17.3705     [ 5  4  3]   12
 40  693  [   2  1  2 ]        -5.1694         19.0097     [ 3  4  2]    1
