1 -9.595 -0.543 -0.543 0.000 0.000 0.000
2 1.359 25.530 36.915 -0.284 0.267 0.146
3 0.199 0.012 -1.481 -0.086 -0.147 -0.193
4 0.465 -1.552 0.325 0.144 1.145 0.028
5 -0.524 -0.108 2.134 -0.664 -0.031 0.003
6 -0.673 -1.129 2.998 -0.065 -0.314 0.125
8 1.772 -1.493 0.427 0.301 -0.111 0.039
9 -3.830 -8.333 2.342 0.189 0.139 0.015
11 0.545 -0.214 0.219 -0.049 -0.000 0.005
15 11.093 -5.939 -3.155 0.002 0.000 -0.341
16 1.388 1.241 -1.044 0.010 0.190 0.002
17 -2.841 -1.899 -1.894 -0.050 0.094 2.725
18 0.655 0.295 1.207 0.125 -0.001 -0.026
21 1.712 -1.262 0.291 0.136 0.003 0.086
22 -3.882 5.038 -19.126 -4.072 0.003 0.018
24 0.361 -1.119 -3.302 0.151 -0.003 0.282
25 1.279 -1.719 -0.092 -0.001 0.197 -0.002
29 -19.233 -18.390 -18.461 -0.306 -3.532 11.753
31 6.366 -10.638 5.537 19.009 -2.842 -3.159
19 -0.658 2.747 -1.905 0.206 0.504 0.263
32 -13.488 -0.412 1.039 0.529 0.201 -0.139
34 3.899 -3.748 9.790 -7.209 -0.003 0.014
36 2.394 6.337 -3.373 -0.030 -1.108 0.026
38 0.932 -1.677 -0.299 0.478 0.113 0.002
39 -0.216 0.212 2.116 -0.139 1.313 -0.112
41 -1.396 -0.978 -0.225 0.604 -0.006 -0.003
42 1.328 -2.210 -1.952 -6.152 0.064 -3.160
44 -2.207 0.201 -0.342 0.462 -0.423 0.346
49 0.633 -4.773 -1.873 -0.369 -0.004 0.005
50 -2.116 3.779 0.294 -0.055 -0.006 -0.490
51 -0.387 -0.154 -0.054 -1.142 0.261 0.037
52 0.679 -2.049 0.430 -0.010 0.064 -0.003
56 -0.165 -5.614 4.658 0.040 -2.665 0.008
57 -11.160 2.060 3.746 -1.255 -0.092 0.411
58 1.690 -0.629 -2.781 0.146 -3.038 0.028
69 0.126 1.393 1.203 -0.000 -1.801 -0.003
70 -5.162 0.611 7.569 3.298 0.405 6.776
71 1.366 -0.111 -0.361 0.007 -0.148 -0.171
72 -0.825 -0.745 0.312 -1.793 2.326 -0.428
73 -3.147 -3.067 3.872 -0.106 0.782 -0.062
74 -0.058 -1.423 2.892 1.083 -0.564 0.739
75 3.104 -1.152 1.958 1.322 0.031 -0.172
63 -0.887 1.419 -0.329 -0.001 1.347 0.002
66 -0.989 1.954 2.538 0.004 -0.451 -0.000
77 3.314 4.554 -2.709 -0.020 1.540 -0.042
86 -1.609 0.686 -3.616 -0.000 0.136 0.004
87 -0.537 -1.980 0.414 0.012 -0.329 -0.004
89 1.283 0.858 -1.093 -0.001 0.963 -0.000
90 -0.584 4.672 0.170 -0.073 -0.885 1.055
92 0.176 -0.231 -2.225 -0.000 0.335 0.006
93 -0.943 1.265 -0.746 0.020 -1.427 -0.000
97 -0.076 1.458 -1.412 -0.001 -0.076 0.002
101 -2.528 0.260 0.517 0.000 -0.303 0.000
103 -0.939 1.246 -0.976 -0.002 0.556 0.001
106 1.077 -2.056 0.128 -0.085 0.069 -0.086
109 0.162 -0.489 -0.113 0.010 0.253 0.014
116 0.318 -1.558 0.697 -0.068 -0.154 0.079
118 -0.573 -0.438 0.306 -0.356 0.887 0.086
119 0.986 -2.179 -0.161 0.389 0.667 0.686
121 -1.976 1.096 -0.301 0.051 -0.186 0.062
113 0.346 -0.152 0.501 -0.000 -0.567 -0.003
124 2.234 2.726 0.242 0.004 -0.595 -0.001
126 -0.911 -1.250 0.324 -0.000 -0.066 0.000
127 -1.719 -4.152 0.171 0.003 -0.910 -0.001
130 -0.339 -1.693 1.679 0.000 1.237 0.000
139 0.432 -0.790 -0.138 0.003 0.338 -0.003
140 -0.393 0.987 0.233 0.000 0.020 -0.001
148 -0.026 0.385 -0.557 0.283 -1.323 -0.138
151 0.911 -0.317 -0.656 -0.306 -0.030 -0.048
152 6.984 8.672 5.118 -1.863 -1.921 4.689
153 4.484 -4.548 3.163 -0.063 -0.553 -0.018
138 0.688 0.542 -0.014 0.054 -0.517 0.077
155 -0.659 -2.611 1.364 0.012 0.052 0.021
159 0.292 -1.206 0.260 -0.013 0.147 -0.026
163 1.180 0.611 0.473 0.043 -0.140 0.016
169 -1.704 0.896 -3.847 -0.034 0.095 -0.105
175 2.300 -1.937 2.574 0.203 -0.116 -0.409
178 -0.070 -1.988 0.649 0.080 0.443 -0.170
182 -0.295 -3.173 -3.016 0.041 -1.337 -0.007
183 1.069 0.984 0.753 -0.050 -0.951 -0.186
185 -1.695 -1.724 1.607 0.000 0.070 0.020
186 -5.632 0.783 -5.401 12.689 1.036 2.675
198 -1.199 1.229 -1.068 -0.050 -0.473 -0.451
192 1.465 -0.669 0.814 0.143 -0.662 -0.021
195 0.288 2.600 -1.254 -0.006 -0.144 0.115
197 -0.996 7.214 -7.065 19.364 -12.377 1.889
201 -0.829 -0.806 -0.224 -0.167 -0.043 0.167
203 0.191 -0.738 0.472 0.066 -0.478 0.017
204 -1.740 -1.587 0.014 0.004 -0.294 -0.086
207 -0.067 -1.527 0.110 0.095 -1.649 -0.043
212 -1.391 -0.337 -0.697 0.363 0.466 -0.051
214 0.730 1.097 1.230 2.373 1.117 0.231
215 1.772 -0.290 -0.536 0.008 0.058 0.079
217 -10.117 -5.813 2.156 1.493 1.666 -0.665
221 3.105 5.058 -2.922 -0.120 -1.244 -0.125
222 -0.657 2.132 -1.331 -0.463 0.430 0.629
224 -0.443 0.030 1.768 0.040 -0.394 -0.085
226 0.730 2.727 -0.427 -0.261 -0.147 0.110
228 2.041 1.652 -0.344 -0.716 0.654 0.034
216 -0.612 1.286 -0.269 0.200 -1.215 -0.415
231 -0.219 0.202 0.582 -1.068 0.195 -0.124
232 -0.116 -0.620 0.886 -0.352 0.080 -0.161
234 1.180 -2.080 0.509 0.194 -0.448 0.062
243 -1.322 0.281 -0.101 0.114 0.330 -0.055
244 -1.394 0.693 0.863 -4.491 -0.035 -1.716
245 2.141 -1.722 -0.035 0.638 0.301 -0.240
246 3.228 1.643 -0.191 0.265 -0.888 1.160
254 0.564 3.831 -0.102 0.012 0.175 0.350
256 0.357 0.730 -0.060 0.712 0.406 0.343
258 1.534 0.447 0.249 -0.324 -1.047 -0.263
260 -1.109 1.729 -3.823 0.624 1.510 1.172
261 -0.305 0.151 -0.109 -1.791 0.021 0.599
265 3.505 -2.254 1.341 -0.054 0.698 0.040
266 -0.191 1.792 -1.049 -0.114 0.444 -0.051
275 0.952 1.433 7.275 -1.499 -1.383 0.175
282 1.312 -0.738 -0.033 -0.346 0.567 -0.785
284 -2.122 0.745 0.180 0.224 0.576 -0.196
286 -0.559 -1.821 -0.446 0.030 0.540 -0.147
287 -13.854 6.952 -9.273 -1.565 3.722 -0.452
288 0.713 -1.822 1.244 -0.350 0.542 0.753
290 0.225 0.584 0.086 0.021 -0.493 -0.001
292 2.952 -0.192 0.263 -0.339 0.473 -0.020
294 -0.974 -1.610 -0.517 -0.081 -1.013 -1.023
295 0.865 0.578 0.280 0.169 0.306 -0.050
296 -0.827 -0.556 0.366 -0.136 0.089 0.042
297 -0.703 0.167 -0.895 0.374 0.320 -0.001
302 0.837 -0.349 -0.650 -0.000 1.470 -0.212
293 0.857 0.133 -0.470 0.141 -0.043 -0.281
305 -0.089 0.271 -0.201 -0.205 0.056 0.071
306 0.384 0.842 0.117 -0.035 1.453 -0.449
309 1.103 0.605 0.169 -0.116 -0.155 -0.026
314 0.851 0.861 -1.661 0.193 0.836 1.256
316 -2.541 1.677 -1.066 0.143 -0.518 0.619
317 -0.026 -0.555 -0.504 -0.003 -0.224 -0.005
322 2.054 1.048 -1.081 -0.007 -0.192 0.019
323 0.983 -0.354 0.874 -0.019 0.520 -0.134
327 7.282 -13.933 15.268 -1.809 -1.232 -3.733
337 0.113 0.508 0.952 1.005 -0.315 -0.255
334 -0.309 -0.545 0.147 0.537 0.287 0.605
335 2.772 -2.140 5.284 -0.035 -0.394 -0.178
336 1.155 -3.653 2.257 -0.251 0.202 -0.146
330 -1.611 1.566 -2.275 -2.256 1.086 1.496
338 -0.451 -20.464 -8.433 15.044 3.151 1.205
344 0.233 -0.240 0.529 0.338 0.374 0.487
348 -0.098 -0.048 -1.218 0.263 -0.183 0.512
350 -5.512 2.634 0.067 1.917 0.076 -0.490
351 -1.222 -0.272 -0.088 -0.027 0.018 -0.508
354 -0.438 -1.673 3.829 -0.715 0.441 1.412
355 -1.391 1.255 0.876 0.499 1.341 0.938
357 1.660 -0.338 -1.952 0.300 0.132 -0.782
359 0.115 0.314 -1.031 -0.375 -0.263 0.065
360 11.083 -2.494 8.940 -4.518 0.310 -2.111
364 -2.298 1.587 -0.127 -0.508 0.673 0.367
365 -0.277 -0.854 -0.143 0.037 -0.108 -0.036
367 0.320 1.127 -0.620 0.396 -0.325 -0.309
369 1.117 0.315 4.520 -0.311 0.729 0.090
370 2.790 -7.848 2.566 -0.568 -0.859 0.233
371 -1.027 -0.243 1.930 0.283 -0.094 -0.377
373 -0.141 0.389 0.421 0.453 -0.135 0.665
378 -0.302 0.135 0.313 -0.064 -0.387 0.112
381 1.667 -2.085 0.215 -0.003 0.152 0.075
385 -0.623 0.597 -0.366 0.038 0.051 0.327
376 3.659 -9.318 1.238 3.176 1.039 -1.026
386 0.145 1.617 1.827 -0.109 -0.629 0.258
390 -0.566 0.314 0.934 0.030 0.310 -0.283
394 -0.036 -0.624 0.395 -0.277 0.021 -0.725
395 0.301 -0.906 -0.690 0.158 -0.780 0.467
396 -1.646 -17.698 -10.082 -7.572 7.269 -1.632
400 -1.197 0.560 -0.916 -0.809 0.154 -0.779
393 0.254 -0.224 0.031 0.518 -0.394 1.591
401 -0.603 0.409 1.628 -0.137 -1.045 -0.135
403 0.688 1.179 1.408 -1.928 -2.039 0.342
405 -0.535 -0.434 0.219 -0.007 -0.316 0.015
406 0.218 0.810 1.293 0.003 0.143 -0.044
407 -1.371 0.588 -0.144 -0.125 0.392 0.011
410 -0.102 -0.490 -0.754 0.493 0.433 -0.464
411 -0.849 0.974 2.068 0.886 0.252 0.373
413 -0.906 0.788 0.017 0.232 0.906 0.151
414 3.972 -4.092 1.841 0.916 0.181 -0.146
415 0.482 0.075 -2.318 -0.318 -0.215 -0.279
422 0.203 0.536 0.884 -0.004 -0.017 0.032
424 -0.638 -0.628 0.283 0.764 -0.079 0.270
428 -0.291 -0.167 -0.322 -0.118 -0.038 0.109
429 -0.281 0.862 0.456 0.012 -0.170 0.015
431 2.207 -0.513 -2.025 -0.153 -2.179 1.172
432 0.239 0.637 1.344 0.010 0.097 -0.023
436 -0.338 0.348 -0.155 0.001 -0.086 -0.077
450 0.883 -1.245 1.915 -0.647 -0.430 1.237
451 6.252 0.678 3.611 0.045 0.086 0.041
454 -1.026 -0.820 -1.684 -0.266 -0.227 0.874
457 -0.559 0.584 -0.675 -0.012 0.685 0.009
460 -0.125 -0.246 -1.009 0.047 0.296 0.246
446 0.682 0.086 0.771 0.503 0.021 -0.129
476 -0.544 0.676 -0.181 -0.266 0.458 0.217
467 0.788 -0.575 -0.795 -0.009 -0.025 -0.012
468 0.435 0.095 -0.535 0.042 -0.302 0.033
473 0.612 -1.841 1.473 0.066 0.449 -0.110
478 1.685 0.175 0.150 -0.180 1.152 -0.562
483 -0.474 0.628 -0.234 0.195 0.422 -0.174
484 -0.044 0.259 0.461 0.143 0.565 0.242
485 0.658 -1.672 1.251 0.126 0.351 0.052
488 4.349 2.440 2.338 3.308 -5.900 -5.162
490 1.028 -0.387 -0.279 -0.257 0.110 0.004
491 1.139 -1.228 0.628 0.049 0.051 -0.128
494 -0.533 0.632 -0.624 -0.055 0.705 0.022
495 0.699 -0.969 0.858 0.120 0.130 0.022
496 -0.575 0.562 -0.046 0.268 0.587 -0.171
497 1.856 -0.667 -0.765 0.060 -0.068 -0.380
508 -0.312 -0.532 0.311 -0.007 0.369 0.466
509 -0.490 0.660 -0.593 -0.114 0.740 -0.005
511 -0.255 -0.710 -0.236 0.703 -0.683 -0.258
512 -0.802 0.050 1.094 0.524 0.352 0.624
513 1.290 -1.329 0.849 -0.017 0.140 0.644
524 3.109 -5.679 -3.934 1.647 1.623 0.668
525 -0.447 0.700 -0.567 -0.083 0.721 0.017
533 0.275 -0.470 -0.210 0.512 -0.294 0.476
537 -1.237 0.925 -0.273 -0.372 -0.535 -0.229
541 0.502 2.463 -0.069 -0.614 0.150 1.575
545 0.310 0.319 -0.464 0.443 0.575 -0.723
549 0.301 -1.361 0.159 0.440 -0.080 -0.070
551 -6.405 -4.997 -5.330 3.948 -1.141 4.982
554 -1.232 0.456 0.022 0.137 0.151 -0.071
555 -0.239 0.920 -0.951 -0.165 0.550 -0.055
556 0.444 -1.052 1.150 0.198 -0.024 -0.343
568 -1.160 0.997 -0.147 -0.450 -0.613 -0.115
569 0.213 0.267 -0.004 0.002 0.720 -0.071
571 -0.513 0.282 -0.302 0.030 -0.217 -0.420
573 0.111 0.684 1.119 -0.009 0.155 0.142
579 0.870 -1.917 1.234 0.176 0.287 0.077
583 -0.430 -0.975 0.421 -0.469 -0.795 -0.026
599 -0.853 0.947 -0.716 -0.084 0.738 -0.046
586 1.342 -1.419 0.893 -0.036 0.120 0.659
595 0.078 -0.336 0.189 -0.000 -0.347 -0.120
597 0.774 0.896 0.765 0.072 0.298 -0.040
598 -0.096 -0.011 -0.035 -0.099 0.805 0.064
591 -8.705 0.791 -5.464 5.418 -0.382 3.495
602 1.312 -1.620 1.017 -0.158 0.118 0.700
603 0.696 0.128 1.064 0.113 -0.136 0.126
611 1.170 -1.976 1.106 0.115 0.052 0.010
612 1.904 -0.763 -0.887 -0.011 -0.079 0.516
615 -3.212 4.160 4.471 4.696 1.512 1.922
600 0.649 -1.982 1.542 -0.006 0.301 0.129
620 -0.239 0.204 -1.282 -0.290 0.058 -0.057
622 0.717 -1.378 0.962 -0.004 0.312 0.125
625 -2.304 0.431 2.428 -0.174 -0.954 -0.379
627 0.346 -0.334 0.147 -0.028 0.093 -0.025
636 0.168 0.437 0.840 -0.171 -0.812 0.007
637 1.277 -0.257 -1.292 0.005 -0.048 0.025
638 0.886 -1.590 1.929 -0.370 -0.069 -0.271
639 -0.194 0.470 -0.155 0.313 0.132 0.054
645 0.708 -2.218 3.311 -0.280 1.333 0.641
646 -1.290 -1.387 -1.893 2.759 -1.054 -0.552
618 -0.606 1.270 0.223 -0.189 0.352 0.715
619 0.339 -0.431 0.100 0.102 0.055 0.035
647 0.748 -1.755 0.994 -0.073 0.248 -0.014
649 1.294 -0.777 -0.194 0.005 0.127 0.143
650 -0.681 1.088 0.776 0.142 0.172 -0.401
654 -0.027 0.697 0.346 -0.079 -0.335 0.230
660 1.114 -1.215 0.709 -0.133 0.232 0.365
662 0.963 -2.217 1.364 -0.130 0.295 -0.011
664 -0.527 0.525 -0.119 -0.240 0.511 0.152
665 1.231 -1.611 0.851 0.210 0.142 -0.637
666 1.338 3.015 2.005 0.043 -0.129 -0.148
676 0.442 0.233 0.162 -0.054 -0.324 -0.009
677 1.031 -2.164 1.412 -0.041 0.144 -0.198
678 0.167 0.848 -0.808 -0.105 0.588 -0.267
679 -0.567 0.690 -0.201 -0.259 0.395 0.158
680 -0.851 0.164 1.223 0.016 0.012 0.062
691 0.741 1.130 -0.815 -0.929 0.068 1.109
692 1.098 -2.124 1.368 0.061 -0.130 -0.163
695 1.316 -1.840 0.895 -0.176 0.028 0.828
700 0.194 -0.723 0.521 -0.001 0.083 -0.055
705 -0.425 0.040 0.297 0.208 0.179 0.098
707 -0.141 -1.887 2.426 0.661 -0.518 0.284
693 28.458 34.069 -3.929 15.600 21.951 -1.802
