1 19.718 18.757 18.757 0.000 0.000 0.000
2 -46.410 10.364 4.722 0.071 -0.071 -0.527
3 8.958 -34.572 38.044 -4.010 -2.778 -6.132
4 -26.549 33.198 13.389 0.018 -2.477 -0.132
5 -46.999 9.607 6.295 0.200 -0.074 -1.579
6 -8.960 20.057 -6.307 0.087 0.004 -0.311
7 11.603 61.192 -112.619 -0.052 -0.036 -1.562
8 -46.415 12.088 2.857 0.051 -0.072 -1.585
9 16.272 -42.722 10.181 0.270 0.076 -1.813
10 -46.744 4.355 10.903 0.054 -0.011 -0.175
11 13.544 -110.258 52.660 -0.179 0.044 -0.149
12 -46.821 11.236 4.834 0.129 -0.139 -0.528
13 1.713 13.478 -29.811 -0.032 -0.032 -0.083
14 -46.920 10.816 5.491 0.061 0.000 -0.526
15 13.698 -109.802 51.180 -0.039 0.139 -0.464
16 -2.687 23.129 -58.767 0.010 -0.046 -0.063
17 185.939 -48.152 -46.569 -0.059 -0.058 -0.311
18 64.296 -25.002 37.598 1.904 0.009 0.041
19 64.854 32.547 -22.511 0.014 -0.986 0.438
20 182.078 -65.233 -26.318 -0.284 -0.021 -0.045
21 154.697 -53.991 60.981 0.568 0.030 -0.039
22 124.047 -14.570 -24.221 0.649 -0.023 0.295
23 182.560 -65.811 -25.944 -0.201 -0.020 -0.056
24 138.036 -46.481 15.582 -0.320 0.018 -0.030
25 182.407 -38.061 -54.754 -0.120 -0.048 -0.531
26 150.982 -29.266 -21.878 -0.118 -0.038 3.001
27 138.904 77.243 55.606 1.821 0.193 1.101
28 107.178 50.588 -40.286 0.538 -0.236 0.667
29 134.843 80.774 54.847 1.674 0.142 1.111
30 185.632 -50.339 -44.405 -0.356 0.001 -0.310
31 63.755 46.648 -23.442 1.055 16.350 -0.151
32 -18.923 -22.537 -12.524 0.205 0.067 -0.470
33 -25.781 -5.029 7.433 -0.242 0.186 -0.052
34 -33.285 11.477 -5.691 -0.301 -0.116 -1.426
35 -23.156 -7.216 10.219 0.019 -0.036 -0.116
36 -39.005 -29.030 60.378 -0.234 0.058 -0.171
37 -17.268 -47.790 23.884 -0.284 -0.010 -0.143
38 -18.983 -24.361 -10.588 0.197 0.025 -0.156
39 -18.145 -17.531 8.630 -0.347 0.019 -0.071
40 -40.528 -2.059 73.119 -0.792 0.088 -0.473
41 -27.186 17.913 -36.805 0.034 0.032 -1.409
42 -20.712 -30.042 -3.049 0.022 0.071 -1.353
43 -28.200 6.362 -4.976 0.196 0.037 -1.441
44 -40.106 57.415 4.524 0.211 -0.265 -0.478
45 -19.103 -26.318 -8.381 0.088 0.103 -0.469
46 -52.344 -8.153 -3.129 0.879 -0.040 -1.670
47 21.944 81.360 85.135 1.081 0.749 1.937
48 33.572 66.379 56.004 3.557 0.319 -0.674
49 39.315 12.332 119.312 0.080 -0.076 5.804
50 -11.262 125.046 27.603 -0.279 -0.513 0.597
51 17.088 97.603 67.811 -17.857 -0.086 5.811
52 40.744 122.984 39.917 -0.052 0.496 0.718
53 26.514 56.442 116.114 -0.557 -0.064 2.554
54 20.462 81.883 85.782 -0.024 0.066 0.645
55 21.371 89.018 77.478 0.943 0.530 0.643
56 62.428 75.518 34.566 0.409 -0.028 0.450
57 22.405 93.684 71.520 -0.611 -0.802 1.954
58 21.530 93.888 71.888 -0.370 -0.352 5.858
59 19.951 94.753 72.577 -0.903 -0.534 5.861
60 58.201 35.356 79.700 0.155 0.963 7.172
61 22.003 90.421 75.563 0.666 -0.213 1.949
62 60.831 157.440 -72.936 0.216 2.544 -19.931
63 -26.946 119.036 22.355 0.025 -27.006 0.659
64 61.880 156.134 -72.023 -0.055 -3.759 -7.449
65 -6.793 -135.310 227.821 -2.847 0.313 1.353
66 -45.966 141.805 -26.150 -0.075 0.697 2.416
67 63.276 154.840 -71.287 0.091 3.194 -7.458
68 64.703 152.908 -69.603 -0.037 2.789 -7.471
69 -22.618 147.707 14.397 -0.017 0.198 0.600
70 47.792 158.327 -53.627 0.058 35.820 -15.003
71 -26.237 30.923 110.652 -0.082 0.217 -5.718
72 61.664 14.277 58.106 0.250 -3.315 -6.825
73 68.218 144.383 -64.743 0.349 1.027 -26.289
74 -9.536 73.356 -55.229 -1.123 -1.658 -19.018
75 -0.767 -75.173 146.604 -1.320 13.067 6.738
76 -13.400 -59.128 141.086 -0.090 -0.774 -1.856
77 -13.477 -59.779 140.434 -0.138 -0.330 -1.866
78 -14.629 -54.498 138.526 -0.081 -0.232 -0.938
79 -16.723 -56.282 141.652 -0.082 -0.108 -1.010
80 -16.581 -56.259 141.616 -0.081 -0.211 -1.004
81 -15.704 -55.788 140.478 -0.083 -0.084 -0.976
82 -15.005 -56.301 140.142 -0.085 -0.154 -0.920
83 -17.994 -56.245 142.918 -0.083 -0.005 -1.067
84 -15.764 -54.884 139.817 -0.082 -0.119 -0.968
85 -14.154 -56.926 139.492 -0.081 -0.236 -0.947
86 -25.775 -60.285 148.522 -0.162 1.262 0.316
87 19.286 -47.306 118.799 0.072 -22.982 0.917
88 -14.562 -58.304 141.576 -0.180 -2.796 -0.577
89 -24.498 -66.096 152.699 -0.166 2.242 -0.221
90 164.239 232.949 263.555 0.605 11.737 -31.530
91 -136.098 57.486 -5.928 0.193 3.749 0.308
92 -65.779 102.804 -43.404 0.346 8.218 1.133
93 -73.199 103.829 -45.261 0.341 4.347 1.219
94 -129.277 10.539 20.596 0.442 2.995 1.095
95 -112.651 6.256 13.665 0.344 1.417 1.107
96 -135.355 54.848 -5.520 0.193 3.596 0.345
97 -104.376 44.867 -7.623 0.387 -11.187 1.151
98 -56.967 64.731 -6.385 0.312 -12.227 1.157
99 -122.296 57.158 -10.076 0.366 -4.385 1.370
100 -19.790 49.060 64.284 -0.099 -7.530 0.516
101 -96.288 41.061 -2.022 0.375 3.296 1.205
102 -101.248 68.436 -25.504 0.439 12.100 1.228
103 -47.382 66.192 -7.695 0.312 -2.053 1.173
104 -52.681 68.136 -10.886 0.304 -3.162 1.164
105 -131.564 57.364 -8.597 0.332 6.298 1.063
106 5.212 -85.760 75.726 0.251 -18.371 0.799
107 18.682 -84.025 63.849 0.527 -40.652 0.939
108 3.671 -85.556 73.216 0.327 13.744 0.755
109 18.477 -84.347 64.381 0.215 -40.969 0.676
110 14.136 -44.647 66.499 1.416 -6.911 -1.586
111 17.080 -41.721 88.370 1.762 6.171 -1.600
112 62.546 -30.247 75.361 5.666 15.395 -1.083
113 61.303 -34.444 79.210 -1.327 16.415 2.078
114 23.192 -41.185 68.745 -0.875 59.702 0.023
115 13.998 -82.268 63.957 -0.300 -27.553 0.579
116 18.421 -87.428 67.903 -0.163 -38.745 0.384
117 16.852 -86.615 67.793 0.264 -39.165 0.706
118 7.369 -43.673 76.584 -0.193 -23.025 -7.470
119 33.075 -69.655 98.474 -0.114 11.424 1.367
120 19.103 -83.562 63.186 0.251 -40.589 0.693
121 12.089 -81.700 66.581 0.266 -27.822 0.700
122 -72.033 50.396 7.611 0.869 -2.367 -0.494
123 -38.214 19.763 -32.775 -2.844 19.998 3.191
124 -76.220 50.140 11.550 0.857 -1.475 -0.505
125 -65.017 43.064 19.897 0.853 -1.716 -0.506
126 -87.305 45.348 15.883 0.640 10.922 -0.469
127 -58.953 39.247 23.799 0.862 -2.147 -0.503
128 -26.462 39.254 -8.896 -0.630 11.339 1.132
129 -62.142 41.373 21.628 0.875 -1.477 -0.492
130 -68.274 44.478 18.996 0.860 -0.994 -0.506
131 -61.640 41.284 21.364 0.848 -1.692 -0.517
132 -63.210 41.725 22.046 0.856 -2.190 -0.507
133 -62.926 40.608 24.440 0.865 -1.833 -0.499
134 -60.561 40.102 23.308 0.848 -1.400 -0.516
135 -69.884 45.486 17.950 0.860 -0.691 -0.506
136 -83.958 45.664 21.521 0.926 20.046 1.443
137 -24.902 11.528 53.697 1.768 11.614 3.143
138 -24.180 -66.769 72.769 1.178 29.418 -0.130
139 -47.905 25.304 27.328 0.290 19.811 -1.184
140 -12.711 -36.506 50.180 -1.227 28.268 2.338
141 -27.044 14.218 48.646 1.285 8.918 4.118
142 -26.395 13.572 48.762 1.245 8.726 4.114
143 -28.541 -64.896 75.848 -1.406 31.113 -0.084
144 -28.018 -66.532 76.983 -0.547 31.110 -0.053
145 -23.059 -63.607 69.986 1.072 29.307 0.121
146 -23.273 -64.262 70.589 0.865 29.364 -0.183
147 -63.699 1.222 -25.784 -1.608 38.480 -0.558
148 -20.121 -24.256 57.273 -2.859 4.406 -5.943
149 -10.261 -38.346 -13.577 1.880 14.177 -2.262
150 -8.671 -41.933 -12.814 1.489 16.298 -2.093
151 -49.247 10.575 -17.225 4.734 -18.122 6.135
152 -55.489 0.364 -26.152 -0.784 44.773 -1.098
153 -36.147 -42.500 93.830 -3.969 69.749 -2.748
154 -120.012 40.643 58.080 -0.144 34.535 7.352
155 -62.121 51.816 38.269 -4.028 20.171 -0.690
156 -46.708 47.781 -48.966 -5.644 34.354 -6.229
157 -75.886 71.353 0.065 -5.790 21.442 -1.588
158 -72.465 58.701 12.140 -4.970 15.117 -0.952
159 -104.284 75.717 30.994 -4.755 49.852 -1.129
160 -77.596 55.203 25.866 -6.096 23.973 15.178
161 -62.212 52.086 37.690 -4.171 20.487 -0.513
162 -61.909 54.375 30.429 -6.660 19.636 2.657
163 -78.308 49.119 24.773 -5.907 29.680 8.432
164 -72.154 73.174 11.040 -1.546 23.835 -4.638
165 -31.299 52.262 39.882 -1.029 14.916 -3.501
166 -53.823 1.578 61.221 -1.324 10.699 -1.353
167 -63.988 4.396 63.488 -2.889 6.961 -0.967
168 -66.632 58.106 83.810 -1.535 -10.955 0.215
169 -69.315 61.018 16.235 -5.342 18.202 -0.553
170 -95.385 84.886 44.951 6.939 29.572 4.574
171 -72.484 55.537 17.049 -5.268 14.404 -1.198
172 -106.803 70.974 48.600 -1.139 47.118 -9.939
173 -74.267 71.545 -2.324 -5.487 21.188 -0.926
174 -121.894 36.052 60.114 0.215 31.153 9.970
175 -70.200 60.577 41.991 6.435 94.229 0.753
176 -124.252 -37.530 76.895 -0.822 75.869 -7.490
177 -125.281 22.471 62.231 -0.016 29.892 11.488
178 -35.494 78.569 89.321 0.691 -77.359 13.799
179 -20.093 79.484 102.238 31.863 31.695 0.407
180 -38.991 29.832 35.194 -13.047 -21.737 4.802
181 -34.390 67.843 97.981 -13.349 -7.233 -3.325
182 -103.426 56.305 9.170 0.801 47.529 19.767
183 8.252 105.302 26.882 0.017 4.589 3.068
184 4.146 97.900 94.442 1.153 -4.446 -10.817
185 -8.928 34.762 34.021 1.098 -28.458 -7.166
186 -74.892 -18.793 45.825 -3.689 -11.923 8.330
187 -41.368 26.912 50.160 -9.747 -14.933 16.830
188 -48.881 -11.905 55.356 1.579 -47.464 14.077
189 -46.625 12.555 -5.038 10.420 20.158 -7.940
190 -46.677 12.748 -5.211 10.416 20.417 -7.905
191 -47.471 10.020 19.464 0.260 45.796 -1.905
192 -100.749 4.228 29.011 7.077 38.439 -7.180
193 -103.780 -0.093 31.368 4.382 31.433 -10.931
194 -48.610 9.734 20.280 -0.094 46.740 -1.749
195 -46.890 9.194 21.082 0.346 45.016 -2.078
196 -65.536 -26.475 20.840 -1.324 11.269 -1.928
197 -66.886 -27.160 26.369 -2.301 5.079 -0.158
198 -51.150 -2.454 57.755 -9.103 16.031 4.429
199 -41.116 -42.450 0.386 -5.173 57.881 -12.315
200 -42.131 -43.783 1.822 -4.895 58.772 -12.624
201 -20.705 17.059 56.694 -27.681 55.973 -30.079
202 -43.146 2.210 10.071 2.190 74.793 -6.234
203 -42.698 -45.248 2.634 -4.630 59.142 -12.857
204 -12.804 -23.696 -30.216 10.672 62.105 -17.662
205 -12.392 -26.226 -28.126 12.147 66.441 -15.737
206 -53.033 -22.273 -10.798 0.697 86.945 -5.290
207 -40.936 -31.597 -3.205 -0.847 73.156 -4.867
208 -42.444 -44.783 3.179 -4.458 58.957 -12.883
209 -52.133 -38.120 -10.134 2.079 73.006 -14.205
210 -41.137 -43.969 1.103 -5.309 57.627 -12.307
211 -73.013 -30.908 -2.287 13.891 100.389 -14.292
212 17.868 13.296 7.419 -9.905 20.615 -1.794
213 -40.115 -45.723 2.998 -4.991 56.263 -12.157
214 -53.166 7.286 -20.283 18.285 49.500 -33.377
215 -65.329 27.078 -22.817 4.180 41.347 -27.456
216 8.886 148.013 13.600 4.477 56.180 6.466
217 -60.990 -36.448 100.956 -46.132 51.686 -32.610
218 -40.797 33.866 -67.678 5.138 -50.469 -12.693
219 -80.473 70.025 -37.082 8.150 18.005 -19.231
220 -81.538 74.381 -39.831 8.201 17.091 -19.310
221 -60.822 82.584 -99.208 0.097 -8.717 -28.195
222 -67.814 15.196 33.421 -11.207 13.648 -19.294
223 -67.786 16.046 32.350 -10.806 13.977 -19.341
224 -61.121 62.446 -85.071 3.656 -20.682 -13.458
225 -49.736 77.238 -15.730 -3.547 18.370 -30.488
226 -49.527 44.333 -67.005 10.155 5.402 -46.438
227 49.938 85.054 22.320 12.757 -67.301 -10.791
228 -35.312 65.446 -68.299 9.584 -15.537 1.654
229 39.099 -70.201 -3.011 18.769 9.965 -33.690
230 38.705 -70.792 -0.742 18.414 10.982 -33.407
231 41.924 -70.966 -10.375 18.306 10.541 -34.892
232 29.834 -35.046 19.725 2.007 10.329 0.185
233 48.577 -77.693 -14.229 16.416 10.046 -36.253
234 54.560 -21.252 -1.180 19.706 -8.879 -6.187
235 44.620 -16.938 -10.541 6.433 -20.894 9.281
236 29.294 -14.414 1.822 -10.391 -2.858 -6.826
237 36.759 -9.218 0.549 15.320 -10.012 -3.234
238 39.084 -67.896 -7.784 19.130 9.494 -33.782
239 38.651 -70.871 -0.743 18.445 10.984 -33.440
240 56.059 -83.407 -4.996 14.780 7.904 -35.619
241 43.954 -70.414 -6.556 17.920 11.669 -34.270
242 48.907 -70.158 -1.928 15.452 5.235 -35.458
243 48.503 -69.212 -1.991 15.414 5.016 -35.319
244 -71.923 -92.242 132.625 -1.986 73.683 -42.792
245 49.902 34.311 23.796 -23.390 7.953 -4.585
246 -82.478 145.414 -85.551 -29.158 -3.208 -13.445
247 8.304 83.319 19.858 -7.341 -2.150 -11.785
248 3.629 51.863 -5.441 4.711 10.427 0.900
249 -79.283 143.241 -81.354 -28.538 -3.925 -13.098
250 -82.917 150.597 -82.618 -28.822 -6.522 -12.384
251 46.798 45.963 17.867 -13.556 4.876 -5.707
252 -1.891 61.406 2.011 20.235 12.535 7.301
253 -76.545 135.641 -75.062 -28.013 -7.590 -12.806
254 -71.692 128.591 -67.414 -27.649 -8.215 -12.452
255 -22.465 81.660 -37.299 33.169 -6.911 18.395
256 38.266 44.408 5.930 20.207 21.340 6.611
257 51.162 33.652 25.629 -23.526 6.809 -4.307
258 -53.763 67.191 -88.980 -15.961 40.339 3.087
259 -46.745 81.160 -87.863 -19.637 28.965 -1.610
260 -133.114 -70.917 95.484 6.298 14.689 8.475
261 -101.733 -62.538 72.873 21.761 74.155 4.466
262 -21.486 -54.671 8.170 -0.985 41.078 -15.608
263 -34.742 -49.083 32.905 0.988 20.276 0.162
264 -81.674 -16.670 62.547 6.891 35.885 -10.174
265 -107.954 87.917 5.961 7.669 36.170 -13.759
266 -115.153 103.841 -3.310 5.146 32.569 -13.711
267 37.418 -78.789 -15.619 5.516 37.238 -11.946
268 68.385 -80.537 -21.335 3.053 25.493 -8.329
269 -28.553 12.573 29.237 12.074 36.791 -15.220
270 -63.206 -40.964 60.158 4.753 43.705 -12.615
271 37.139 -79.332 -15.188 5.379 36.733 -11.736
272 71.811 -70.933 -24.370 -12.489 24.867 -11.819
273 124.435 43.104 11.133 17.887 22.079 -11.318
274 70.327 -79.227 -21.100 3.665 24.102 -2.749
275 -20.390 -51.474 6.328 -4.254 48.896 -3.578
276 3.066 44.442 -77.058 -20.533 -7.874 -2.723
277 -32.456 -33.802 -67.721 -5.080 -12.247 -2.669
278 -41.910 70.080 -27.980 -2.196 25.071 -0.918
279 16.005 17.673 -20.901 3.949 -3.611 2.146
280 -2.468 101.159 38.956 6.745 -9.301 -6.740
281 64.046 69.741 24.908 -17.660 -28.970 -15.123
282 21.904 8.998 7.794 20.796 -18.613 13.151
283 62.790 53.441 -21.098 -15.892 6.759 -8.938
284 55.521 7.174 52.870 -16.332 -5.354 0.587
285 28.049 46.827 -6.718 11.321 4.692 -10.062
286 -4.834 69.640 -17.099 -9.154 0.756 -1.799
287 37.368 -1.694 -40.758 -5.014 -6.153 10.948
288 55.912 23.369 -1.343 -20.303 -2.678 5.235
289 27.341 78.539 39.195 -19.779 9.911 10.712
290 -19.133 77.133 18.345 -10.911 22.892 5.971
291 3.087 77.745 -3.357 -13.719 10.107 7.094
292 51.163 86.853 -27.824 -1.963 -11.127 2.139
293 9.118 -14.076 -1.313 -8.117 0.972 4.180
294 -15.825 114.592 -74.091 -9.889 7.931 12.230
295 -10.563 12.359 -6.138 -7.307 0.229 -3.960
296 27.253 13.356 6.588 24.046 25.742 -2.254
297 -22.788 -20.138 20.719 -9.072 1.997 7.545
298 25.400 70.936 -47.716 -5.448 -20.760 1.655
299 24.620 15.073 4.836 -6.832 10.392 2.239
300 -6.602 23.523 -8.167 -5.314 -2.271 8.616
301 3.030 76.323 -3.853 -13.787 9.116 7.623
302 3.108 76.266 -3.680 -13.724 9.273 7.957
303 4.259 77.135 -2.882 -13.451 9.840 7.670
304 2.904 77.622 -3.819 -13.449 9.854 9.145
305 4.055 2.746 78.156 -11.911 -30.433 1.481
306 -34.961 14.370 -33.410 -1.532 3.958 8.725
307 -26.198 56.375 -50.780 -0.942 0.315 4.673
308 34.727 -2.976 -18.990 8.398 25.303 -16.012
309 -29.388 -1.541 -23.693 4.768 -19.243 -1.792
310 10.489 -65.120 29.480 -11.515 -3.835 -17.717
311 12.438 -29.997 -39.365 -12.994 16.717 -9.426
312 -22.242 -47.384 7.056 6.613 -10.433 -0.495
313 -82.182 -17.248 -29.893 36.482 -11.364 15.208
314 -23.671 -79.207 -40.234 -10.130 20.956 21.399
315 -28.228 14.741 -31.532 -0.317 3.490 8.187
316 -26.887 35.744 -29.921 -7.384 16.610 15.228
317 26.151 -39.244 -14.415 -4.531 -24.976 9.167
318 -11.116 -0.494 -6.226 5.552 -19.469 -12.723
319 8.077 -45.175 4.223 -13.842 5.367 -13.740
320 2.962 -52.835 -29.266 -0.521 14.042 17.219
321 -37.355 -36.637 -55.027 1.613 18.675 19.985
322 -15.066 -122.413 -23.000 -8.003 15.789 7.685
323 -58.139 13.647 -47.503 -0.555 19.407 20.753
324 -12.076 -38.958 -28.857 5.081 9.864 -3.910
325 18.721 15.229 -15.363 16.468 -6.917 -14.143
326 6.097 -69.102 -16.309 -4.702 13.875 13.952
327 -35.382 -37.951 -53.526 2.088 18.072 19.759
328 -26.324 -56.070 -32.028 10.814 4.933 48.422
329 -24.392 -20.844 -65.923 7.935 -6.860 -16.038
330 -32.098 -15.199 -31.028 -8.110 -35.110 7.420
331 -18.453 -17.101 27.840 19.702 -3.119 -11.717
332 -12.088 -19.076 30.915 -20.352 -7.268 2.195
333 -12.839 -42.554 -23.162 6.445 15.697 7.799
334 -9.358 -68.958 -22.686 -9.005 10.914 19.039
335 -39.633 -35.819 -58.497 0.585 18.309 18.595
336 -86.293 -101.703 -137.759 -12.576 72.260 -5.075
337 -29.339 -39.349 -92.888 -8.538 3.132 36.870
338 25.993 -65.793 -46.137 -0.640 10.193 17.299
339 -36.592 -96.405 -99.027 18.648 -28.800 -4.865
340 -14.961 -74.492 -57.534 -9.619 -30.962 36.810
341 -21.018 31.264 -14.085 19.945 -7.670 -3.856
342 -20.540 -29.765 -118.682 12.500 -13.575 -3.674
343 -23.660 -22.367 12.508 -27.903 -20.829 -17.666
344 -4.517 -25.843 -35.462 -3.519 1.926 -9.282
345 -72.379 -16.812 -49.187 -5.271 25.563 -15.316
346 -45.210 -15.651 -61.296 -5.954 30.828 13.349
347 -11.382 -33.909 -13.752 -2.748 8.106 7.846
348 20.980 -46.431 5.390 5.003 -17.780 15.274
349 14.581 -65.710 -49.675 -1.951 25.799 32.899
350 0.908 -38.022 -80.282 -11.128 -0.287 27.939
351 -15.472 -122.677 -20.790 -11.866 -23.217 23.178
352 -11.089 -22.385 -20.540 -5.265 -9.752 -5.868
353 -20.101 -8.414 -32.200 -25.408 -10.580 -3.896
354 -40.606 -43.878 -72.701 -30.533 -18.093 -33.166
355 -35.355 -79.222 -11.603 8.093 46.246 71.768
356 -64.125 -89.811 -54.858 -9.453 49.579 30.944
357 -61.771 -91.820 -153.323 8.760 -13.323 11.462
358 -62.615 -50.785 -65.064 -11.866 -5.279 18.202
359 -3.228 -23.472 -23.132 1.777 -16.648 -10.787
360 -11.425 -125.307 49.964 13.877 74.716 60.050
361 -15.458 -68.991 -25.462 -8.553 -1.485 -16.908
362 -15.427 -30.240 -27.016 -2.761 -1.048 12.956
363 -106.551 -4.126 -120.491 -5.576 0.848 -22.516
364 -52.202 -114.581 -39.081 3.591 47.642 9.086
365 4.540 -108.999 24.561 6.412 19.983 9.750
366 -50.082 -99.247 -21.390 6.405 24.774 25.013
367 7.571 -112.992 33.770 11.871 40.515 18.436
368 -75.931 -80.981 6.593 26.374 35.265 31.539
369 -63.545 -161.189 -142.287 16.178 81.822 -6.306
370 -78.448 -74.127 16.006 28.218 39.019 38.104
371 -22.444 -84.128 59.640 0.136 61.563 83.944
372 -47.971 -109.825 -91.746 22.611 -2.906 -29.746
373 -50.157 -101.290 -89.594 22.795 -4.056 -28.408
374 35.794 -66.026 16.430 -31.327 -12.888 39.342
375 -35.540 -82.135 -70.562 -5.799 -6.250 1.120
376 13.864 -23.957 -4.950 -7.496 33.357 -6.257
377 -19.613 19.319 -5.907 28.656 16.517 21.948
378 -13.508 -79.439 -12.526 -9.233 5.432 8.137
379 -20.572 -94.019 -23.262 -3.098 2.744 10.341
380 -37.409 -74.402 42.374 -5.984 3.230 17.399
381 -37.246 -67.313 28.939 -4.803 -0.629 16.997
382 5.454 -44.820 18.908 -28.346 -10.853 7.480
383 83.732 12.609 58.727 -15.412 23.219 -8.178
384 -50.850 -98.831 -71.042 -0.110 9.663 13.552
385 -28.341 -72.799 45.510 -10.379 -35.166 43.861
386 -15.097 -15.013 39.029 8.971 40.243 77.302
387 -34.031 -75.592 -63.463 5.860 -2.080 16.605
388 -16.201 -57.214 -27.123 -3.029 29.202 -9.584
389 -0.944 -82.931 -54.698 -8.954 -1.413 -10.669
390 -12.213 -58.970 -10.543 17.776 -24.656 -10.278
391 -23.789 -38.338 -73.298 -4.241 11.291 13.194
392 -17.247 -21.646 -23.559 -30.207 -2.162 -0.911
393 20.363 -52.224 62.522 -2.192 3.554 35.998
394 -15.228 30.990 -7.460 3.603 -6.865 35.981
395 -2.128 -52.093 18.847 -1.561 -18.566 -2.917
396 -28.916 -101.601 -72.458 -4.180 -0.074 10.375
397 -0.185 -21.917 18.017 1.076 8.416 42.051
398 73.526 -59.459 -61.093 -32.645 -4.335 -16.201
399 -19.255 -37.726 -55.663 -6.835 17.926 -1.538
400 12.220 -23.857 47.863 11.102 22.066 40.419
401 -10.369 31.862 -16.892 -0.129 36.130 84.261
402 -42.367 -136.418 -95.936 39.737 13.155 -42.597
403 -16.165 -128.352 -96.387 54.083 15.919 -36.414
404 -0.629 -9.577 1.256 12.614 3.225 -5.994
405 -13.543 40.251 -48.785 -0.815 11.695 17.218
406 57.471 19.514 49.223 9.305 -33.658 26.124
407 65.924 20.463 -42.828 -39.559 25.477 13.680
408 -46.393 -32.825 -61.263 0.991 -3.197 27.698
409 -43.262 -47.873 -44.214 20.180 -12.699 -2.280
410 -13.222 -40.542 -11.697 2.871 19.394 0.132
411 -19.776 28.551 -33.637 1.386 9.802 21.848
412 -45.412 -42.325 -42.087 2.754 7.254 9.038
413 16.707 33.411 -7.100 -15.286 20.946 38.202
414 -6.527 -32.472 -0.925 -21.478 12.288 17.103
415 -33.805 -40.210 -68.290 11.434 7.311 -9.786
416 -30.266 28.394 22.435 7.395 -51.701 21.177
417 -14.012 -17.826 -33.069 4.895 7.517 -1.424
418 -34.597 7.524 -22.384 0.197 -24.887 12.697
419 -44.856 -23.146 -58.588 -1.991 -4.600 -6.609
420 2.878 30.914 31.395 -7.819 8.749 11.189
421 -30.253 28.311 22.630 7.532 -51.674 21.276
422 -30.864 28.984 22.927 7.468 -51.723 21.328
423 -75.464 -49.733 -78.940 13.166 -4.454 0.538
424 -47.122 -41.481 -37.311 -1.886 -14.447 -11.364
425 -23.300 4.320 -36.986 -8.151 4.000 -4.895
426 -43.596 -20.360 -63.021 18.179 9.150 -23.195
427 -37.635 -32.915 -77.685 -3.974 -14.361 -3.612
428 -74.593 3.650 -25.648 21.737 -9.066 36.244
429 -38.148 -11.528 2.512 -18.151 3.666 19.575
430 -13.003 -9.521 -13.066 -30.201 -14.945 11.093
431 -125.184 -13.018 -137.090 22.741 40.387 20.033
432 -8.864 9.129 0.928 -4.264 -91.226 21.363
433 -7.688 -30.291 -71.355 -8.087 -0.877 -2.937
434 -8.832 9.000 1.181 -4.274 -91.283 21.247
435 -9.097 9.226 1.159 -3.983 -91.383 21.025
436 25.174 -6.369 -84.319 -19.888 5.153 16.703
437 -28.148 -33.532 -23.839 0.828 15.410 -5.005
438 -66.102 -64.100 -83.312 25.621 0.747 -31.331
439 -69.275 -49.136 -77.881 8.573 18.691 -4.582
440 -10.957 -28.781 -55.187 -3.039 -17.427 8.062
441 -1.868 -8.070 -17.570 4.380 0.914 14.104
442 -21.590 -27.606 -25.131 -8.706 -4.815 14.444
443 -52.603 24.348 7.127 -0.536 -3.343 6.332
444 -55.650 -21.895 -57.218 13.109 12.822 1.884
445 -61.436 -61.562 -62.221 -9.394 0.701 12.889
446 -50.769 -55.602 -54.758 18.986 3.939 3.380
447 104.585 26.292 20.649 -27.207 -14.407 4.093
448 -67.724 -51.944 -65.914 -0.163 -0.984 3.613
449 -54.087 14.696 -24.034 -10.900 10.862 3.913
450 -49.544 -37.452 -5.208 31.718 -6.165 0.476
451 -30.793 24.302 1.596 -8.243 7.778 5.276
452 -27.780 -55.999 -90.900 -31.451 25.359 22.673
453 -66.655 -79.442 -65.103 -0.470 0.288 10.396
454 -81.074 -109.875 -88.180 69.307 -10.952 -21.899
455 -85.077 -75.203 -72.350 4.727 23.930 1.154
456 -97.140 -61.896 -83.815 26.780 -12.339 -3.448
457 72.225 22.471 -35.251 -20.513 26.072 26.204
458 69.764 5.311 -25.628 -18.354 16.457 24.609
459 -65.725 -87.624 -92.952 -22.517 11.336 -4.623
460 -38.755 -110.749 -57.230 24.489 29.850 24.795
461 69.046 2.799 -24.167 -17.942 15.058 24.332
462 -40.147 -73.294 -83.612 -18.583 13.146 18.494
463 12.423 -4.275 -34.679 -6.817 26.921 23.278
464 11.161 -4.720 -36.234 -6.681 26.817 23.342
465 11.464 -4.505 -36.484 -6.630 26.988 23.408
466 -19.936 -14.829 -86.291 -2.789 34.511 -19.806
467 -29.060 -17.566 -46.905 -2.547 -77.071 11.116
468 2.393 10.905 26.972 -1.279 39.003 -9.678
469 11.614 -4.725 -36.323 -6.647 26.840 23.430
470 12.404 -4.376 -34.152 -6.553 26.850 23.479
471 -15.825 -13.998 -74.434 -15.238 -32.448 -17.542
472 11.348 -4.509 -36.273 -6.645 27.028 23.403
473 12.039 -3.886 -34.662 -6.877 27.259 23.240
474 11.892 -3.694 -34.814 -7.002 27.405 23.124
475 -55.574 -46.930 -23.647 -3.407 6.912 1.667
476 -59.790 -64.554 -43.213 -54.980 42.487 65.500
477 -116.729 -58.958 -91.720 7.116 -27.477 -1.813
478 -97.950 -38.153 -47.982 11.437 -24.619 19.097
479 -62.379 19.841 -53.906 11.407 22.013 18.607
480 -62.550 19.735 -53.705 11.278 22.086 18.517
481 -80.970 -29.234 -131.505 -14.657 5.053 6.957
482 -84.188 13.567 -86.115 8.490 50.986 1.292
483 -93.461 -6.780 -66.373 62.688 54.298 -24.398
484 -77.946 -18.890 -43.973 1.622 6.210 -2.058
485 -62.327 19.688 -53.693 11.296 21.980 18.552
486 -62.328 19.790 -53.968 11.364 21.988 18.596
487 -62.475 19.953 -53.559 11.576 22.140 18.697
488 -54.178 -23.886 -48.097 -1.083 5.682 -4.780
489 -62.354 19.591 -53.649 11.178 21.956 18.471
490 -32.824 64.700 -48.667 -20.059 5.914 1.920
491 -86.468 -77.319 -94.483 4.447 14.581 -16.823
492 -123.724 -91.368 -105.892 21.027 8.391 -15.665
493 -112.918 -5.845 -82.882 7.424 -3.592 -11.832
494 -14.928 49.794 -68.949 28.552 28.132 18.635
495 -33.836 19.472 -61.400 18.763 -1.755 -33.406
496 -95.122 11.847 -74.640 56.594 51.590 -25.923
497 -46.327 -16.095 -96.267 -2.962 45.679 57.595
498 -131.673 42.916 2.495 -5.333 16.348 -1.790
499 -15.163 49.686 -68.782 28.523 28.121 18.625
500 -78.415 23.872 -113.284 -5.444 12.332 20.543
501 -15.198 49.544 -68.756 28.709 28.056 18.733
502 -78.828 -11.927 -61.526 10.859 -26.440 8.700
503 -15.155 49.828 -68.813 28.562 28.189 18.664
504 -71.160 -15.079 -52.915 8.724 9.770 -3.645
505 -50.406 -58.220 -87.806 3.880 -10.244 36.976
506 -118.173 -3.437 -113.394 -11.573 -20.505 17.291
507 -75.680 27.180 -70.444 7.497 -12.564 0.010
508 -74.369 29.575 -67.445 8.590 -4.298 2.964
509 3.001 21.941 -78.728 49.637 27.047 14.454
510 -11.282 -34.672 -61.226 4.770 13.299 -7.053
511 -129.537 -44.774 -123.223 -20.091 -3.583 58.893
512 -59.279 2.638 -113.823 -9.906 17.380 0.397
513 -56.104 -31.032 -64.630 20.836 -29.697 61.459
514 2.561 22.071 -78.606 49.741 27.169 14.587
515 3.331 22.153 -77.032 49.191 27.105 13.991
516 2.914 22.188 -78.710 49.703 27.162 14.522
517 -48.125 -72.915 -17.592 -21.562 -4.538 -2.285
518 -79.855 -27.559 -60.049 17.231 -8.024 20.824
519 2.458 21.875 -78.302 49.377 27.140 14.294
520 2.930 21.591 -78.556 49.488 26.851 14.364
521 -146.542 -76.204 -129.557 -6.054 -41.488 20.488
522 -139.859 -50.125 -114.900 22.281 7.226 2.274
523 -70.939 -3.459 -96.616 14.246 -10.639 14.656
524 -80.181 -15.728 -50.796 4.341 6.117 23.296
525 12.168 -4.495 -64.771 64.141 23.077 7.858
526 -57.927 -2.646 -49.743 -11.692 12.288 -2.861
527 9.672 -54.738 -17.520 -107.010 -62.356 52.131
528 -47.591 -58.663 -49.057 35.279 -28.792 56.160
529 -89.456 -13.383 -87.966 6.196 7.393 23.198
530 11.720 -4.642 -64.656 64.048 23.304 7.668
531 11.968 -4.647 -64.399 63.985 23.224 7.670
532 12.025 -4.648 -64.628 63.964 23.260 7.607
533 -79.837 -29.043 -65.464 13.932 -12.766 3.524
534 -15.606 -18.553 -71.541 38.739 -2.880 19.189
535 12.079 -4.607 -64.513 63.949 23.245 7.601
536 12.071 -4.667 -64.639 63.985 23.219 7.631
537 11.725 -53.829 -15.891 -107.598 -63.479 50.336
538 -60.667 1.969 -55.184 -6.903 -0.805 9.932
539 -65.907 -47.299 -75.080 -4.331 -60.040 57.100
540 -81.336 -57.365 -8.562 12.973 -5.287 3.609
541 119.700 97.245 101.057 18.079 -8.322 5.365
542 101.877 83.711 98.247 12.438 -6.223 -4.599
543 -53.071 -32.469 -41.989 -42.044 -11.820 -17.657
544 -55.107 -24.607 -11.519 1.127 6.929 3.110
545 -100.553 -56.104 -20.645 -22.026 -6.662 8.076
546 -76.712 -21.211 5.422 -11.439 2.866 -0.221
547 -73.416 -26.678 -10.954 -21.177 7.324 4.948
548 -66.261 -11.235 -56.684 -25.605 -24.205 -2.439
549 -96.938 -57.635 -79.424 -24.829 -12.209 14.531
550 -25.279 -27.090 -32.128 -5.903 -9.024 6.621
551 -60.426 -61.659 -39.067 6.526 -2.013 20.053
552 -74.723 -10.481 -25.877 -4.534 -15.358 0.851
553 -73.875 -26.965 -10.876 -21.146 7.112 4.872
554 -79.457 -23.850 3.557 -12.279 2.742 -0.354
555 3.842 -4.839 -41.280 68.037 26.502 1.975
556 -51.831 -37.382 -45.224 36.746 35.637 -20.331
557 -71.667 -19.098 -19.071 35.050 -60.301 12.269
558 -19.248 -72.313 -32.327 53.878 -26.659 74.829
559 -37.134 -19.578 -57.869 22.016 -7.368 29.073
560 3.216 -3.873 -41.926 68.184 26.903 2.137
561 3.651 -4.622 -41.364 68.023 26.670 2.001
562 -62.904 -5.675 -34.260 -11.190 -21.224 9.217
563 -85.677 -63.818 -134.971 16.098 16.710 31.135
564 15.998 56.137 -16.202 5.917 11.656 -6.809
565 3.577 -3.769 -42.303 67.867 26.984 1.941
566 3.425 -4.372 -41.626 67.902 26.831 1.919
567 2.894 -4.328 -41.637 67.898 26.860 2.085
568 5.576 -61.119 -6.218 -106.729 -46.657 45.634
569 -26.955 -32.396 -23.934 64.046 -78.625 6.929
570 6.640 -29.402 9.221 63.531 16.005 -4.783
571 -85.430 -59.344 -84.030 9.434 -0.780 -1.412
572 7.632 -76.326 -23.357 67.322 -21.382 63.580
573 -79.807 -32.447 5.431 30.459 -47.860 5.521
574 -93.110 -83.984 -72.581 8.608 -13.824 -10.470
575 5.968 -30.061 9.005 63.211 15.868 -5.136
576 6.221 -29.596 9.434 63.029 16.217 -5.128
577 -51.730 -29.189 -48.698 -5.784 -25.836 4.133
578 -77.931 83.841 7.605 0.873 -2.165 0.404
579 6.186 -29.690 9.599 63.095 16.181 -5.087
580 31.262 26.017 -15.489 11.790 -0.897 3.596
581 5.295 -29.114 9.693 63.227 16.572 -4.831
582 6.152 -29.104 8.912 63.169 16.321 -4.995
583 -128.762 -75.739 -50.617 -26.430 -21.856 43.835
584 14.243 4.527 -71.973 23.865 12.126 -9.505
585 -87.405 -61.846 -45.677 0.812 3.047 0.541
586 -9.674 -59.528 0.338 47.079 -32.718 73.614
587 17.299 -26.224 41.852 48.019 6.351 -11.513
588 -82.947 -101.662 -78.130 1.606 2.017 1.705
589 17.099 -25.989 41.620 48.063 6.378 -11.414
590 17.042 -26.241 42.359 47.944 6.287 -11.607
591 -90.642 -14.552 -75.485 -15.220 -5.900 18.389
592 16.241 -25.995 42.681 47.872 6.351 -11.743
593 -85.104 -35.053 -102.107 -15.359 -24.300 45.355
594 40.011 48.544 -77.585 13.277 1.724 4.532
595 -58.051 -4.106 -50.269 -15.975 -4.782 11.029
596 -114.843 -112.368 -45.171 -13.214 43.386 -1.351
597 -37.268 -29.533 -30.662 12.220 22.047 -2.814
598 -35.213 -14.701 -20.459 47.319 -54.342 -8.854
599 17.284 -26.275 42.321 47.801 6.236 -11.735
600 -2.795 -5.424 62.587 17.894 8.552 -15.570
601 -46.093 -16.471 -54.107 -18.333 11.248 10.681
602 -43.311 -58.696 36.552 28.790 -24.740 56.199
603 -91.328 -16.398 45.283 1.403 -26.646 -17.845
604 -62.243 -35.913 -82.942 -9.120 6.448 -13.531
605 -2.779 -5.510 62.928 17.920 8.526 -15.546
606 -3.020 -5.142 62.634 17.761 8.641 -15.624
607 4.471 -12.399 -0.952 -25.735 12.434 13.526
608 -3.638 -4.982 62.763 17.904 8.841 -15.504
609 -165.081 -101.014 -78.211 -28.015 -11.392 -6.417
610 -165.551 -102.231 -77.227 -28.185 -11.727 -7.038
611 -2.121 -44.994 56.719 15.053 -10.956 -81.095
612 -30.650 -84.316 -8.030 34.578 7.621 -54.869
613 -101.520 28.017 19.803 -1.135 10.077 -21.965
614 -30.459 -16.054 -20.201 4.115 19.455 -1.594
615 -112.771 -64.104 17.498 -15.640 20.448 -35.151
616 -38.027 18.239 -0.103 -5.196 5.733 -14.981
617 -58.090 -4.578 -42.719 -6.435 7.034 4.439
618 -46.244 -11.871 -24.741 15.842 4.470 -16.968
619 -83.100 11.524 31.404 -48.393 5.749 -36.119
620 -61.209 -47.222 -85.460 -1.001 -5.075 -3.935
621 -8.718 25.499 50.125 -8.498 8.300 -21.980
622 -8.530 25.585 50.144 -8.536 8.338 -22.003
623 -81.128 -48.342 -99.120 -0.432 0.771 2.799
624 -8.572 25.722 50.013 -8.594 8.408 -22.050
625 -132.566 -127.819 -121.810 12.459 -6.124 -5.394
626 -127.356 -105.505 -121.661 18.811 -10.329 -21.957
627 -59.549 -13.300 5.830 -0.042 -14.579 21.002
628 -44.672 -35.066 28.944 0.824 -15.818 39.077
629 -30.638 51.656 -33.776 15.900 -1.349 13.628
630 -8.578 25.589 50.164 -8.477 8.337 -21.956
631 -124.111 -94.751 -61.433 13.428 33.840 4.678
632 -117.988 -41.747 -3.068 -14.755 24.534 -35.942
633 -46.051 -32.894 -31.304 6.645 19.899 -33.584
634 -76.203 -3.061 47.209 31.265 36.936 -41.418
635 -118.278 -56.995 -55.391 -1.234 3.619 -10.660
636 -114.723 -66.254 -33.346 0.440 -10.208 -8.050
637 -69.113 -41.671 -86.046 -5.651 3.724 -6.552
638 -137.783 -58.966 -12.368 -19.017 -9.985 -18.951
639 -127.993 -93.874 -28.867 -31.540 20.829 -37.250
640 -135.488 -81.594 -30.524 -26.378 21.730 -30.989
641 -127.096 -60.413 -10.862 -37.642 19.703 -29.881
642 -9.159 -19.396 -45.181 -23.139 -34.714 10.087
643 -44.608 -7.952 -36.697 -1.340 0.180 -3.026
644 -82.288 -57.780 -45.521 -15.962 -2.989 -20.434
645 -68.528 -19.524 -37.252 -18.331 -2.447 0.549
646 -77.963 -63.749 -70.069 5.611 7.589 -22.534
647 6.588 25.005 14.242 -24.633 11.432 -33.408
648 -51.919 9.939 -16.651 8.152 -1.383 5.352
649 -20.310 -27.743 -32.622 -38.959 34.190 60.585
650 -82.116 -7.266 -3.063 -29.328 -0.926 -52.197
651 13.005 38.444 41.611 -45.844 -11.513 -13.033
652 6.510 24.916 14.219 -24.620 11.367 -33.350
653 6.403 25.179 14.335 -24.689 11.544 -33.448
654 -57.222 -36.847 -56.827 2.713 25.972 4.273
655 6.269 25.291 14.360 -24.692 11.632 -33.448
656 6.503 25.069 14.169 -24.669 11.491 -33.431
657 -77.669 -29.235 -72.765 -24.693 -1.962 -29.737
658 -120.310 -79.026 -129.588 11.372 -5.733 -16.177
659 -121.206 -53.477 -122.909 11.342 -25.517 -24.119
660 -26.313 -29.917 -20.255 -11.903 -17.677 34.714
661 -98.632 -33.917 -86.418 -12.995 25.809 9.785
662 13.895 33.724 -59.031 -16.240 6.070 -31.436
663 -12.566 -2.497 -85.730 -2.289 -19.973 -13.009
664 -55.790 -15.335 -84.661 -55.881 35.744 13.955
665 -4.846 -14.481 -104.355 -19.494 -21.982 -57.781
666 -92.232 0.960 -87.054 40.367 10.069 -3.084
667 14.085 33.352 -58.814 -16.533 5.870 -31.640
668 13.805 35.320 -59.690 -17.426 7.447 -32.296
669 8.435 29.874 -63.690 -17.468 2.780 -33.355
670 -40.570 -14.701 -20.330 -5.097 0.704 28.622
671 -60.243 -13.145 -53.858 -12.520 -8.957 -7.786
672 10.046 33.162 -63.284 -18.254 5.539 -33.622
673 8.823 31.642 -64.330 -18.136 4.152 -33.723
674 -84.204 -58.781 -68.795 -24.867 -3.683 -11.098
675 14.106 35.995 -59.845 -17.625 7.807 -32.375
676 -73.798 57.461 -46.984 -14.082 34.242 -1.278
677 -1.458 -2.155 -102.450 -7.494 6.646 -31.598
678 -39.868 17.922 -31.131 -18.004 0.858 -2.480
679 -57.569 -52.117 -112.110 -54.308 23.396 18.229
680 -98.906 4.686 -10.558 -5.894 -0.502 -0.245
681 -21.264 -33.230 -113.734 -7.120 -22.800 -53.395
682 -1.936 -3.007 -101.697 -8.054 6.492 -31.995
683 -1.844 -2.325 -101.951 -8.109 6.641 -32.065
684 -2.674 85.167 -36.206 -1.961 7.674 -0.568
685 -60.122 0.356 -0.338 36.872 5.835 0.299
686 -75.123 -27.921 -64.377 -3.749 -8.274 3.533
687 -63.033 -41.320 -66.944 -19.377 -17.016 17.637
688 -1.871 -2.504 -102.184 -8.158 6.556 -32.112
689 -46.255 3.456 -65.272 1.797 -4.483 -3.883
690 -2.072 -2.312 -102.016 -8.092 6.783 -32.047
691 -75.606 -90.713 -98.518 4.190 11.623 -15.363
692 23.504 -19.424 -67.227 13.585 -7.496 -27.648
693 -40.369 -0.297 -11.591 6.979 0.811 2.983
694 -104.501 -68.462 -72.872 -30.333 -9.795 -30.396
695 -39.484 -17.360 26.561 5.213 -57.358 45.077
696 -69.456 -45.192 -66.309 3.071 -10.914 20.969
697 23.311 -19.319 -67.196 13.532 -7.420 -27.645
698 23.621 -19.470 -67.196 13.565 -7.552 -27.662
699 -31.489 99.093 -41.176 5.511 11.844 1.790
700 -41.192 -8.707 -0.542 25.841 -9.743 29.218
701 -28.605 7.523 -26.420 8.184 15.053 5.032
702 23.442 -19.448 -67.231 13.523 -7.487 -27.693
703 -61.087 -50.136 -74.752 -33.158 11.064 27.171
704 23.615 -19.462 -67.250 13.583 -7.552 -27.650
705 -45.461 -30.024 -41.685 -12.170 4.482 -15.529
706 -44.439 -27.013 -40.331 -11.340 3.787 -16.833
707 -93.578 -48.997 -53.131 -34.723 -4.012 -50.242
