---- generation  1 ----
  10   0   0     -1.2488
   0  15   0     -2.5834
   0   0  13     -2.1709
   2   9   5     -3.3978
   0   6  10     -3.6896
   4   6   0     -3.1074
   6   2   7     -2.4655
   8   5   2     -2.9628
   1   0  14     -2.1922
   3   3   9     -2.9456
   0  12   1     -2.7966
  10   3   0     -2.2320
   4   2   2     -2.7592
   1   7   3     -3.2841
   3   6   1     -3.2162
   3   4   2     -3.3856
---- generation  2 ----
  12   0   0     -1.2997
   0  15   0     -2.5840
   0   0  16     -2.3492
   5   9   2     -3.3135
   0   6  10     -3.6997
   2   9   5     -3.3978
   8   5   2     -3.0113
   8   7   0     -3.0368
   3   6   6     -3.5234
   9   6   0     -2.9654
   6   9   0     -3.1539
   0  12   1     -2.7966
   4   3   5     -3.0290
   0   2  10     -3.0842
   0   3   8     -3.5454
   1   7   3     -3.2841
   1   4   5     -3.6205
   3   4   2     -3.4116
   3   3   2     -3.2762
---- generation  3 ----
   4   0   0     -1.2997
   0  15   0     -2.5840
   0   0  16     -2.3492
   0   3  13     -3.2022
   2   9   5     -3.3978
   0   6  10     -3.7041
   5   9   2     -3.3135
   3   6   6     -3.5510
   9   6   0     -3.0062
   8   5   2     -3.0113
   4   6   0     -3.1889
   4   9   1     -3.2434
   6   6   2     -3.2812
   2   4   8     -3.4542
   0   4  10     -3.6176
   6   5   2     -3.2003
   0  12   1     -2.7966
   2   4   6     -3.5553
   7   4   0     -2.8516
   1   7   3     -3.2841
   3   3   0     -3.2411
   1   4   5     -3.6205
   1   3   5     -3.6144
   2   5   2     -3.3895
   3   6   0     -3.1150
---- generation  4 ----
   4   0   0     -1.2997
   0   8   0     -2.7623
   0   0  16     -2.3492
   5   9   2     -3.3135
   0   3  13     -3.2022
   8   5   2     -3.0113
   9   6   0     -3.0062
   2   4   8     -3.4542
   4   9   1     -3.2434
   0   4  10     -3.6176
   0   4   8     -3.7668
   2   4   6     -3.5553
   0   5   6     -3.6546
   7   4   0     -2.8516
   3   4   3     -3.4819
   4   6   0     -3.1889
   2   5   2     -3.3895
   3   3   0     -3.2411
---- generation  5 ----
   4   0   0     -1.2997
   0   8   0     -2.7623
   0   0   8     -2.3492
   2   6   9     -3.6528
   0   3  13     -3.2022
   5   9   2     -3.3135
   9   6   0     -3.0062
   8   5   2     -3.0113
   2   4   8     -3.4542
   4   9   1     -3.2434
   0   4  10     -3.6176
   3   6   3     -3.4298
   0   4   8     -3.7668
   2   4   6     -3.5553
   0   5   6     -3.6546
   7   4   0     -2.8516
   2   3   5     -3.4231
   3   4   3     -3.4819
   4   6   0     -3.1889
   2   5   2     -3.3895
   3   3   0     -3.2411
---- generation  6 ----
   4   0   0     -1.2997
   0   8   0     -2.7623
   0   0   8     -2.3492
   2   6   9     -3.6541
   0   3  13     -3.2022
   9   6   0     -3.0062
   8   5   2     -3.0113
   6   6   2     -3.3003
   2   4   8     -3.4542
   4   9   1     -3.2434
   2   4   6     -3.5698
   2   6   4     -3.5297
   0   3   9     -3.4755
   0   4   8     -3.7668
   0   5   6     -3.6546
   0   3   7     -3.6747
   4   6   0     -3.1895
   3   4   3     -3.4819
   2   3   5     -3.4231
   6   3   0     -2.7459
   3   3   2     -3.3441
   1   3   4     -3.6674
   3   3   0     -3.2411
---- generation  7 ----
   4   0   0     -1.2997
   0   8   0     -2.7623
   0   0   8     -2.3492
   2   6   9     -3.6541
   0   3  13     -3.2022
   9   6   0     -3.0081
   8   5   2     -3.0113
   4   9   1     -3.2434
   0   4  10     -3.6237
   2   4   8     -3.4571
   0   3   9     -3.4755
   2   4   6     -3.5698
   2   6   4     -3.5297
   0   4   8     -3.7668
   8   3   0     -2.4838
   0   5   6     -3.6546
   0   3   7     -3.6747
   4   6   0     -3.1895
   3   4   3     -3.4819
   2   3   5     -3.4231
   4   3   2     -3.1667
   6   3   0     -2.7459
   3   3   2     -3.3441
   1   3   4     -3.6674
   3   3   0     -3.2411
---- generation  8 ----
   4   0   0     -1.2997
   0   8   0     -2.7623
   0   0   8     -2.3492
   9   6   1     -3.0339
   0   3  13     -3.2022
   9   6   0     -3.0081
   8   5   2     -3.0113
   0   4  10     -3.6237
   4   9   1     -3.2434
   2   4   8     -3.4571
   2   4   7     -3.5127
   0   4   8     -3.7917
   0   3   9     -3.4755
   2   4   6     -3.5698
   2   6   4     -3.5297
   8   3   0     -2.4838
   0   5   6     -3.6546
   4   4   2     -3.3335
   3   4   3     -3.4819
   0   3   7     -3.6747
   4   6   0     -3.1895
   2   3   5     -3.4231
   4   3   2     -3.1667
   6   3   0     -2.7459
   3   3   2     -3.3441
   1   3   4     -3.6674
   3   3   0     -3.2411
---- generation  9 ----
   4   0   0     -1.2997
   0   8   0     -2.7623
   0   0   8     -2.3492
   0   3  13     -3.2022
   3   2   0     -3.0145
   8   5   2     -3.0113
   0   4  10     -3.6237
   4   9   1     -3.2434
   2   4   8     -3.4571
   6   5   2     -3.2180
   3   3   0     -3.2411
   2   4   6     -3.5789
   0   4   8     -3.7917
   0   3   9     -3.4755
   2   6   4     -3.5297
   8   3   0     -2.4838
   0   5   6     -3.6546
   4   6   0     -3.1895
   3   4   3     -3.4819
   2   2   1     -3.3411
   0   3   7     -3.6747
   2   3   5     -3.4231
   4   3   2     -3.1667
   6   3   0     -2.7459
   3   3   2     -3.3441
   1   3   4     -3.6674
---- generation 10 ----
   4   0   0     -1.2997
   0   8   0     -2.7623
   0   0  16     -2.3500
   0   3  13     -3.2022
   3   2   0     -3.0145
   8   5   2     -3.0113
   0   4  10     -3.6237
   4   9   1     -3.2434
   1   2   4     -3.4794
   6   5   2     -3.2180
   2   4   6     -3.5789
   0   4   8     -3.7917
   0   3   9     -3.4755
   2   6   4     -3.5297
   8   3   0     -2.4838
   0   5   6     -3.6546
   3   4   3     -3.4819
   4   6   0     -3.1902
   0   3   7     -3.6747
   4   3   2     -3.1667
   6   3   0     -2.7459
   0   4   4     -3.5942
   4   4   0     -3.2411
   1   3   4     -3.6674
   3   3   2     -3.3441
   2   2   1     -3.3411
---- generation 11 ----
   4   0   0     -1.2997
   0   8   0     -2.7623
   0   0  16     -2.3500
   0   3  13     -3.2023
   3  12   0     -2.9906
   0   4  10     -3.6237
   4   9   1     -3.2434
   6   5   2     -3.2180
   2   4   6     -3.5789
   0   4   8     -3.7917
   7   4   1     -2.9299
   0   3   9     -3.4755
   2   6   4     -3.5297
   8   3   0     -2.4838
   0   5   6     -3.6546
   3   4   3     -3.4819
   4   6   0     -3.1902
   0   3   7     -3.6747
   4   3   2     -3.1667
   2   1   0     -2.7466
   1   3   4     -3.6674
   0   4   4     -3.5943
   4   4   0     -3.2411
   3   3   2     -3.3441
   1   2   4     -3.4794
   3   2   0     -3.0145
   2   2   1     -3.3411
---- generation 12 ----
   4   0   0     -1.2997
   0   8   0     -2.7623
   0   0  16     -2.3500
   0   3  13     -3.2023
  10   5   0     -2.7573
   6   4   0     -3.0162
   3  12   0     -2.9906
   4   9   1     -3.2434
   2   4   6     -3.5789
   0   3   9     -3.4755
   0   4   8     -3.7917
   7   4   1     -2.9299
   2   6   4     -3.5297
   0   5   6     -3.6564
   0   3   7     -3.6862
   3   4   3     -3.4819
   4   3   2     -3.1667
   4   4   0     -3.2616
   3   5   0     -3.1851
   1   3   4     -3.6674
   0   4   4     -3.5943
   3   3   2     -3.3441
   1   2   4     -3.4794
   2   2   1     -3.3411
---- generation 13 ----
   4   0   0     -1.2997
   0   8   0     -2.7623
   0   0  16     -2.3500
   0   3  13     -3.2023
  10   5   0     -2.7573
   3  12   0     -2.9906
   1   2   4     -3.4794
   4   9   1     -3.2434
   4   4   0     -3.2616
   0   3   9     -3.4785
   2   4   6     -3.5789
   0   4   8     -3.7917
   7   4   1     -2.9299
   2   6   4     -3.5297
   0   5   6     -3.6564
   0   3   7     -3.6879
   6   4   0     -3.0230
   3   4   3     -3.4819
   4   3   2     -3.1667
   0   4   4     -3.5943
   3   5   0     -3.1851
   1   3   4     -3.6674
   3   3   2     -3.3441
   2   2   1     -3.3411
---- generation 14 ----
   4   0   0     -1.2997
   0   8   0     -2.7623
   0   0  16     -2.3500
   0   3  13     -3.2023
  10   5   0     -2.7573
   3  12   0     -2.9906
   4   9   1     -3.2434
   0   3   9     -3.4785
   2   4   6     -3.5789
   0   4   8     -3.7917
   7   4   1     -2.9299
   2   6   4     -3.5297
   0   5   6     -3.6564
   0   3   7     -3.6879
   6   4   0     -3.0230
   3   4   3     -3.4819
   4   3   2     -3.1667
   3   5   0     -3.1851
   4   4   0     -3.2616
   0   4   4     -3.5943
   1   3   4     -3.6674
   3   3   2     -3.3441
   1   2   4     -3.4794
   2   2   1     -3.3411
---- generation 15 ----
   4   0   0     -1.2997
   0   8   0     -2.7623
   0   0  16     -2.3500
   0   3  13     -3.2023
   6   3   0     -2.8402
   4   4   5     -3.3114
   0   3   9     -3.4785
   2   4   6     -3.5789
   0   4   8     -3.7917
   2   6   4     -3.5297
   0   5   6     -3.6564
   0   3   7     -3.6879
   6   4   0     -3.0230
   3   4   3     -3.4819
   1   3   5     -3.6503
   4   4   0     -3.2616
   0   4   4     -3.5943
   1   3   4     -3.6674
   3   3   2     -3.3441
   1   2   4     -3.4794
   2   4   0     -3.2040
   2   2   1     -3.3411
---- generation 16 ----
   4   0   0     -1.2997
   0   8   0     -2.7623
   0   0  16     -2.3500
   0   3  13     -3.2023
   4   4   5     -3.3114
   2   6   4     -3.5297
   0   4   8     -3.7917
   0   3   9     -3.4785
   2   4   6     -3.5789
   0   5   6     -3.6564
   6   4   0     -3.0230
   0   3   7     -3.6879
   3   4   3     -3.4819
   6   3   0     -2.8402
   1   3   5     -3.6503
   0   4   4     -3.5943
   3   3   2     -3.3699
   4   4   0     -3.2616
   1   3   4     -3.6674
   1   2   4     -3.4794
   2   4   0     -3.2040
---- generation 17 ----
   4   0   0     -1.2997
   0   8   0     -2.7623
   0   0  16     -2.3500
   0   3  13     -3.2023
   4   4   5     -3.3114
   0   4   8     -3.7917
   2   4   6     -3.5789
   2   6   4     -3.5297
   0   3   9     -3.4785
   0   5   6     -3.6564
   6   4   0     -3.0230
   0   3   7     -3.6879
   3   4   3     -3.4819
   6   3   0     -2.8402
   1   3   5     -3.6503
   3   3   2     -3.3699
   0   4   4     -3.5943
   4   4   0     -3.2616
   1   3   4     -3.6674
   1   2   4     -3.4794
   2   4   0     -3.2121
---- generation 18 ----
   4   0   0     -1.2997
   0   8   0     -2.7623
   0   0  16     -2.3500
   0   3  13     -3.2023
   4   4   5     -3.3114
   4   4   0     -3.2616
   0   4   8     -3.7917
   2   4   6     -3.5789
   2   6   4     -3.5297
   0   3   9     -3.4785
   0   5   6     -3.6564
   0   3   7     -3.6879
   3   4   3     -3.4819
   6   4   0     -3.0230
   6   3   0     -2.8402
   1   3   5     -3.6503
   3   3   2     -3.3699
   0   4   4     -3.5943
   1   3   4     -3.6674
   1   2   4     -3.4794
   2   4   0     -3.2121
---- generation 19 ----
   4   0   0     -1.2997
   0   8   0     -2.7623
   0   0  16     -2.3500
   0   3  13     -3.2023
   0   3  11     -3.3224
   4   4   5     -3.3114
   0   4   8     -3.7917
   2   4   6     -3.5789
   2   6   4     -3.5297
   0   3   9     -3.4785
   0   5   6     -3.6564
   1   3   6     -3.5752
   6   4   0     -3.0230
   0   3   7     -3.6879
   3   4   3     -3.4819
   6   3   0     -2.8402
   1   3   5     -3.6503
   4   4   0     -3.2616
   3   3   2     -3.3699
   0   4   4     -3.5943
   1   3   4     -3.6674
   1   2   4     -3.4794
   2   4   0     -3.2121
---- generation 20 ----
   4   0   0     -1.2997
   0   8   0     -2.7623
   0   0  16     -2.3500
   0   3  13     -3.2029
   0   3  11     -3.3224
   0   4   8     -3.7917
   4   4   4     -3.3651
   2   6   4     -3.5297
   0   3   9     -3.4785
   0   5   6     -3.6564
   3   4   3     -3.4819
   0   3   7     -3.6879
   1   3   6     -3.5752
   6   4   0     -3.0230
   6   3   0     -2.8410
   1   3   5     -3.6503
   4   4   0     -3.2616
   3   3   2     -3.3699
   0   4   4     -3.5943
   1   3   4     -3.6674
   1   2   4     -3.4794
   2   4   0     -3.2121
---- generation 21 ----
   4   0   0     -1.2997
   0   8   0     -2.7623
   0   0  16     -2.3500
   4   4   0     -3.2616
   0   3  13     -3.2029
   0   3  11     -3.3224
   2   4   0     -3.2138
   4   4   4     -3.3657
   0   4   8     -3.7917
   2   6   4     -3.5297
   0   3   9     -3.4785
   0   5   6     -3.6564
   6   4   0     -3.0230
   3   4   3     -3.4819
   0   3   7     -3.6879
   1   3   6     -3.5752
   6   3   0     -2.8410
   1   3   5     -3.6503
   0   4   4     -3.5943
   3   3   2     -3.3699
   1   3   4     -3.6674
   1   2   4     -3.4794
---- generation 22 ----
   4   0   0     -1.2997
   0   8   0     -2.7623
   0   0  16     -2.3500
   0   3  13     -3.2029
   0   3  11     -3.3224
   0   4   9     -3.7206
   2   6   4     -3.5297
   4   4   4     -3.3657
   0   4   8     -3.7917
   0   3   9     -3.4785
   0   5   6     -3.6564
   6   4   0     -3.0230
   3   4   3     -3.4819
   1   3   6     -3.5752
   6   3   0     -2.8410
   1   3   5     -3.6503
   1   3   4     -3.6854
   4   4   0     -3.2616
   0   4   4     -3.5943
   3   3   2     -3.3699
   1   2   4     -3.4794
   2   4   0     -3.2138
---- generation 23 ----
   4   0   0     -1.2997
   0   8   0     -2.7623
   0   0  16     -2.3500
   0   3  13     -3.2029
   0   3  11     -3.3224
   0   4   9     -3.7206
   4   4   0     -3.2616
   0   4   8     -3.7917
   2   6   4     -3.5297
   4   4   4     -3.3657
   0   3   9     -3.4785
   0   5   6     -3.6564
   3   4   3     -3.4819
   0   3   7     -3.6888
   6   4   0     -3.0230
   1   3   6     -3.5752
   6   3   0     -2.8410
   1   3   5     -3.6503
   1   3   4     -3.6854
   0   4   4     -3.5943
   3   3   2     -3.3699
   1   2   4     -3.4794
   2   4   0     -3.2138
---- generation 24 ----
   4   0   0     -1.2997
   0   8   0     -2.7623
   0   0  16     -2.3500
   0   3  13     -3.2029
   6   4   0     -3.0230
   0   3  11     -3.3224
   0   4   9     -3.7206
   0   4   8     -3.7917
   2   6   4     -3.5297
   4   4   4     -3.3657
   0   3   9     -3.4785
   0   5   6     -3.6568
   4   4   0     -3.2616
   1   3   6     -3.5752
   3   4   3     -3.4819
   0   3   7     -3.6888
   6   3   0     -2.8410
   1   3   5     -3.6503
   1   3   4     -3.6854
   0   4   4     -3.5943
   3   3   2     -3.3699
   1   2   4     -3.4794
   2   4   0     -3.2138
   0   3   2     -3.4324
---- generation 25 ----
   4   0   0     -1.2997
   0   8   0     -2.7623
   0   0  16     -2.3500
   0   3  13     -3.2029
   0   3  11     -3.3224
   4   4   5     -3.3204
   0   4   9     -3.7206
   4   4   4     -3.3657
   0   4   8     -3.7917
   2   6   4     -3.5297
   0   3   9     -3.4785
   0   5   6     -3.6568
   6   4   0     -3.0230
   1   3   6     -3.5752
   3   4   3     -3.4819
   0   3   7     -3.6888
   6   3   0     -2.8410
   1   3   5     -3.6503
   4   4   0     -3.2616
   1   3   4     -3.6854
   0   4   4     -3.5943
   3   3   2     -3.3699
   1   2   4     -3.4794
   2   4   0     -3.2138
   0   3   2     -3.4324
---- generation 26 ----
   4   0   0     -1.2997
   0   8   0     -2.7623
   0   0  16     -2.3500
   0   3  13     -3.2046
   2   4   8     -3.4817
   0   3  11     -3.3224
   0   4   9     -3.7206
   4   4   5     -3.3204
   0   4   8     -3.7917
   4   4   4     -3.3657
   2   6   4     -3.5297
   0   3   9     -3.4785
   0   5   6     -3.6568
   6   4   0     -3.0293
   1   3   6     -3.5752
   3   4   3     -3.4819
   0   3   7     -3.6888
   6   3   0     -2.8410
   1   3   5     -3.6503
   4   4   0     -3.2616
   1   3   4     -3.6854
   0   4   4     -3.5943
   3   3   2     -3.3699
   2   4   0     -3.2138
   0   3   2     -3.4324
---- generation 27 ----
   4   0   0     -1.2997
   0   8   0     -2.7623
   0   0  16     -2.3500
   0   3  13     -3.2046
   2   4   8     -3.4817
   0   3  11     -3.3224
   4   4   5     -3.3204
   0   4   9     -3.7206
   0   4   8     -3.7917
   4   4   4     -3.3683
   2   6   4     -3.5297
   0   3   9     -3.4785
   0   5   6     -3.6568
   0   3   7     -3.6918
   6   4   0     -3.0293
   1   3   6     -3.5752
   3   4   3     -3.4819
   5   4   0     -3.1499
   1   3   5     -3.6550
   6   3   0     -2.8410
   4   4   0     -3.2616
   1   3   4     -3.6854
   0   4   4     -3.5943
   3   3   2     -3.3699
   2   4   0     -3.2138
   0   3   2     -3.4324
---- generation 28 ----
   4   0   0     -1.2997
   0   8   0     -2.7623
   0   0  16     -2.3500
   0   3  13     -3.2046
   2   4   8     -3.4817
   0   3  11     -3.3224
   0   4   9     -3.7206
   4   4   5     -3.3204
   0   3   9     -3.4785
   0   4   8     -3.7917
   4   4   4     -3.3683
   2   6   4     -3.5297
   0   5   6     -3.6568
   6   4   0     -3.0293
   0   3   7     -3.6918
   1   3   6     -3.5752
   3   4   3     -3.4819
   5   4   0     -3.1499
   1   3   5     -3.6550
   6   3   0     -2.8410
   4   4   0     -3.2616
   1   3   4     -3.6854
   0   4   4     -3.5943
   3   3   2     -3.3699
   2   4   0     -3.2138
   0   3   2     -3.4324
---- generation 29 ----
   4   0   0     -1.2997
   0   8   0     -2.7623
   0   0  16     -2.3500
   0   3  13     -3.2046
   2   4   8     -3.4817
   0   3  11     -3.3224
   0   4   9     -3.7206
   4   4   5     -3.3204
   0   4   8     -3.7917
   2   4   0     -3.2138
   4   4   4     -3.3683
   0   3   9     -3.4785
   2   6   4     -3.5297
   0   5   6     -3.6568
   6   4   0     -3.0293
   1   3   6     -3.5752
   0   3   7     -3.6918
   3   4   3     -3.4819
   5   4   0     -3.1499
   1   3   5     -3.6550
   6   3   0     -2.8410
   4   4   0     -3.2616
   1   3   4     -3.6854
   0   4   4     -3.5943
   3   3   2     -3.3699
   0   3   2     -3.4324
---- generation 30 ----
   6   0   0     -1.2997
   0   8   0     -2.7623
   0   0  16     -2.3500
   0   3  13     -3.2046
   6   4   0     -3.0293
   2   4   8     -3.4817
   0   3  11     -3.3224
   0   4   9     -3.7206
   4   4   5     -3.3204
   0   4   8     -3.7917
   4   4   4     -3.3683
   0   3   9     -3.4785
   2   6   4     -3.5297
   0   5   6     -3.6568
   1   3   6     -3.5770
   0   3   7     -3.6918
   3   4   3     -3.4819
   5   4   0     -3.1499
   1   3   5     -3.6550
   6   3   0     -2.8410
   4   4   0     -3.2616
   1   3   4     -3.6854
   0   4   4     -3.5943
   3   3   2     -3.3699
   2   4   0     -3.2138
   0   3   2     -3.4325
---- generation 31 ----
   6   0   0     -1.2997
   0   8   0     -2.7623
   0   0  16     -2.3500
   0   3  13     -3.2046
   0   3  11     -3.3224
   2   4   8     -3.4817
   0   4   9     -3.7206
   4   4   5     -3.3204
   0   3   9     -3.4785
   4   4   4     -3.3683
   0   4   8     -3.7917
   2   6   4     -3.5297
   0   5   6     -3.6568
   6   4   0     -3.0293
   1   3   6     -3.5770
   0   3   7     -3.6918
   3   4   3     -3.4819
   6   3   0     -2.8410
   5   4   0     -3.1499
   1   3   5     -3.6550
   4   4   0     -3.2616
   3   3   2     -3.3699
   1   3   4     -3.6854
   0   4   4     -3.5943
   2   4   0     -3.2138
   0   3   2     -3.4325
---- generation 32 ----
   6   0   0     -1.2997
   0   8   0     -2.7623
   0   0  16     -2.3500
   0   3  13     -3.2057
   2   4   8     -3.4817
   0   4   9     -3.7206
   4   4   5     -3.3204
   0   3   9     -3.4785
   4   4   4     -3.3683
   0   4   8     -3.7917
   2   6   4     -3.5297
   0   5   6     -3.6568
   1   3   6     -3.5770
   0   3   7     -3.6918
   3   4   3     -3.4819
   4   2   0     -2.8922
   5   4   0     -3.1499
   1   3   5     -3.6550
   4   4   0     -3.2616
   3   3   2     -3.3699
   1   3   4     -3.6854
   0   4   4     -3.5943
   2   4   0     -3.2138
   0   3   2     -3.4325
---- generation 33 ----
   6   0   0     -1.2997
   0   8   0     -2.7623
   0   0  16     -2.3500
   0   3  13     -3.2057
   2   4   8     -3.4817
   0   4   9     -3.7206
   4   4   5     -3.3204
   0   4   8     -3.7917
   0   3   9     -3.4785
   4   4   4     -3.3683
   2   6   4     -3.5297
   0   5   6     -3.6568
   1   3   6     -3.5770
   0   3   7     -3.6918
   3   4   3     -3.4819
   5   4   0     -3.1499
   1   3   5     -3.6550
   4   4   0     -3.2616
   3   3   2     -3.3699
   1   3   4     -3.6854
   0   4   4     -3.5943
   4   2   0     -2.8922
   2   4   0     -3.2138
   0   3   2     -3.4325
---- generation 34 ----
   6   0   0     -1.2997
   0   8   0     -2.7623
   0   0  16     -2.3500
   0   3  13     -3.2057
   2   4   8     -3.4817
   0   4   9     -3.7206
   4   4   5     -3.3204
   4   4   4     -3.3683
   0   4   8     -3.7917
   0   3   9     -3.4785
   2   6   4     -3.5297
   0   5   6     -3.6570
   1   3   6     -3.5770
   0   3   7     -3.6918
   3   4   3     -3.4819
   5   4   0     -3.1499
   1   3   5     -3.6550
   4   4   0     -3.2616
   3   3   2     -3.3699
   1   3   4     -3.6854
   0   4   4     -3.5943
   2   4   0     -3.2138
   4   2   0     -2.8922
   0   3   2     -3.4325
---- generation 35 ----
   6   0   0     -1.2997
   0   8   0     -2.7623
   0   0  16     -2.3500
   4  12   0     -3.1088
   0   3  13     -3.2057
   2   4   8     -3.4817
   0   4   9     -3.7206
   4   4   5     -3.3204
   8   4   0     -2.8928
   4   4   4     -3.3683
   0   4   8     -3.7917
   0   3   9     -3.4785
   2   6   4     -3.5297
   0   5   6     -3.6570
   1   3   6     -3.5770
   0   3   7     -3.6918
   3   4   3     -3.4819
   5   4   0     -3.1499
   1   3   5     -3.6550
   4   4   0     -3.2616
   3   3   2     -3.3699
   1   3   4     -3.6854
   0   4   4     -3.5943
   2   4   0     -3.2138
   0   3   2     -3.4325
---- generation 36 ----
   6   0   0     -1.2997
   0   8   0     -2.7623
   0   0  16     -2.3500
   4  12   0     -3.1088
   0   3  13     -3.2057
   2   4   8     -3.4817
   0   4   9     -3.7206
   4   4   5     -3.3204
   8   4   0     -2.8928
   4   4   4     -3.3683
   0   4   8     -3.7917
   0   3   9     -3.4785
   2   6   4     -3.5297
   0   5   6     -3.6570
   1   3   6     -3.5770
   0   3   7     -3.6918
   3   4   3     -3.4819
   5   4   0     -3.1499
   1   3   5     -3.6550
   4   4   0     -3.2616
   3   3   2     -3.3699
   1   3   4     -3.6854
   0   4   4     -3.5943
   2   4   0     -3.2138
   0   3   2     -3.4325
---- generation 37 ----
   6   0   0     -1.2997
   0   8   0     -2.7623
   0   0  16     -2.3500
   4  12   0     -3.1107
   0   3  13     -3.2057
   2   4   8     -3.4817
   0   4   9     -3.7206
   4   4   5     -3.3204
   4   4   4     -3.3683
   8   4   0     -2.8928
   0   4   8     -3.7917
   0   3   9     -3.4785
   2   6   4     -3.5297
   0   5   6     -3.6570
   1   3   6     -3.5770
   0   3   7     -3.6918
   3   4   3     -3.4819
   5   4   0     -3.1499
   1   3   5     -3.6550
   4   4   0     -3.2616
   3   3   2     -3.3699
   1   3   4     -3.6854
   0   4   4     -3.5943
   2   4   0     -3.2138
   0   3   2     -3.4325
---- generation 38 ----
   3   0   0     -1.2997
   0   8   0     -2.7623
   0   0  16     -2.3500
   0   3  13     -3.2057
   4  12   0     -3.1107
   2   4   8     -3.4817
   0   4   9     -3.7206
   4   4   5     -3.3204
   0   3   9     -3.4785
   4   4   4     -3.3683
   8   4   0     -2.8928
   0   4   8     -3.7917
   2   6   4     -3.5297
   0   5   6     -3.6570
   1   3   6     -3.5770
   0   3   7     -3.6918
   3   4   3     -3.4819
   2   3   4     -3.5189
   5   4   0     -3.1499
   4   4   0     -3.2616
   3   3   2     -3.3699
   1   3   4     -3.6854
   0   4   4     -3.5943
   2   4   0     -3.2138
   0   3   2     -3.4325
---- generation 39 ----
   3   0   0     -1.2997
   0   8   0     -2.7623
   0   0  16     -2.3500
   0   3  13     -3.2057
   4  12   0     -3.1107
   2   4   8     -3.4817
   0   4   9     -3.7206
   4   4   5     -3.3204
   8   4   0     -2.8928
   0   3   9     -3.4785
   4   4   4     -3.3683
   0   4   8     -3.7917
   2   6   4     -3.5297
   0   5   6     -3.6570
   1   3   6     -3.5770
   0   3   7     -3.6918
   3   4   3     -3.4819
   2   3   4     -3.5189
   5   4   0     -3.1499
   4   4   0     -3.2616
   3   3   2     -3.3699
   1   3   4     -3.6854
   0   4   4     -3.5943
   2   4   0     -3.2138
   0   3   2     -3.4325
---- generation 40 ----
   3   0   0     -1.2997
   0   8   0     -2.7623
   0   0  16     -2.3500
   0   3  13     -3.2057
   4  12   0     -3.1107
   0   4   8     -3.7917
   2   4   8     -3.4817
   0   4   9     -3.7206
   4   4   5     -3.3204
   4   4   4     -3.3683
   8   4   0     -2.8928
   0   3   9     -3.4785
   2   6   4     -3.5297
   0   5   6     -3.6570
   5   4   1     -3.2031
   1   3   6     -3.5770
   0   3   7     -3.6918
   3   4   3     -3.4819
   2   3   4     -3.5189
   5   4   0     -3.1499
   4   4   0     -3.2616
   3   3   2     -3.3699
   1   3   4     -3.6854
   0   4   4     -3.5943
   2   4   0     -3.2138
   0   3   2     -3.4325
---- generation 41 ----
   3   0   0     -1.2997
   0   8   0     -2.7623
   0   0  16     -2.3500
   0   3  13     -3.2057
   4  12   0     -3.1107
   2   4   8     -3.4817
   4   4   5     -3.3204
   0   4   9     -3.7206
   8   4   0     -2.8928
   0   4   8     -3.7917
   4   4   4     -3.3683
   0   3   9     -3.4785
   2   6   4     -3.5297
   0   5   6     -3.6570
   5   4   1     -3.2031
   1   3   6     -3.5770
   0   3   7     -3.6918
   3   4   3     -3.4819
   2   3   4     -3.5189
   5   4   0     -3.1499
   4   4   0     -3.2616
   3   3   2     -3.3699
   1   3   4     -3.6854
   0   4   4     -3.5943
   2   4   0     -3.2138
   0   3   2     -3.4325
---- generation 42 ----
   3   0   0     -1.2997
   0   8   0     -2.7623
   0   0  16     -2.3500
   0   3  13     -3.2057
   4  12   0     -3.1107
   2   4   8     -3.4817
   4   5   4     -3.4692
   4   4   5     -3.3204
   0   4   9     -3.7206
   0   4   8     -3.7917
   0   3   9     -3.4785
   4   4   4     -3.3683
   8   4   0     -2.8928
   2   6   4     -3.5297
   0   5   6     -3.6570
   5   4   1     -3.2031
   1   3   6     -3.5770
   0   3   7     -3.6918
   3   4   3     -3.4819
   2   3   4     -3.5189
   5   4   0     -3.1499
   4   4   0     -3.2616
   3   3   2     -3.3699
   1   3   4     -3.6854
   0   4   4     -3.5943
   2   4   0     -3.2138
   0   3   2     -3.4325
---- generation 43 ----
   3   0   0     -1.2997
   0   8   0     -2.7623
   0   0  16     -2.3500
   0   3  13     -3.2057
   4  12   0     -3.1107
   2   4   8     -3.4817
   4   5   4     -3.4692
   4   4   5     -3.3204
   0   4   9     -3.7206
   0   4   8     -3.7917
   0   3   9     -3.4785
   4   4   4     -3.3683
   8   4   0     -2.8928
   2   6   4     -3.5297
   0   5   6     -3.6570
   1   3   6     -3.5770
   5   4   1     -3.2031
   0   3   7     -3.6918
   3   4   3     -3.4819
   2   3   4     -3.5189
   5   4   0     -3.1499
   4   4   0     -3.2616
   3   3   2     -3.3699
   1   3   4     -3.6854
   0   4   4     -3.5943
   3   2   2     -3.0747
   2   4   0     -3.2138
   0   3   2     -3.4325
---- generation 44 ----
   3   0   0     -1.2997
   0   8   0     -2.7623
   0   0  16     -2.3500
   0   3  13     -3.2057
   4  12   0     -3.1107
   2   4   8     -3.4817
   4   5   4     -3.4692
   4   4   5     -3.3204
   0   4   9     -3.7206
   8   4   0     -2.8928
   0   4   8     -3.7917
   0   3   9     -3.4785
   4   4   4     -3.3683
   2   6   4     -3.5297
   0   5   6     -3.6570
   1   3   6     -3.5770
   5   4   1     -3.2031
   0   3   7     -3.6918
   3   4   3     -3.4819
   5   4   0     -3.1499
   2   3   4     -3.5189
   0   4   4     -3.5943
   4   4   0     -3.2616
   3   3   2     -3.3699
   1   3   4     -3.6854
   3   2   2     -3.0748
   2   4   0     -3.2138
   0   3   2     -3.4325
---- generation 45 ----
   3   0   0     -1.2997
   0   8   0     -2.7623
   0   0  16     -2.3500
   0   3  13     -3.2057
   4  12   0     -3.1107
   2   4   8     -3.4817
   4   5   4     -3.4692
   4   4   5     -3.3204
   0   4   9     -3.7206
   8   4   0     -2.8928
   0   4   8     -3.7917
   0   3   9     -3.4785
   4   4   4     -3.3683
   2   6   4     -3.5297
   0   5   6     -3.6570
   1   3   6     -3.5770
   5   4   1     -3.2031
   0   3   7     -3.6918
   3   4   3     -3.4819
   5   4   0     -3.1499
   2   3   4     -3.5189
   0   4   4     -3.5943
   4   4   0     -3.2616
   3   3   2     -3.3699
   1   3   4     -3.6854
   3   2   2     -3.0748
   2   4   0     -3.2138
   0   3   2     -3.4325
---- generation 46 ----
   3   0   0     -1.2997
   0   8   0     -2.7623
   0   0  16     -2.3500
   8   4   0     -2.8928
   4  12   0     -3.1107
   0   3  13     -3.2057
   0   4  11     -3.5502
   2   4   8     -3.4817
   4   5   4     -3.4692
   4   4   5     -3.3204
   0   4   9     -3.7206
   0   4   8     -3.7917
   0   3   9     -3.4785
   4   4   4     -3.3683
   2   6   4     -3.5297
   0   5   6     -3.6570
   3   4   3     -3.4819
   0   3   7     -3.6918
   1   3   6     -3.5770
   5   4   1     -3.2031
   5   4   0     -3.1499
   2   3   4     -3.5189
   0   4   4     -3.5943
   4   4   0     -3.2616
   3   3   2     -3.3699
   1   3   4     -3.6854
   3   2   2     -3.0748
   2   4   0     -3.2138
   0   3   2     -3.4325
---- generation 47 ----
   3   0   0     -1.2997
   0   8   0     -2.7623
   0   0  16     -2.3500
   0   3  13     -3.2057
   4  12   0     -3.1107
   0   4   8     -3.7917
   0   4  11     -3.5502
   2   4   8     -3.4817
   4   5   4     -3.4692
   4   4   5     -3.3204
   0   4   9     -3.7206
   8   4   0     -2.8928
   0   3   9     -3.4785
   4   4   4     -3.3683
   2   6   4     -3.5297
   0   5   6     -3.6570
   3   4   3     -3.4819
   0   3   7     -3.6918
   1   3   6     -3.5770
   5   4   1     -3.2031
   5   4   0     -3.1499
   2   3   4     -3.5189
   0   4   4     -3.5943
   4   4   0     -3.2616
   3   3   2     -3.3699
   1   3   4     -3.6854
   3   2   2     -3.0748
   2   4   0     -3.2138
   0   3   2     -3.4325
---- generation 48 ----
   3   0   0     -1.2997
   0   8   0     -2.7623
   0   0  16     -2.3500
   0   3  13     -3.2057
   4  12   0     -3.1107
   0   4  11     -3.5502
   2   4   8     -3.4817
   4   5   4     -3.4692
   4   4   5     -3.3204
   0   4   9     -3.7206
   8   4   0     -2.8928
   0   4   8     -3.7917
   0   3   9     -3.4785
   4   4   4     -3.3683
   2   6   4     -3.5297
   0   5   6     -3.6570
   3   4   3     -3.4819
   0   3   7     -3.6918
   1   3   6     -3.5770
   5   4   1     -3.2031
   5   4   0     -3.1499
   2   3   4     -3.5189
   0   4   4     -3.5943
   4   4   0     -3.2616
   3   3   2     -3.3699
   1   3   4     -3.6854
   3   2   2     -3.0748
   2   4   0     -3.2138
   0   3   2     -3.4325
---- generation 49 ----
   3   0   0     -1.2997
   0   8   0     -2.7623
   0   0  16     -2.3500
   0   3  13     -3.2057
   4  12   0     -3.1107
   0   4  11     -3.5502
   2   4   8     -3.4817
   4   5   4     -3.4692
   4   4   5     -3.3204
   0   4   9     -3.7206
   8   4   0     -2.8928
   0   4   8     -3.7917
   0   3   9     -3.4785
   4   4   4     -3.3683
   2   6   4     -3.5297
   0   5   6     -3.6570
   3   4   3     -3.4819
   0   3   7     -3.6918
   1   3   6     -3.5770
   5   4   1     -3.2031
   5   4   0     -3.1499
   2   3   4     -3.5189
   0   4   4     -3.5943
   4   4   0     -3.2616
   3   3   2     -3.3699
   1   3   4     -3.6854
   3   2   2     -3.0748
   2   4   0     -3.2138
   0   3   2     -3.4325
---- generation 50 ----
   3   0   0     -1.2997
   0   8   0     -2.7623
   0   0  16     -2.3500
   0   3  13     -3.2057
   4  12   0     -3.1107
   0   4  11     -3.5502
   2   4   8     -3.4817
   4   5   4     -3.4692
   4   4   5     -3.3204
   0   4   9     -3.7206
   8   4   0     -2.8928
   0   4   8     -3.7917
   0   3   9     -3.4785
   4   4   4     -3.3683
   2   6   4     -3.5297
   0   5   6     -3.6570
   3   4   3     -3.4819
   0   3   7     -3.6918
   1   3   6     -3.5770
   5   4   1     -3.2031
   5   4   0     -3.1499
   2   3   4     -3.5189
   0   4   4     -3.5943
   4   4   0     -3.2616
   3   3   2     -3.3699
   1   3   4     -3.6854
   3   2   2     -3.0748
   2   4   0     -3.2138
   0   3   2     -3.4325
---- generation 51 ----
   3   0   0     -1.2997
   0   8   0     -2.7623
   0   0  16     -2.3500
   0   3  13     -3.2057
   4  12   0     -3.1107
   0   4  11     -3.5502
   2   4   8     -3.4817
   2  12   0     -2.9754
   4   5   4     -3.4692
   4   4   5     -3.3204
   0   4   9     -3.7206
   8   4   0     -2.8928
   0   4   8     -3.7917
   0   3   9     -3.4785
   4   4   4     -3.3683
   2   6   4     -3.5297
   0   5   6     -3.6570
   3   4   3     -3.4819
   0   3   7     -3.6918
   1   3   6     -3.5770
   5   4   1     -3.2031
   5   4   0     -3.1499
   2   3   4     -3.5189
   0   4   4     -3.5943
   4   4   0     -3.2616
   3   3   2     -3.3699
   1   3   4     -3.6854
   3   2   2     -3.0748
   2   4   0     -3.2138
   0   3   2     -3.4325
---- generation 52 ----
   3   0   0     -1.2997
   0   8   0     -2.7623
   0   0  16     -2.3500
   0   3  13     -3.2057
   4  12   0     -3.1107
   0   4  11     -3.5502
   2  12   0     -2.9754
   2   4   8     -3.4817
   4   4   5     -3.3204
   4   5   4     -3.4692
   0   4   9     -3.7206
   8   4   0     -2.8928
   0   4   8     -3.7917
   0   3   9     -3.4785
   4   4   4     -3.3683
   2   6   4     -3.5297
   0   5   6     -3.6570
   3   4   3     -3.4819
   0   3   7     -3.6918
   1   3   6     -3.5770
   5   4   1     -3.2031
   5   4   0     -3.1499
   2   3   4     -3.5189
   0   4   4     -3.5943
   4   4   0     -3.2616
   3   3   2     -3.3699
   1   3   4     -3.6854
   3   2   2     -3.0748
   2   4   0     -3.2138
   0   3   2     -3.4325
---- generation 53 ----
   3   0   0     -1.2997
   0   8   0     -2.7623
   0   0  16     -2.3500
   4  12   0     -3.1107
   0   3  13     -3.2057
   0   4  11     -3.5502
   2  12   0     -2.9754
   2   4   8     -3.4817
   4   5   4     -3.4692
   4   4   5     -3.3204
   0   4   9     -3.7206
   8   4   0     -2.8928
   0   4   8     -3.7917
   0   3   9     -3.4785
   4   4   4     -3.3683
   2   6   4     -3.5297
   0   5   6     -3.6570
   3   4   3     -3.4819
   0   3   7     -3.6918
   1   3   6     -3.5770
   5   4   1     -3.2031
   5   4   0     -3.1499
   2   3   4     -3.5189
   0   4   4     -3.5943
   4   4   0     -3.2616
   3   3   2     -3.3699
   1   3   4     -3.6854
   3   2   2     -3.0748
   2   4   0     -3.2138
   0   3   2     -3.4325
---- generation 54 ----
   3   0   0     -1.2997
   0   8   0     -2.7623
   0   0  16     -2.3500
   0   3  13     -3.2057
   0   4  11     -3.5502
   1   6   0     -2.9810
   2   4   8     -3.4817
   4   5   4     -3.4692
   4   4   5     -3.3204
   0   4   9     -3.7206
   8   4   0     -2.8928
   0   4   8     -3.7917
   0   3   9     -3.4785
   4   4   4     -3.3683
   2   6   4     -3.5297
   0   5   6     -3.6570
   3   4   3     -3.4819
   0   3   7     -3.6918
   1   3   6     -3.5770
   5   4   1     -3.2031
   5   4   0     -3.1499
   2   3   4     -3.5189
   0   4   4     -3.5943
   4   4   0     -3.2616
   3   3   2     -3.3699
   1   3   4     -3.6854
   3   2   2     -3.0748
   2   4   0     -3.2138
   0   3   2     -3.4325
---- generation 55 ----
   3   0   0     -1.2997
   0   8   0     -2.7623
   0   0  16     -2.3500
   0   3  13     -3.2057
   0   4  11     -3.5502
   2   4   8     -3.4817
   4   5   4     -3.4692
   4   4   5     -3.3204
   0   4   9     -3.7206
   8   4   0     -2.8928
   0   4   8     -3.7917
   0   3   9     -3.4785
   4   4   4     -3.3683
   2   6   4     -3.5297
   0   5   6     -3.6570
   0   3   2     -3.4325
   3   4   3     -3.4819
   0   3   7     -3.6918
   1   3   6     -3.5770
   5   4   1     -3.2031
   5   4   0     -3.1499
   2   3   4     -3.5189
   0   4   4     -3.5943
   4   4   0     -3.2616
   3   3   2     -3.3699
   1   3   4     -3.6854
   1   6   0     -2.9810
   3   2   2     -3.0748
   2   4   0     -3.2138
---- generation 56 ----
   3   0   0     -1.2997
   0   8   0     -2.7623
   0   0  16     -2.3500
   1   5  10     -3.6622
   0   3  13     -3.2057
   0   4  11     -3.5502
   2   4   8     -3.4817
   4   5   4     -3.4692
   4   4   5     -3.3204
   0   4   9     -3.7206
   8   4   0     -2.8928
   0   4   8     -3.7917
   0   3   9     -3.4785
   4   4   4     -3.3683
   2   6   4     -3.5297
   0   5   6     -3.6570
   3   4   3     -3.4819
   0   3   7     -3.6918
   5   4   1     -3.2031
   5   4   0     -3.1499
   2   3   4     -3.5189
   0   4   4     -3.5943
   4   4   0     -3.2616
   3   3   2     -3.3699
   1   3   4     -3.6854
   1   6   0     -2.9810
   3   2   2     -3.0748
   2   4   0     -3.2138
   0   3   2     -3.4325
---- generation 57 ----
   3   0   0     -1.2997
   0   8   0     -2.7623
   0   0  16     -2.3500
   1   5  10     -3.6622
   0   3  13     -3.2057
   0   4  11     -3.5502
   2   4   8     -3.4817
   4   5   4     -3.4692
   4   4   5     -3.3204
   0   4   9     -3.7206
   8   4   0     -2.8928
   0   4   8     -3.7917
   0   3   9     -3.4785
   4   4   4     -3.3683
   2   6   4     -3.5297
   0   5   6     -3.6570
   3   4   3     -3.4819
   0   3   7     -3.6918
   5   4   1     -3.2031
   5   4   0     -3.1499
   2   3   4     -3.5189
   0   4   4     -3.5943
   4   4   0     -3.2616
   3   3   2     -3.3699
   1   3   4     -3.6854
   1   6   0     -2.9810
   3   2   2     -3.0748
   2   4   0     -3.2138
   0   3   2     -3.4325
---- generation 58 ----
   3   0   0     -1.2997
   0   8   0     -2.7623
   0   0  16     -2.3500
   1   5  10     -3.6622
   0   3  13     -3.2057
   0   4  11     -3.5502
   2   4   8     -3.4817
   4   5   4     -3.4692
   4   4   5     -3.3204
   0   4   9     -3.7206
   0   4   8     -3.7917
   8   4   0     -2.8928
   0   3   9     -3.4785
   4   4   4     -3.3683
   2   6   4     -3.5297
   0   5   6     -3.6570
   3   4   3     -3.4819
   0   3   7     -3.6918
   5   4   1     -3.2031
   5   4   0     -3.1499
   2   3   4     -3.5189
   0   4   4     -3.5943
   4   4   0     -3.2616
   3   3   2     -3.3699
   1   3   4     -3.6854
   1   6   0     -2.9810
   3   2   2     -3.0748
   2   4   0     -3.2138
   0   3   2     -3.4325
---- generation 59 ----
   3   0   0     -1.2997
   0   8   0     -2.7623
   0   0  16     -2.3500
   1   5  10     -3.6622
   0   3  13     -3.2057
   0   4  11     -3.5502
   2   4   8     -3.4817
   4   5   4     -3.4692
   4   4   5     -3.3204
   0   4   9     -3.7206
   0   4   8     -3.7944
   8   4   0     -2.8928
   0   3   9     -3.4785
   4   4   4     -3.3683
   2   6   4     -3.5297
   0   5   6     -3.6570
   3   4   3     -3.4819
   0   3   7     -3.6918
   5   4   1     -3.2031
   5   4   0     -3.1499
   2   3   4     -3.5189
   0   4   4     -3.5943
   4   4   0     -3.2616
   3   3   2     -3.3699
   1   3   4     -3.6854
   1   6   0     -2.9810
   3   2   2     -3.0748
   2   4   0     -3.2138
   0   3   2     -3.4325
---- generation 60 ----
   3   0   0     -1.2997
   0   8   0     -2.7623
   0   0  16     -2.3500
   1   5  10     -3.6679
   0   3  13     -3.2057
   0   4  11     -3.5553
   0   6   8     -3.6916
   2   4   8     -3.4817
   0   4   9     -3.7206
   4   5   4     -3.4692
   4   4   5     -3.3204
   0   4   8     -3.7944
   8   4   0     -2.8928
   4   4   4     -3.3683
   2   6   4     -3.5297
   0   5   6     -3.6570
   3   4   3     -3.4819
   0   3   7     -3.6918
   5   4   1     -3.2031
   5   4   0     -3.1499
   2   3   4     -3.5189
   0   4   4     -3.5943
   4   4   0     -3.2616
   3   3   2     -3.3699
   1   3   4     -3.6854
   1   6   0     -2.9810
   3   2   2     -3.0748
   2   4   0     -3.2138
   0   3   2     -3.4325
