Gen   ID    Origin   Composition    Enthalpy   Volume  Density   Fitness   KPOINTS  SYMM  Q_entr A_order S_order
                                      (eV)     (A^3)  (g/cm^3)
  1    5   Random    [   4  4 12 ]  -274.429   123.321   5.407   -274.429 [ 1  1  1]  63  0.056  3.399  3.213
  2   42 Permutate   [   4  4 12 ]  -274.429   123.321   5.407   -274.429 [ 1  1  1]  63  0.056  3.399  3.213
  3   70   Random    [   4  4 12 ]  -274.496   123.371   5.405   -274.496 [ 1  1  1]  63  0.056  3.401  3.213
  4  113 keptBest    [   4  4 12 ]  -274.496   123.371   5.405   -274.496 [ 1  1  1]  63  0.056  3.401  3.213
  5  135 Permutate   [   4  4 12 ]  -274.496   123.371   5.405   -274.496 [ 1  1  1]  63  0.056  3.401  3.213
  6  179 keptBest    [   4  4 12 ]  -274.496   123.371   5.405   -274.496 [ 1  1  1]  63  0.056  3.401  3.213
  7  211 keptBest    [   4  4 12 ]  -274.496   123.371   5.405   -274.496 [ 1  1  1]  63  0.056  3.401  3.213
  8  243 keptBest    [   4  4 12 ]  -274.496   123.371   5.405   -274.496 [ 1  1  1]  63  0.056  3.401  3.213
  9  273 keptBest    [   4  4 12 ]  -274.496   123.371   5.405   -274.496 [ 1  1  1]  63  0.056  3.401  3.213
 10  302 keptBest    [   4  4 12 ]  -274.496   123.371   5.405   -274.496 [ 1  1  1]  63  0.056  3.401  3.213
 11  333 keptBest    [   4  4 12 ]  -274.496   123.371   5.405   -274.496 [ 1  1  1]  63  0.056  3.401  3.213
 12  365 keptBest    [   4  4 12 ]  -274.496   123.371   5.405   -274.496 [ 1  1  1]  63  0.056  3.401  3.213
 13  398 keptBest    [   4  4 12 ]  -274.496   123.371   5.405   -274.496 [ 1  1  1]  63  0.056  3.401  3.213
 14  430 keptBest    [   4  4 12 ]  -274.496   123.371   5.405   -274.496 [ 1  1  1]  63  0.056  3.401  3.213
 15  460 keptBest    [   4  4 12 ]  -274.496   123.371   5.405   -274.496 [ 1  1  1]  63  0.056  3.401  3.213
 16  490 keptBest    [   4  4 12 ]  -274.496   123.371   5.405   -274.496 [ 1  1  1]  63  0.056  3.401  3.213
 17  523 keptBest    [   4  4 12 ]  -274.496   123.371   5.405   -274.496 [ 1  1  1]  63  0.056  3.401  3.213
 18  556 keptBest    [   4  4 12 ]  -274.496   123.371   5.405   -274.496 [ 1  1  1]  63  0.056  3.401  3.213
 19  573   Random    [   4  4 12 ]  -274.496   123.371   5.405   -274.496 [ 1  1  1]  63  0.056  3.401  3.213
 20  622 keptBest    [   4  4 12 ]  -274.496   123.371   5.405   -274.496 [ 1  1  1]  63  0.056  3.401  3.213
