  ID   Compositions    Enthalpies    Volumes    fitness  SYMM
                       (eV/atom)    (A^3/atom)    ()         
 573  [   4  4 12 ]    -13.7248      6.1685   -274.4955    63
 388  [   4  4 12 ]    -13.6274      6.1685   -272.5488     6
 408  [   4  4 12 ]    -13.6168      6.1660   -272.3358     1
 262  [   4  4 12 ]    -13.5714      6.1685   -271.4285     6
 423  [   4  4 12 ]    -13.5610      6.1685   -271.2207    62
 316  [   4  4 12 ]    -13.5527      6.1660   -271.0531     1
 207  [   4  4 12 ]    -13.5521      6.1660   -271.0428     3
 163  [   4  4 12 ]    -13.5503      6.1685   -271.0052     4
 351  [   4  4 12 ]    -13.5446      6.1660   -270.8919    17
 486  [   4  4 12 ]    -13.5433      6.1660   -270.8669    31
 484  [   4  4 12 ]    -13.5341      6.1685   -270.6830     1
  44  [   4  4 12 ]    -13.5280      6.1660   -270.5599     3
 332  [   4  4 12 ]    -13.5275      6.1660   -270.5497     4
 396  [   4  4 12 ]    -13.5219      6.1660   -270.4379     1
 382  [   4  4 12 ]    -13.5138      6.1660   -270.2758     1
 186  [   4  4 12 ]    -13.5020      6.1660   -270.0399     6
 475  [   4  4 12 ]    -13.4947      6.1660   -269.8933     4
 539  [   4  4 12 ]    -13.4906      6.1660   -269.8112     4
 378  [   4  4 12 ]    -13.4877      6.1660   -269.7547     6
 506  [   4  4 12 ]    -13.4721      6.1685   -269.4420     4
 355  [   4  4 12 ]    -13.4720      6.1685   -269.4404     1
 187  [   4  4 12 ]    -13.4707      6.1660   -269.4138     1
 264  [   4  4 12 ]    -13.4696      6.1685   -269.3911     1
  96  [   4  4 12 ]    -13.4630      6.1660   -269.2607    26
 169  [   4  4 12 ]    -13.4619      6.1660   -269.2383     1
 501  [   4  4 12 ]    -13.4559      6.1660   -269.1171     1
 543  [   4  4 12 ]    -13.4545      6.1660   -269.0907     1
 389  [   4  4 12 ]    -13.4500      6.1660   -268.9992     1
 540  [   4  4 12 ]    -13.4443      6.1660   -268.8861     1
 474  [   4  4 12 ]    -13.4390      6.1660   -268.7795     1
