Gen   ID    Origin   Composition    Enthalpy   Volume  Density   Fitness   KPOINTS  SYMM  Q_entr A_order S_order
                                      (eV)     (A^3)  (g/cm^3)
  1    1   Random    [   4  4 12 ]  -268.555   123.321   5.407   -268.555 [ 1  1  1]   1  0.243  2.925  2.006
  1    2   Random    [   4  4 12 ]  -271.152   123.321   5.407   -271.152 [ 1  1  1]  62  0.129  2.950  2.407
  1    3   Random    [   4  4 12 ]  -274.428   123.321   5.407   -274.428 [ 1  1  1]  63  0.056  3.393  3.208
  1    4   Random    [   4  4 12 ]  -274.428   123.321   5.407   -274.428 [ 1  1  1]  63  0.056  3.394  3.208
  1    5   Random    [   4  4 12 ]  -274.429   123.321   5.407   -274.429 [ 1  1  1]  63  0.056  3.399  3.213
  1    6   Random    [   4  4 12 ]  -270.425   123.321   5.407   -270.425 [ 1  1  1]   1  0.212  2.608  1.961
  1    7   Random    [   4  4 12 ]  -270.938   123.321   5.407   -270.938 [ 1  1  1]   4  0.179  2.653  2.118
  1    8   Random    [   4  4 12 ]  -271.051   123.321   5.407   -271.051 [ 1  1  1]   1  0.140  2.547  2.163
  1    9   Random    [   4  4 12 ]  -270.356   123.321   5.407   -270.356 [ 1  1  1]  18  0.113  2.790  2.476
  1   10   Random    [   4  4 12 ]  -270.874   123.321   5.407   -270.874 [ 1  1  1]   3  0.192  2.817  2.203
  1   11   Random    [   4  4 12 ]  -268.633   123.321   5.407   -268.633 [ 1  1  1]   1  0.227  2.522  1.822
  1   12   Random    [   4  4 12 ]  -268.897   123.321   5.407   -268.897 [ 1  1  1]   1  0.233  2.543  1.831
  1   13   Random    [   4  4 12 ]  -270.546   123.321   5.407   -270.546 [ 1  1  1]   4  0.211  3.030  2.255
  1   14   Random    [   4  4 12 ]  -270.379   123.321   5.407   -270.379 [ 1  1  1]  25  0.236  3.305  2.342
  1   15   Random    [   4  4 12 ]  -266.403   123.321   5.407   -266.403 [ 1  1  1]   1  0.136  3.263  2.648
  1   16   Random    [   4  4 12 ]  -270.424   123.321   5.407   -270.424 [ 1  1  1]   1  0.213  2.609  1.957
  1   17   Random    [   4  4 12 ]  -274.422   123.321   5.407   -274.422 [ 1  1  1]  63  0.056  3.373  3.189
  1   18   Random    [   4  4 12 ]  -268.520   123.321   5.407   -268.520 [ 1  1  1]   1  0.256  2.910  1.960
  1   19   Random    [   4  4 12 ]  -269.283   123.321   5.407   -269.283 [ 1  1  1]   1  0.230  2.545  1.846
  1   20   Random    [   4  4 12 ]  -272.484   123.321   5.407   -272.484 [ 1  1  1]   6  0.215  3.244  2.449
  1   21   Random    [   4  4 12 ]  -274.423   123.321   5.407   -274.423 [ 1  1  1]  63  0.056  3.376  3.191
  2   22  Heredity   [   4  4 12 ]  -272.482   123.321   5.407   -272.482 [ 1  1  1]   6  0.214  3.229  2.442
  2   23  Heredity   [   4  4 12 ]  -270.892   123.321   5.407   -270.892 [ 1  1  1]  17  0.189  2.952  2.251
  2   24  Heredity   [   4  4 12 ]  -272.484   123.321   5.407   -272.484 [ 1  1  1]   6  0.215  3.244  2.449
  2   25  Heredity   [   4  4 12 ]  -271.152   123.321   5.407   -271.152 [ 1  1  1]  62  0.129  2.950  2.407
  2   26  Heredity   [   4  4 12 ]  -274.429   123.321   5.407   -274.429 [ 1  1  1]  63  0.056  3.399  3.213
  2   27  Heredity   [   4  4 12 ]  -272.347   123.321   5.407   -272.347 [ 1  1  1]   6  0.214  3.254  2.476
  2   28  Heredity   [   4  4 12 ]  -272.481   123.321   5.407   -272.481 [ 1  1  1]   6  0.213  3.216  2.438
  2   29  Heredity   [   4  4 12 ]  -272.347   123.321   5.407   -272.347 [ 1  1  1]   6  0.214  3.254  2.476
  2   30  Heredity   [   4  4 12 ]  -272.483   123.321   5.407   -272.483 [ 1  1  1]   6  0.215  3.242  2.448
  2   31  Heredity   [   4  4 12 ]  -272.484   123.321   5.407   -272.484 [ 1  1  1]   6  0.215  3.244  2.449
  2   32  Heredity   [   4  4 12 ]  -271.053   123.321   5.407   -271.053 [ 1  1  1]   1  0.138  2.551  2.170
  2   33  Heredity   [   4  4 12 ]  -272.484   123.321   5.407   -272.484 [ 1  1  1]   6  0.215  3.244  2.449
  2   34   Random    [   4  4 12 ]  -266.467   123.321   5.407   -266.467 [ 1  1  1]   4  0.119  2.822  2.407
  2   35   Random    [   4  4 12 ]  -270.797   123.321   5.407   -270.797 [ 1  1  1]  10  0.207  3.120  2.383
  2   36   Random    [   4  4 12 ]  -270.780   123.321   5.407   -270.780 [ 1  1  1]   1  0.125  2.901  2.436
  2   37   Random    [   4  4 12 ]  -268.511   123.321   5.407   -268.511 [ 1  1  1]   6  0.255  2.969  1.995
  2   38   Random    [   4  4 12 ]  -266.480   123.321   5.407   -266.480 [ 1  1  1]  62  0.111  2.905  2.495
  2   39 Permutate   [   4  4 12 ]  -271.359   123.321   5.407   -271.359 [ 1  1  1]   6  0.232  3.091  2.232
  2   40 Permutate   [   4  4 12 ]  -274.429   123.321   5.407   -274.429 [ 1  1  1]  63  0.056  3.399  3.213
  2   41 Permutate   [   4  4 12 ]  -271.325   123.321   5.407   -271.325 [ 1  1  1]   6  0.238  3.079  2.179
  2   42 Permutate   [   4  4 12 ]  -274.429   123.321   5.407   -274.429 [ 1  1  1]  63  0.056  3.399  3.213
  2   43 Permutate   [   4  4 12 ]  -274.427   123.321   5.407   -274.427 [ 1  1  1]  63  0.056  3.391  3.204
  2   44 Permutate   [   4  4 12 ]  -270.560   123.321   5.407   -270.560 [ 1  1  1]   3  0.237  3.335  2.362
  2   45 softmutate  [   4  4 12 ]  -271.050   123.321   5.407   -271.050 [ 1  1  1]   1  0.122  2.499  2.163
  2   46 softmutate  [   4  4 12 ]  -271.051   123.321   5.407   -271.051 [ 1  1  1]   1  0.140  2.552  2.168
  2   47 softmutate  [   4  4 12 ]  -270.939   123.321   5.407   -270.939 [ 1  1  1]   4  0.179  2.655  2.115
  2   48 softmutate  [   4  4 12 ]  -270.938   123.321   5.407   -270.938 [ 1  1  1]   4  0.179  2.654  2.117
  2   49 softmutate  [   4  4 12 ]  -272.484   123.321   5.407   -272.484 [ 1  1  1]   6  0.215  3.244  2.449
  2   50 softmutate  [   4  4 12 ]  -270.939   123.321   5.407   -270.939 [ 1  1  1]   4  0.180  2.658  2.117
  2   51 keptBest    [   4  4 12 ]  -274.429   123.321   5.407   -274.429 [ 1  1  1]  63  0.056  3.399  3.213
  2   52 keptBest    [   4  4 12 ]  -271.152   123.321   5.407   -271.152 [ 1  1  1]  62  0.129  2.950  2.407
  2   53 keptBest    [   4  4 12 ]  -271.051   123.321   5.407   -271.051 [ 1  1  1]   1  0.140  2.547  2.163
  2   54 keptBest    [   4  4 12 ]  -270.546   123.321   5.407   -270.546 [ 1  1  1]   4  0.211  3.030  2.255
  2   55 keptBest    [   4  4 12 ]  -270.379   123.321   5.407   -270.379 [ 1  1  1]  25  0.236  3.305  2.342
  3   56  Heredity   [   4  4 12 ]  -269.284   123.321   5.407   -269.284 [ 1  1  1]   1  0.221  2.628  1.923
  3   57  Heredity   [   4  4 12 ]  -271.041   123.321   5.407   -271.041 [ 1  1  1]   3  0.182  2.783  2.217
  3   58  Heredity   [   4  4 12 ]  -272.484   123.321   5.407   -272.484 [ 1  1  1]   6  0.215  3.244  2.449
  3   59  Heredity   [   4  4 12 ]  -270.979   123.321   5.407   -270.979 [ 1  1  1]   4  0.173  2.596  2.099
  3   60  Heredity   [   4  4 12 ]  -272.347   123.321   5.407   -272.347 [ 1  1  1]   6  0.214  3.254  2.476
  3   61  Heredity   [   4  4 12 ]  -271.052   123.321   5.407   -271.052 [ 1  1  1]   1  0.139  2.551  2.170
  3   62  Heredity   [   4  4 12 ]  -270.379   123.321   5.407   -270.379 [ 1  1  1]  25  0.237  3.323  2.351
  3   63  Heredity   [   4  4 12 ]  -272.484   123.321   5.407   -272.484 [ 1  1  1]   6  0.215  3.244  2.449
  3   64   Random    [   4  4 12 ]  -268.628   123.321   5.407   -268.628 [ 1  1  1]   1  0.226  2.525  1.846
  3   65   Random    [   4  4 12 ]  -268.812   123.321   5.407   -268.812 [ 1  1  1]   1  0.233  2.634  1.915
  3   66   Random    [   4  4 12 ]  -274.429   123.321   5.407   -274.429 [ 1  1  1]  63  0.056  3.398  3.212
  3   67   Random    [   4  4 12 ]  -268.240   123.321   5.407   -268.240 [ 1  1  1]   1  0.229  2.554  1.831
  3   68   Random    [   4  4 12 ]  -268.944   123.321   5.407   -268.944 [ 1  1  1]   1  0.221  2.549  1.885
  3   69   Random    [   4  4 12 ]  -270.881   123.321   5.407   -270.881 [ 1  1  1]   4  0.188  2.763  2.119
  3   70   Random    [   4  4 12 ]  -274.496   123.371   5.405   -274.496 [ 1  1  1]  63  0.056  3.401  3.213
  3   71   Random    [   4  4 12 ]  -271.038   123.321   5.407   -271.038 [ 1  1  1]   1  0.147  2.588  2.173
  3   72   Random    [   4  4 12 ]  -271.038   123.321   5.407   -271.038 [ 1  1  1]   1  0.147  2.587  2.173
  3   73 Permutate   [   4  4 12 ]  -270.787   123.321   5.407   -270.787 [ 1  1  1]  62  0.124  2.918  2.452
  3   74 Permutate   [   4  4 12 ]  -272.481   123.321   5.407   -272.481 [ 1  1  1]   6  0.214  3.232  2.443
  3   75 Permutate   [   4  4 12 ]  -272.484   123.321   5.407   -272.484 [ 1  1  1]   6  0.215  3.244  2.449
  3   76 Permutate   [   4  4 12 ]  -271.053   123.321   5.407   -271.053 [ 1  1  1]   1  0.137  2.545  2.168
  3   77 Permutate   [   4  4 12 ]  -272.347   123.321   5.407   -272.347 [ 1  1  1]   6  0.214  3.254  2.476
  3   78 softmutate  [   4  4 12 ]  -272.484   123.321   5.407   -272.484 [ 1  1  1]   6  0.215  3.244  2.449
  3   79 softmutate  [   4  4 12 ]  -270.938   123.321   5.407   -270.938 [ 1  1  1]   4  0.179  2.649  2.115
  3   80 softmutate  [   4  4 12 ]  -268.033   123.321   5.407   -268.033 [ 1  1  1]   4  0.188  2.473  1.945
  3   81 keptBest    [   4  4 12 ]  -274.429   123.321   5.407   -274.429 [ 1  1  1]  63  0.056  3.399  3.213
  3   82 keptBest    [   4  4 12 ]  -271.152   123.321   5.407   -271.152 [ 1  1  1]  62  0.129  2.950  2.407
  3   83 keptBest    [   4  4 12 ]  -271.053   123.321   5.407   -271.053 [ 1  1  1]   1  0.138  2.551  2.170
  3   84 keptBest    [   4  4 12 ]  -270.797   123.321   5.407   -270.797 [ 1  1  1]  10  0.207  3.120  2.383
  3   85 keptBest    [   4  4 12 ]  -270.780   123.321   5.407   -270.780 [ 1  1  1]   1  0.125  2.901  2.436
  4   86  Heredity   [   4  4 12 ]  -270.828   123.321   5.407   -270.828 [ 1  1  1]   1  0.181  2.662  2.132
  4   87  Heredity   [   4  4 12 ]  -272.484   123.321   5.407   -272.484 [ 1  1  1]   6  0.215  3.244  2.449
  4   88  Heredity   [   4  4 12 ]  -274.426   123.321   5.407   -274.426 [ 1  1  1]  63  0.056  3.384  3.200
  4   89  Heredity   [   4  4 12 ]  -272.346   123.321   5.407   -272.346 [ 1  1  1]   6  0.214  3.250  2.474
  4   90  Heredity   [   4  4 12 ]  -272.347   123.321   5.407   -272.347 [ 1  1  1]   6  0.214  3.254  2.476
  4   91  Heredity   [   4  4 12 ]  -272.484   123.321   5.407   -272.484 [ 1  1  1]   6  0.215  3.241  2.447
  4   92  Heredity   [   4  4 12 ]  -270.940   123.321   5.407   -270.940 [ 1  1  1]   4  0.180  2.656  2.115
  4   93  Heredity   [   4  4 12 ]  -274.423   123.321   5.407   -274.423 [ 1  1  1]  63  0.056  3.378  3.194
  4   94  Heredity   [   4  4 12 ]  -271.040   123.321   5.407   -271.040 [ 1  1  1]   3  0.182  2.788  2.220
  4   95  Heredity   [   4  4 12 ]  -272.347   123.321   5.407   -272.347 [ 1  1  1]   6  0.214  3.254  2.476
  4   96   Random    [   4  4 12 ]  -269.261   123.321   5.407   -269.261 [ 1  1  1]  26  0.216  3.116  2.253
  4   97   Random    [   4  4 12 ]  -274.427   123.321   5.407   -274.427 [ 1  1  1]  63  0.056  3.391  3.205
  4   98   Random    [   4  4 12 ]  -274.429   123.321   5.407   -274.429 [ 1  1  1]  63  0.056  3.398  3.212
  4   99   Random    [   4  4 12 ]  -270.791   123.321   5.407   -270.791 [ 1  1  1]  62  0.124  2.932  2.463
  4  100   Random    [   4  4 12 ]  -269.351   123.321   5.407   -269.351 [ 1  1  1]   1  0.183  2.530  2.002
  4  101   Random    [   4  4 12 ]  -267.652   123.321   5.407   -267.652 [ 1  1  1]   1  0.236  2.513  1.783
  4  102   Random    [   4  4 12 ]  -270.927   123.321   5.407   -270.927 [ 1  1  1]   7  0.162  2.668  2.205
  4  103 Permutate   [   4  4 12 ]  -272.484   123.321   5.407   -272.484 [ 1  1  1]   6  0.215  3.244  2.449
  4  104 Permutate   [   4  4 12 ]  -270.977   123.321   5.407   -270.977 [ 1  1  1]   4  0.174  2.600  2.097
  4  105 Permutate   [   4  4 12 ]  -271.152   123.321   5.407   -271.152 [ 1  1  1]  62  0.129  2.950  2.407
  4  106 Permutate   [   4  4 12 ]  -272.483   123.321   5.407   -272.483 [ 1  1  1]   6  0.214  3.233  2.446
  4  107 Permutate   [   4  4 12 ]  -272.484   123.321   5.407   -272.484 [ 1  1  1]   6  0.215  3.244  2.449
  4  108 softmutate  [   4  4 12 ]  -271.043   123.321   5.407   -271.043 [ 1  1  1]   3  0.182  2.794  2.222
  4  109 softmutate  [   4  4 12 ]  -271.042   123.321   5.407   -271.042 [ 1  1  1]   3  0.182  2.785  2.217
  4  110 softmutate  [   4  4 12 ]  -274.429   123.321   5.407   -274.429 [ 1  1  1]  63  0.056  3.398  3.212
  4  111 softmutate  [   4  4 12 ]  -271.152   123.321   5.407   -271.152 [ 1  1  1]  62  0.129  2.950  2.407
  4  112 softmutate  [   4  4 12 ]  -270.789   123.321   5.407   -270.789 [ 1  1  1]  62  0.124  2.928  2.460
  4  113 keptBest    [   4  4 12 ]  -274.496   123.371   5.405   -274.496 [ 1  1  1]  63  0.056  3.401  3.213
  4  114 keptBest    [   4  4 12 ]  -271.152   123.321   5.407   -271.152 [ 1  1  1]  62  0.129  2.950  2.407
  4  115 keptBest    [   4  4 12 ]  -271.053   123.321   5.407   -271.053 [ 1  1  1]   1  0.137  2.545  2.168
  4  116 keptBest    [   4  4 12 ]  -270.797   123.321   5.407   -270.797 [ 1  1  1]  10  0.207  3.120  2.383
  4  117 keptBest    [   4  4 12 ]  -270.787   123.321   5.407   -270.787 [ 1  1  1]  62  0.124  2.918  2.452
  5  118  Heredity   [   4  4 12 ]  -274.429   123.321   5.407   -274.429 [ 1  1  1]  63  0.056  3.398  3.212
  5  119  Heredity   [   4  4 12 ]  -272.484   123.321   5.407   -272.484 [ 1  1  1]   6  0.215  3.244  2.449
  5  120  Heredity   [   4  4 12 ]  -271.152   123.321   5.407   -271.152 [ 1  1  1]   1  0.129  2.950  2.407
  5  121  Heredity   [   4  4 12 ]  -272.484   123.321   5.407   -272.484 [ 1  1  1]   6  0.215  3.244  2.449
  5  122  Heredity   [   4  4 12 ]  -270.888   123.321   5.407   -270.888 [ 1  1  1]   1  0.190  2.876  2.192
  5  123  Heredity   [   4  4 12 ]  -272.347   123.321   5.407   -272.347 [ 1  1  1]   6  0.214  3.253  2.476
  5  124  Heredity   [   4  4 12 ]  -270.790   123.321   5.407   -270.790 [ 1  1  1]  62  0.124  2.929  2.461
  5  125   Random    [   4  4 12 ]  -274.429   123.321   5.407   -274.429 [ 1  1  1]  63  0.056  3.398  3.212
  5  126   Random    [   4  4 12 ]  -270.873   123.321   5.407   -270.873 [ 1  1  1]   3  0.192  2.815  2.203
  5  127   Random    [   4  4 12 ]  -274.429   123.321   5.407   -274.429 [ 1  1  1]  63  0.056  3.399  3.213
  5  128   Random    [   4  4 12 ]  -262.914   123.321   5.407   -262.914 [ 1  1  1]   6  0.267  3.005  1.941
  5  129   Random    [   4  4 12 ]  -274.429   123.321   5.407   -274.429 [ 1  1  1]  63  0.056  3.398  3.212
  5  130   Random    [   4  4 12 ]  -271.050   123.321   5.407   -271.050 [ 1  1  1]   1  0.140  2.545  2.159
  5  131   Random    [   4  4 12 ]  -270.417   123.321   5.407   -270.417 [ 1  1  1]   1  0.207  2.612  1.979
  5  132   Random    [   4  4 12 ]  -274.419   123.321   5.407   -274.419 [ 1  1  1]   1  0.057  3.361  3.176
  5  133 Permutate   [   4  4 12 ]  -272.484   123.321   5.407   -272.484 [ 1  1  1]   6  0.215  3.244  2.449
  5  134 Permutate   [   4  4 12 ]  -271.052   123.321   5.407   -271.052 [ 1  1  1]   1  0.140  2.558  2.173
  5  135 Permutate   [   4  4 12 ]  -274.496   123.371   5.405   -274.496 [ 1  1  1]  63  0.056  3.401  3.213
  5  136 Permutate   [   4  4 12 ]  -272.471   123.321   5.407   -272.471 [ 1  1  1]   1  0.208  3.128  2.398
  5  137 Permutate   [   4  4 12 ]  -274.495   123.371   5.405   -274.495 [ 1  1  1]  63  0.056  3.399  3.212
  5  138 softmutate  [   4  4 12 ]  -271.148   123.321   5.407   -271.148 [ 1  1  1]  62  0.129  2.937  2.396
  5  139 softmutate  [   4  4 12 ]  -271.052   123.321   5.407   -271.052 [ 1  1  1]   1  0.139  2.557  2.174
  5  140 softmutate  [   4  4 12 ]  -274.428   123.321   5.407   -274.428 [ 1  1  1]  63  0.056  3.393  3.205
  5  141 softmutate  [   4  4 12 ]  -272.484   123.321   5.407   -272.484 [ 1  1  1]   6  0.215  3.241  2.447
  5  142 softmutate  [   4  4 12 ]  -272.483   123.321   5.407   -272.483 [ 1  1  1]   6  0.215  3.241  2.447
  5  143 softmutate  [   4  4 12 ]  -271.041   123.321   5.407   -271.041 [ 1  1  1]   3  0.183  2.793  2.220
  5  144 softmutate  [   4  4 12 ]  -271.041   123.321   5.407   -271.041 [ 1  1  1]   3  0.183  2.793  2.220
  5  145 keptBest    [   4  4 12 ]  -274.496   123.371   5.405   -274.496 [ 1  1  1]  63  0.056  3.401  3.213
  5  146 keptBest    [   4  4 12 ]  -271.152   123.321   5.407   -271.152 [ 1  1  1]  62  0.129  2.950  2.407
  5  147 keptBest    [   4  4 12 ]  -271.053   123.321   5.407   -271.053 [ 1  1  1]   1  0.137  2.545  2.168
  5  148 keptBest    [   4  4 12 ]  -270.797   123.321   5.407   -270.797 [ 1  1  1]  10  0.207  3.120  2.383
  5  149 keptBest    [   4  4 12 ]  -270.791   123.321   5.407   -270.791 [ 1  1  1]  62  0.124  2.932  2.463
  6  150  Heredity   [   4  4 12 ]  -271.359   123.321   5.407   -271.359 [ 1  1  1]   6  0.232  3.092  2.232
  6  151  Heredity   [   4  4 12 ]  -272.484   123.321   5.407   -272.484 [ 1  1  1]   6  0.215  3.239  2.447
  6  152  Heredity   [   4  4 12 ]  -270.890   123.321   5.407   -270.890 [ 1  1  1]  17  0.191  2.926  2.228
  6  153  Heredity   [   4  4 12 ]  -272.347   123.321   5.407   -272.347 [ 1  1  1]   6  0.214  3.254  2.476
  6  154  Heredity   [   4  4 12 ]  -270.889   123.321   5.407   -270.889 [ 1  1  1]   1  0.191  2.924  2.226
  6  155  Heredity   [   4  4 12 ]  -274.429   123.321   5.407   -274.429 [ 1  1  1]   1  0.056  3.398  3.212
  6  156  Heredity   [   4  4 12 ]  -274.428   123.321   5.407   -274.428 [ 1  1  1]  63  0.056  3.393  3.206
  6  157  Heredity   [   4  4 12 ]  -270.851   123.321   5.407   -270.851 [ 1  1  1]   3  0.195  2.860  2.236
  6  158  Heredity   [   4  4 12 ]  -270.790   123.321   5.407   -270.790 [ 1  1  1]  62  0.124  2.929  2.461
  6  159  Heredity   [   4  4 12 ]  -272.484   123.321   5.407   -272.484 [ 1  1  1]   6  0.215  3.241  2.447
  6  160   Random    [   4  4 12 ]  -271.052   123.321   5.407   -271.052 [ 1  1  1]   1  0.139  2.550  2.169
  6  161   Random    [   4  4 12 ]  -267.850   123.321   5.407   -267.850 [ 1  1  1]   1  0.241  2.748  1.925
  6  162   Random    [   4  4 12 ]  -271.053   123.321   5.407   -271.053 [ 1  1  1]   1  0.137  2.542  2.166
  6  163   Random    [   4  4 12 ]  -271.005   123.371   5.405   -271.005 [ 1  1  1]   4  0.180  2.656  2.115
  6  164   Random    [   4  4 12 ]  -270.892   123.321   5.407   -270.892 [ 1  1  1]  17  0.189  2.956  2.255
  6  165   Random    [   4  4 12 ]  -270.978   123.321   5.407   -270.978 [ 1  1  1]   4  0.174  2.598  2.097
  6  166   Random    [   4  4 12 ]  -271.152   123.321   5.407   -271.152 [ 1  1  1]  62  0.129  2.950  2.407
  6  167 Permutate   [   4  4 12 ]  -272.346   123.321   5.407   -272.346 [ 1  1  1]   6  0.214  3.247  2.473
  6  168 Permutate   [   4  4 12 ]  -271.053   123.321   5.407   -271.053 [ 1  1  1]   1  0.136  2.536  2.164
  6  169 Permutate   [   4  4 12 ]  -269.238   123.321   5.407   -269.238 [ 1  1  1]   1  0.247  2.841  1.946
  6  170 Permutate   [   4  4 12 ]  -271.034   123.321   5.407   -271.034 [ 1  1  1]   1  0.185  2.791  2.214
  6  171 Permutate   [   4  4 12 ]  -272.484   123.321   5.407   -272.484 [ 1  1  1]   6  0.215  3.242  2.449
  6  172 Permutate   [   4  4 12 ]  -272.345   123.321   5.407   -272.345 [ 1  1  1]   6  0.213  3.231  2.467
  6  173 softmutate  [   4  4 12 ]  -271.042   123.321   5.407   -271.042 [ 1  1  1]   3  0.182  2.789  2.221
  6  174 softmutate  [   4  4 12 ]  -271.042   123.321   5.407   -271.042 [ 1  1  1]   3  0.182  2.790  2.220
  6  175 softmutate  [   4  4 12 ]  -271.042   123.321   5.407   -271.042 [ 1  1  1]   3  0.183  2.793  2.220
  6  176 softmutate  [   4  4 12 ]  -271.038   123.321   5.407   -271.038 [ 1  1  1]   3  0.182  2.785  2.218
  6  177 softmutate  [   4  4 12 ]  -272.482   123.321   5.407   -272.482 [ 1  1  1]   6  0.214  3.228  2.441
  6  178 softmutate  [   4  4 12 ]  -272.483   123.321   5.407   -272.483 [ 1  1  1]   6  0.214  3.228  2.442
  6  179 keptBest    [   4  4 12 ]  -274.496   123.371   5.405   -274.496 [ 1  1  1]  63  0.056  3.401  3.213
  6  180 keptBest    [   4  4 12 ]  -271.152   123.321   5.407   -271.152 [ 1  1  1]   1  0.129  2.950  2.407
  6  181 keptBest    [   4  4 12 ]  -271.053   123.321   5.407   -271.053 [ 1  1  1]   1  0.137  2.545  2.168
  6  182 keptBest    [   4  4 12 ]  -270.797   123.321   5.407   -270.797 [ 1  1  1]  10  0.207  3.120  2.383
  6  183 keptBest    [   4  4 12 ]  -270.791   123.321   5.407   -270.791 [ 1  1  1]  62  0.124  2.932  2.463
  7  184  Heredity   [   4  4 12 ]  -272.483   123.321   5.407   -272.483 [ 1  1  1]   6  0.214  3.230  2.443
  7  185  Heredity   [   4  4 12 ]  -272.484   123.321   5.407   -272.484 [ 1  1  1]   6  0.215  3.244  2.449
  7  186  Heredity   [   4  4 12 ]  -270.040   123.321   5.407   -270.040 [ 1  1  1]   6  0.260  3.096  2.059
  7  187  Heredity   [   4  4 12 ]  -269.414   123.321   5.407   -269.414 [ 1  1  1]   1  0.241  2.765  1.941
  7  188  Heredity   [   4  4 12 ]  -272.484   123.321   5.407   -272.484 [ 1  1  1]   6  0.215  3.243  2.449
  7  189  Heredity   [   4  4 12 ]  -272.484   123.321   5.407   -272.484 [ 1  1  1]   6  0.215  3.241  2.447
  7  190  Heredity   [   4  4 12 ]  -272.345   123.321   5.407   -272.345 [ 1  1  1]   6  0.213  3.237  2.469
  7  191  Heredity   [   4  4 12 ]  -274.429   123.321   5.407   -274.429 [ 1  1  1]  63  0.056  3.398  3.212
  7  192  Heredity   [   4  4 12 ]  -270.608   123.321   5.407   -270.608 [ 1  1  1]   1  0.214  2.640  1.970
  7  193   Random    [   4  4 12 ]  -271.053   123.321   5.407   -271.053 [ 1  1  1]   1  0.139  2.552  2.171
  7  194   Random    [   4  4 12 ]  -271.221   123.371   5.405   -271.221 [ 1  1  1]  62  0.129  2.950  2.406
  7  195   Random    [   4  4 12 ]  -269.387   123.321   5.407   -269.387 [ 1  1  1]   1  0.229  2.546  1.852
  7  196   Random    [   4  4 12 ]  -270.762   123.321   5.407   -270.762 [ 1  1  1]   1  0.210  2.489  1.895
  7  197   Random    [   4  4 12 ]  -274.422   123.321   5.407   -274.422 [ 1  1  1]  63  0.056  3.373  3.188
  7  198   Random    [   4  4 12 ]  -270.939   123.321   5.407   -270.939 [ 1  1  1]   4  0.181  2.652  2.109
  7  199 Permutate   [   4  4 12 ]  -271.359   123.321   5.407   -271.359 [ 1  1  1]   6  0.232  3.093  2.232
  7  200 Permutate   [   4  4 12 ]  -272.412   123.371   5.405   -272.412 [ 1  1  1]   6  0.213  3.229  2.466
  7  201 Permutate   [   4  4 12 ]  -271.040   123.321   5.407   -271.040 [ 1  1  1]   1  0.146  2.582  2.172
  7  202 Permutate   [   4  4 12 ]  -274.496   123.371   5.405   -274.496 [ 1  1  1]  63  0.056  3.401  3.213
  7  203 Permutate   [   4  4 12 ]  -268.270   123.371   5.405   -268.270 [ 1  1  1]   1  0.244  2.574  1.797
  7  204 Permutate   [   4  4 12 ]  -272.345   123.321   5.407   -272.345 [ 1  1  1]   6  0.213  3.231  2.467
  7  205 softmutate  [   4  4 12 ]  -272.484   123.321   5.407   -272.484 [ 1  1  1]   6  0.215  3.244  2.449
  7  206 softmutate  [   4  4 12 ]  -270.425   123.321   5.407   -270.425 [ 1  1  1]   1  0.212  2.608  1.963
  7  207 softmutate  [   4  4 12 ]  -271.043   123.321   5.407   -271.043 [ 1  1  1]   3  0.183  2.801  2.226
  7  208 softmutate  [   4  4 12 ]  -274.425   123.321   5.407   -274.425 [ 1  1  1]  63  0.056  3.385  3.200
  7  209 softmutate  [   4  4 12 ]  -272.347   123.321   5.407   -272.347 [ 1  1  1]   6  0.214  3.254  2.476
  7  210 softmutate  [   4  4 12 ]  -271.359   123.321   5.407   -271.359 [ 1  1  1]   6  0.232  3.092  2.232
  7  211 keptBest    [   4  4 12 ]  -274.496   123.371   5.405   -274.496 [ 1  1  1]  63  0.056  3.401  3.213
  7  212 keptBest    [   4  4 12 ]  -271.152   123.321   5.407   -271.152 [ 1  1  1]   1  0.129  2.950  2.407
  7  213 keptBest    [   4  4 12 ]  -271.053   123.321   5.407   -271.053 [ 1  1  1]   1  0.137  2.542  2.166
  7  214 keptBest    [   4  4 12 ]  -270.797   123.321   5.407   -270.797 [ 1  1  1]  10  0.207  3.120  2.383
  7  215 keptBest    [   4  4 12 ]  -270.791   123.321   5.407   -270.791 [ 1  1  1]  62  0.124  2.932  2.463
  8  216  Heredity   [   4  4 12 ]  -270.927   123.321   5.407   -270.927 [ 1  1  1]   7  0.162  2.785  2.303
  8  217  Heredity   [   4  4 12 ]  -270.892   123.321   5.407   -270.892 [ 1  1  1]  17  0.189  2.952  2.251
  8  218  Heredity   [   4  4 12 ]  -270.976   123.321   5.407   -270.976 [ 1  1  1]   4  0.174  2.600  2.094
  8  219  Heredity   [   4  4 12 ]  -268.752   123.321   5.407   -268.752 [ 1  1  1]   1  0.236  2.568  1.840
  8  220  Heredity   [   4  4 12 ]  -272.346   123.321   5.407   -272.346 [ 1  1  1]   6  0.214  3.251  2.475
  8  221  Heredity   [   4  4 12 ]  -270.867   123.321   5.407   -270.867 [ 1  1  1]   3  0.194  2.840  2.214
  8  222  Heredity   [   4  4 12 ]  -271.050   123.321   5.407   -271.050 [ 1  1  1]   1  0.140  2.559  2.174
  8  223  Heredity   [   4  4 12 ]  -272.481   123.321   5.407   -272.481 [ 1  1  1]   6  0.214  3.233  2.444
  8  224  Heredity   [   4  4 12 ]  -274.429   123.321   5.407   -274.429 [ 1  1  1]  63  0.056  3.398  3.212
  8  225  Heredity   [   4  4 12 ]  -270.940   123.321   5.407   -270.940 [ 1  1  1]   4  0.179  2.657  2.116
  8  226  Heredity   [   4  4 12 ]  -270.864   123.321   5.407   -270.864 [ 1  1  1]  31  0.197  3.062  2.362
  8  227  Heredity   [   4  4 12 ]  -272.482   123.321   5.407   -272.482 [ 1  1  1]   6  0.215  3.236  2.444
  8  228  Heredity   [   4  4 12 ]  -270.762   123.321   5.407   -270.762 [ 1  1  1]   1  0.210  2.494  1.897
  8  229   Random    [   4  4 12 ]  -274.429   123.321   5.407   -274.429 [ 1  1  1]  63  0.056  3.398  3.212
  8  230   Random    [   4  4 12 ]  -269.257   123.321   5.407   -269.257 [ 1  1  1]   6  0.259  3.053  2.059
  8  231   Random    [   4  4 12 ]  -274.424   123.321   5.407   -274.424 [ 1  1  1]  63  0.056  3.374  3.189
  8  232   Random    [   4  4 12 ]  -272.547   123.371   5.405   -272.547 [ 1  1  1]   6  0.214  3.232  2.442
  8  233 Permutate   [   4  4 12 ]  -272.479   123.321   5.407   -272.479 [ 1  1  1]   6  0.213  3.230  2.445
  8  234 Permutate   [   4  4 12 ]  -271.051   123.321   5.407   -271.051 [ 1  1  1]   1  0.139  2.556  2.173
  8  235 Permutate   [   4  4 12 ]  -272.413   123.371   5.405   -272.413 [ 1  1  1]   6  0.215  3.255  2.475
  8  236 Permutate   [   4  4 12 ]  -272.484   123.321   5.407   -272.484 [ 1  1  1]   6  0.215  3.244  2.449
  8  237 Permutate   [   4  4 12 ]  -274.496   123.371   5.405   -274.496 [ 1  1  1]  63  0.056  3.401  3.213
  8  238 softmutate  [   4  4 12 ]  -274.429   123.321   5.407   -274.429 [ 1  1  1]  63  0.056  3.398  3.212
  8  239 softmutate  [   4  4 12 ]  -272.482   123.321   5.407   -272.482 [ 1  1  1]   6  0.215  3.238  2.445
  8  240 softmutate  [   4  4 12 ]  -269.388   123.321   5.407   -269.388 [ 1  1  1]   1  0.230  2.549  1.852
  8  241 softmutate  [   4  4 12 ]  -274.429   123.321   5.407   -274.429 [ 1  1  1]  63  0.056  3.398  3.212
  8  242 softmutate  [   4  4 12 ]  -270.939   123.321   5.407   -270.939 [ 1  1  1]   4  0.181  2.663  2.116
  8  243 keptBest    [   4  4 12 ]  -274.496   123.371   5.405   -274.496 [ 1  1  1]  63  0.056  3.401  3.213
  8  244 keptBest    [   4  4 12 ]  -271.221   123.371   5.405   -271.221 [ 1  1  1]  62  0.129  2.950  2.406
  8  245 keptBest    [   4  4 12 ]  -271.053   123.321   5.407   -271.053 [ 1  1  1]   1  0.137  2.542  2.166
  8  246 keptBest    [   4  4 12 ]  -270.797   123.321   5.407   -270.797 [ 1  1  1]  10  0.207  3.120  2.383
  8  247 keptBest    [   4  4 12 ]  -270.791   123.321   5.407   -270.791 [ 1  1  1]  62  0.124  2.932  2.463
  9  248  Heredity   [   4  4 12 ]  -270.763   123.321   5.407   -270.763 [ 1  1  1]   1  0.210  2.495  1.900
  9  249  Heredity   [   4  4 12 ]  -270.423   123.321   5.407   -270.423 [ 1  1  1]   1  0.209  2.600  1.966
  9  250  Heredity   [   4  4 12 ]  -271.053   123.321   5.407   -271.053 [ 1  1  1]   1  0.136  2.542  2.167
  9  251  Heredity   [   4  4 12 ]  -270.876   123.321   5.407   -270.876 [ 1  1  1]   3  0.193  2.827  2.208
  9  252  Heredity   [   4  4 12 ]  -268.802   123.321   5.407   -268.802 [ 1  1  1]   1  0.235  2.852  2.033
  9  253  Heredity   [   4  4 12 ]  -271.053   123.321   5.407   -271.053 [ 1  1  1]   1  0.139  2.553  2.172
  9  254  Heredity   [   4  4 12 ]  -267.921   123.321   5.407   -267.921 [ 1  1  1]   1  0.241  2.822  1.976
  9  255  Heredity   [   4  4 12 ]  -270.888   123.321   5.407   -270.888 [ 1  1  1]   4  0.185  2.752  2.180
  9  256   Random    [   4  4 12 ]  -270.035   123.321   5.407   -270.035 [ 1  1  1]   1  0.254  2.995  2.028
  9  257   Random    [   4  4 12 ]  -269.370   123.321   5.407   -269.370 [ 1  1  1]   4  0.171  2.549  2.049
  9  258   Random    [   4  4 12 ]  -272.413   123.371   5.405   -272.413 [ 1  1  1]   6  0.215  3.255  2.475
  9  259   Random    [   4  4 12 ]  -274.429   123.321   5.407   -274.429 [ 1  1  1]  63  0.056  3.398  3.212
  9  260 Permutate   [   4  4 12 ]  -270.892   123.321   5.407   -270.892 [ 1  1  1]  17  0.189  2.952  2.251
  9  261 Permutate   [   4  4 12 ]  -274.495   123.371   5.405   -274.495 [ 1  1  1]  63  0.056  3.399  3.212
  9  262 Permutate   [   4  4 12 ]  -271.429   123.371   5.405   -271.429 [ 1  1  1]   6  0.232  3.086  2.230
  9  263 Permutate   [   4  4 12 ]  -271.398   123.371   5.405   -271.398 [ 1  1  1]   6  0.239  3.087  2.181
  9  264 Permutate   [   4  4 12 ]  -269.391   123.371   5.405   -269.391 [ 1  1  1]   1  0.239  2.648  1.871
  9  265 Permutate   [   4  4 12 ]  -270.892   123.321   5.407   -270.892 [ 1  1  1]  17  0.189  2.953  2.253
  9  266 Permutate   [   4  4 12 ]  -270.933   123.321   5.407   -270.933 [ 1  1  1]   4  0.184  2.679  2.118
  9  267 softmutate  [   4  4 12 ]  -270.789   123.321   5.407   -270.789 [ 1  1  1]  62  0.124  2.925  2.458
  9  268 softmutate  [   4  4 12 ]  -271.152   123.321   5.407   -271.152 [ 1  1  1]  62  0.129  2.950  2.407
  9  269 softmutate  [   4  4 12 ]  -274.429   123.321   5.407   -274.429 [ 1  1  1]  63  0.056  3.398  3.212
  9  270 softmutate  [   4  4 12 ]  -274.424   123.321   5.407   -274.424 [ 1  1  1]  63  0.056  3.380  3.196
  9  271 softmutate  [   4  4 12 ]  -271.152   123.321   5.407   -271.152 [ 1  1  1]  62  0.129  2.950  2.407
  9  272 softmutate  [   4  4 12 ]  -271.052   123.321   5.407   -271.052 [ 1  1  1]   1  0.139  2.550  2.168
  9  273 keptBest    [   4  4 12 ]  -274.496   123.371   5.405   -274.496 [ 1  1  1]  63  0.056  3.401  3.213
  9  274 keptBest    [   4  4 12 ]  -271.221   123.371   5.405   -271.221 [ 1  1  1]  62  0.129  2.950  2.406
  9  275 keptBest    [   4  4 12 ]  -271.053   123.321   5.407   -271.053 [ 1  1  1]   1  0.137  2.542  2.166
  9  276 keptBest    [   4  4 12 ]  -270.892   123.321   5.407   -270.892 [ 1  1  1]  17  0.189  2.952  2.251
  9  277 keptBest    [   4  4 12 ]  -270.864   123.321   5.407   -270.864 [ 1  1  1]  31  0.197  3.062  2.362
 10  278  Heredity   [   4  4 12 ]  -272.345   123.321   5.407   -272.345 [ 1  1  1]   6  0.213  3.243  2.472
 10  279  Heredity   [   4  4 12 ]  -271.152   123.321   5.407   -271.152 [ 1  1  1]  62  0.129  2.950  2.407
 10  280  Heredity   [   4  4 12 ]  -268.601   123.321   5.407   -268.601 [ 1  1  1]   1  0.237  2.557  1.839
 10  281  Heredity   [   4  4 12 ]  -272.484   123.321   5.407   -272.484 [ 1  1  1]   6  0.215  3.243  2.449
 10  282  Heredity   [   4  4 12 ]  -272.347   123.321   5.407   -272.347 [ 1  1  1]   6  0.214  3.254  2.476
 10  283  Heredity   [   4  4 12 ]  -271.052   123.321   5.407   -271.052 [ 1  1  1]   1  0.139  2.550  2.168
 10  284  Heredity   [   4  4 12 ]  -272.483   123.321   5.407   -272.483 [ 1  1  1]   6  0.215  3.241  2.447
 10  285  Heredity   [   4  4 12 ]  -272.484   123.321   5.407   -272.484 [ 1  1  1]   6  0.215  3.244  2.449
 10  286  Heredity   [   4  4 12 ]  -269.033   123.321   5.407   -269.033 [ 1  1  1]   1  0.248  2.874  1.959
 10  287  Heredity   [   4  4 12 ]  -270.652   123.321   5.407   -270.652 [ 1  1  1]   4  0.186  2.636  2.068
 10  288   Random    [   4  4 12 ]  -274.492   123.371   5.405   -274.492 [ 1  1  1]  63  0.056  3.380  3.193
 10  289   Random    [   4  4 12 ]  -274.493   123.371   5.405   -274.493 [ 1  1  1]  63  0.056  3.388  3.201
 10  290   Random    [   4  4 12 ]  -270.358   123.321   5.407   -270.358 [ 1  1  1]  18  0.110  2.803  2.493
 10  291   Random    [   4  4 12 ]  -269.811   123.321   5.407   -269.811 [ 1  1  1]   4  0.192  2.513  1.954
 10  292   Random    [   4  4 12 ]  -274.429   123.321   5.407   -274.429 [ 1  1  1]  63  0.056  3.398  3.212
 10  293 Permutate   [   4  4 12 ]  -270.923   123.321   5.407   -270.923 [ 1  1  1]   4  0.185  2.684  2.118
 10  294 Permutate   [   4  4 12 ]  -272.413   123.371   5.405   -272.413 [ 1  1  1]   6  0.215  3.255  2.475
 10  295 Permutate   [   4  4 12 ]  -272.413   123.371   5.405   -272.413 [ 1  1  1]   6  0.214  3.254  2.475
 10  296 Permutate   [   4  4 12 ]  -272.413   123.371   5.405   -272.413 [ 1  1  1]   6  0.215  3.255  2.475
 10  297 Permutate   [   4  4 12 ]  -274.496   123.371   5.405   -274.496 [ 1  1  1]  63  0.056  3.401  3.213
 10  298 Permutate   [   4  4 12 ]  -270.380   123.321   5.407   -270.380 [ 1  1  1]  25  0.237  3.331  2.355
 10  299 Permutate   [   4  4 12 ]  -269.370   123.321   5.407   -269.370 [ 1  1  1]   4  0.171  2.549  2.049
 10  300 softmutate  [   4  4 12 ]  -271.351   123.321   5.407   -271.351 [ 1  1  1]   1  0.229  3.041  2.211
 10  301 softmutate  [   4  4 12 ]  -272.413   123.371   5.405   -272.413 [ 1  1  1]   6  0.215  3.255  2.475
 10  302 keptBest    [   4  4 12 ]  -274.496   123.371   5.405   -274.496 [ 1  1  1]  63  0.056  3.401  3.213
 10  303 keptBest    [   4  4 12 ]  -271.221   123.371   5.405   -271.221 [ 1  1  1]  62  0.129  2.950  2.406
 10  304 keptBest    [   4  4 12 ]  -271.053   123.321   5.407   -271.053 [ 1  1  1]   1  0.137  2.542  2.166
 10  305 keptBest    [   4  4 12 ]  -270.892   123.321   5.407   -270.892 [ 1  1  1]  17  0.189  2.953  2.253
 10  306 keptBest    [   4  4 12 ]  -270.864   123.321   5.407   -270.864 [ 1  1  1]  31  0.197  3.062  2.362
 11  307  Heredity   [   4  4 12 ]  -272.484   123.321   5.407   -272.484 [ 1  1  1]   6  0.215  3.240  2.447
 11  308  Heredity   [   4  4 12 ]  -270.380   123.321   5.407   -270.380 [ 1  1  1]  25  0.237  3.333  2.356
 11  309  Heredity   [   4  4 12 ]  -272.484   123.321   5.407   -272.484 [ 1  1  1]   6  0.215  3.244  2.449
 11  310  Heredity   [   4  4 12 ]  -268.665   123.321   5.407   -268.665 [ 1  1  1]   1  0.233  2.576  1.854
 11  311  Heredity   [   4  4 12 ]  -272.481   123.321   5.407   -272.481 [ 1  1  1]   6  0.213  3.216  2.437
 11  312  Heredity   [   4  4 12 ]  -272.347   123.321   5.407   -272.347 [ 1  1  1]   6  0.214  3.254  2.476
 11  313  Heredity   [   4  4 12 ]  -269.405   123.321   5.407   -269.405 [ 1  1  1]   1  0.221  2.760  2.022
 11  314  Heredity   [   4  4 12 ]  -268.764   123.321   5.407   -268.764 [ 1  1  1]   1  0.235  2.667  1.917
 11  315  Heredity   [   4  4 12 ]  -272.347   123.321   5.407   -272.347 [ 1  1  1]   6  0.214  3.254  2.476
 11  316   Random    [   4  4 12 ]  -271.053   123.321   5.407   -271.053 [ 1  1  1]   1  0.137  2.542  2.166
 11  317   Random    [   4  4 12 ]  -270.418   123.321   5.407   -270.418 [ 1  1  1]   1  0.206  2.597  1.974
 11  318   Random    [   4  4 12 ]  -274.428   123.321   5.407   -274.428 [ 1  1  1]  63  0.056  3.394  3.207
 11  319   Random    [   4  4 12 ]  -270.790   123.321   5.407   -270.790 [ 1  1  1]  62  0.123  2.924  2.458
 11  320   Random    [   4  4 12 ]  -271.148   123.321   5.407   -271.148 [ 1  1  1]   1  0.129  2.938  2.398
 11  321   Random    [   4  4 12 ]  -268.659   123.321   5.407   -268.659 [ 1  1  1]   1  0.234  2.554  1.824
 11  322   Random    [   4  4 12 ]  -271.355   123.321   5.407   -271.355 [ 1  1  1]   1  0.231  3.072  2.222
 11  323 Permutate   [   4  4 12 ]  -266.532   123.321   5.407   -266.532 [ 1  1  1]   6  0.238  3.118  2.216
 11  324 Permutate   [   4  4 12 ]  -271.355   123.321   5.407   -271.355 [ 1  1  1]   6  0.231  3.070  2.223
 11  325 Permutate   [   4  4 12 ]  -274.494   123.371   5.405   -274.494 [ 1  1  1]  63  0.056  3.394  3.206
 11  326 Permutate   [   4  4 12 ]  -271.053   123.321   5.407   -271.053 [ 1  1  1]   1  0.135  2.533  2.162
 11  327 Permutate   [   4  4 12 ]  -272.484   123.321   5.407   -272.484 [ 1  1  1]   6  0.215  3.244  2.449
 11  328 Permutate   [   4  4 12 ]  -267.524   123.371   5.405   -267.524 [ 1  1  1]   1  0.250  2.799  1.927
 11  329 softmutate  [   4  4 12 ]  -274.429   123.321   5.407   -274.429 [ 1  1  1]  63  0.056  3.399  3.213
 11  330 softmutate  [   4  4 12 ]  -272.483   123.321   5.407   -272.483 [ 1  1  1]   6  0.214  3.236  2.446
 11  331 softmutate  [   4  4 12 ]  -272.483   123.321   5.407   -272.483 [ 1  1  1]   6  0.215  3.240  2.447
 11  332 softmutate  [   4  4 12 ]  -270.550   123.321   5.407   -270.550 [ 1  1  1]   4  0.211  3.061  2.275
 11  333 keptBest    [   4  4 12 ]  -274.496   123.371   5.405   -274.496 [ 1  1  1]  63  0.056  3.401  3.213
 11  334 keptBest    [   4  4 12 ]  -271.221   123.371   5.405   -271.221 [ 1  1  1]  62  0.129  2.950  2.406
 11  335 keptBest    [   4  4 12 ]  -271.053   123.321   5.407   -271.053 [ 1  1  1]   1  0.137  2.542  2.166
 11  336 keptBest    [   4  4 12 ]  -270.892   123.321   5.407   -270.892 [ 1  1  1]  17  0.189  2.953  2.253
 11  337 keptBest    [   4  4 12 ]  -270.864   123.321   5.407   -270.864 [ 1  1  1]  31  0.197  3.062  2.362
 12  338  Heredity   [   4  4 12 ]  -270.875   123.321   5.407   -270.875 [ 1  1  1]   3  0.192  2.823  2.210
 12  339  Heredity   [   4  4 12 ]  -274.429   123.321   5.407   -274.429 [ 1  1  1]  63  0.056  3.399  3.212
 12  340  Heredity   [   4  4 12 ]  -274.429   123.321   5.407   -274.429 [ 1  1  1]  63  0.056  3.398  3.212
 12  341  Heredity   [   4  4 12 ]  -270.587   123.321   5.407   -270.587 [ 1  1  1]   1  0.224  2.628  1.920
 12  342  Heredity   [   4  4 12 ]  -272.347   123.321   5.407   -272.347 [ 1  1  1]   6  0.214  3.254  2.476
 12  343  Heredity   [   4  4 12 ]  -272.483   123.321   5.407   -272.483 [ 1  1  1]   6  0.215  3.238  2.446
 12  344  Heredity   [   4  4 12 ]  -270.286   123.321   5.407   -270.286 [ 1  1  1]   7  0.180  2.815  2.249
 12  345  Heredity   [   4  4 12 ]  -270.757   123.321   5.407   -270.757 [ 1  1  1]   1  0.209  2.504  1.910
 12  346  Heredity   [   4  4 12 ]  -270.930   123.321   5.407   -270.930 [ 1  1  1]   4  0.184  2.684  2.121
 12  347  Heredity   [   4  4 12 ]  -272.483   123.321   5.407   -272.483 [ 1  1  1]   6  0.214  3.235  2.445
 12  348   Random    [   4  4 12 ]  -269.911   123.321   5.407   -269.911 [ 1  1  1]  31  0.194  3.056  2.298
 12  349   Random    [   4  4 12 ]  -269.370   123.321   5.407   -269.370 [ 1  1  1]   4  0.171  2.549  2.049
 12  350   Random    [   4  4 12 ]  -270.979   123.321   5.407   -270.979 [ 1  1  1]   4  0.173  2.597  2.099
 12  351 Permutate   [   4  4 12 ]  -270.892   123.321   5.407   -270.892 [ 1  1  1]  17  0.189  2.952  2.252
 12  352 Permutate   [   4  4 12 ]  -270.938   123.321   5.407   -270.938 [ 1  1  1]   4  0.179  2.649  2.114
 12  353 Permutate   [   4  4 12 ]  -272.481   123.321   5.407   -272.481 [ 1  1  1]   6  0.213  3.216  2.437
 12  354 Permutate   [   4  4 12 ]  -270.763   123.321   5.407   -270.763 [ 1  1  1]   1  0.210  2.495  1.900
 12  355 Permutate   [   4  4 12 ]  -269.440   123.371   5.405   -269.440 [ 1  1  1]   1  0.247  2.951  2.013
 12  356 Permutate   [   4  4 12 ]  -274.494   123.371   5.405   -274.494 [ 1  1  1]  63  0.056  3.388  3.201
 12  357 Permutate   [   4  4 12 ]  -274.496   123.371   5.405   -274.496 [ 1  1  1]   1  0.056  3.401  3.213
 12  358 Permutate   [   4  4 12 ]  -270.851   123.321   5.407   -270.851 [ 1  1  1]   3  0.193  2.861  2.242
 12  359 Permutate   [   4  4 12 ]  -272.347   123.321   5.407   -272.347 [ 1  1  1]   6  0.214  3.254  2.476
 12  360 softmutate  [   4  4 12 ]  -274.421   123.321   5.407   -274.421 [ 1  1  1]  63  0.056  3.371  3.187
 12  361 softmutate  [   4  4 12 ]  -274.416   123.321   5.407   -274.416 [ 1  1  1]   1  0.058  3.357  3.171
 12  362 softmutate  [   4  4 12 ]  -270.976   123.321   5.407   -270.976 [ 1  1  1]   4  0.174  2.606  2.100
 12  363 softmutate  [   4  4 12 ]  -270.961   123.321   5.407   -270.961 [ 1  1  1]   4  0.178  2.627  2.104
 12  364 softmutate  [   4  4 12 ]  -270.550   123.321   5.407   -270.550 [ 1  1  1]  31  0.211  3.078  2.285
 12  365 keptBest    [   4  4 12 ]  -274.496   123.371   5.405   -274.496 [ 1  1  1]  63  0.056  3.401  3.213
 12  366 keptBest    [   4  4 12 ]  -271.221   123.371   5.405   -271.221 [ 1  1  1]  62  0.129  2.950  2.406
 12  367 keptBest    [   4  4 12 ]  -271.053   123.321   5.407   -271.053 [ 1  1  1]   1  0.137  2.542  2.166
 12  368 keptBest    [   4  4 12 ]  -270.892   123.321   5.407   -270.892 [ 1  1  1]  17  0.189  2.953  2.253
 12  369 keptBest    [   4  4 12 ]  -270.864   123.321   5.407   -270.864 [ 1  1  1]  31  0.197  3.062  2.362
 13  370  Heredity   [   4  4 12 ]  -270.892   123.321   5.407   -270.892 [ 1  1  1]  17  0.189  2.952  2.252
 13  371  Heredity   [   4  4 12 ]  -272.484   123.321   5.407   -272.484 [ 1  1  1]   6  0.215  3.244  2.449
 13  372  Heredity   [   4  4 12 ]  -274.429   123.321   5.407   -274.429 [ 1  1  1]  63  0.056  3.398  3.212
 13  373  Heredity   [   4  4 12 ]  -270.763   123.321   5.407   -270.763 [ 1  1  1]   1  0.210  2.495  1.899
 13  374  Heredity   [   4  4 12 ]  -270.763   123.321   5.407   -270.763 [ 1  1  1]   1  0.210  2.495  1.899
 13  375  Heredity   [   4  4 12 ]  -270.425   123.321   5.407   -270.425 [ 1  1  1]   1  0.211  2.604  1.962
 13  376  Heredity   [   4  4 12 ]  -269.199   123.321   5.407   -269.199 [ 1  1  1]   1  0.203  2.674  2.033
 13  377  Heredity   [   4  4 12 ]  -274.429   123.321   5.407   -274.429 [ 1  1  1]  63  0.056  3.399  3.213
 13  378  Heredity   [   4  4 12 ]  -269.755   123.321   5.407   -269.755 [ 1  1  1]   6  0.231  2.943  2.099
 13  379  Heredity   [   4  4 12 ]  -269.291   123.321   5.407   -269.291 [ 1  1  1]   1  0.222  2.623  1.911
 13  380  Heredity   [   4  4 12 ]  -272.480   123.321   5.407   -272.480 [ 1  1  1]   6  0.213  3.211  2.435
 13  381   Random    [   4  4 12 ]  -270.653   123.321   5.407   -270.653 [ 1  1  1]   4  0.188  2.634  2.060
 13  382   Random    [   4  4 12 ]  -270.276   123.321   5.407   -270.276 [ 1  1  1]   1  0.194  2.972  2.319
 13  383   Random    [   4  4 12 ]  -274.426   123.321   5.407   -274.426 [ 1  1  1]  63  0.056  3.386  3.201
 13  384   Random    [   4  4 12 ]  -271.053   123.321   5.407   -271.053 [ 1  1  1]   1  0.137  2.542  2.166
 13  385   Random    [   4  4 12 ]  -270.979   123.321   5.407   -270.979 [ 1  1  1]   4  0.173  2.598  2.099
 13  386   Random    [   4  4 12 ]  -270.939   123.321   5.407   -270.939 [ 1  1  1]   4  0.181  2.665  2.117
 13  387   Random    [   4  4 12 ]  -274.423   123.321   5.407   -274.423 [ 1  1  1]  63  0.056  3.378  3.193
 13  388 Permutate   [   4  4 12 ]  -272.549   123.371   5.405   -272.549 [ 1  1  1]   6  0.215  3.244  2.447
 13  389 Permutate   [   4  4 12 ]  -268.999   123.321   5.407   -268.999 [ 1  1  1]   1  0.235  2.605  1.847
 13  390 Permutate   [   4  4 12 ]  -270.892   123.321   5.407   -270.892 [ 1  1  1]  17  0.189  2.952  2.251
 13  391 Permutate   [   4  4 12 ]  -270.400   123.321   5.407   -270.400 [ 1  1  1]   2  0.178  2.615  2.061
 13  392 Permutate   [   4  4 12 ]  -272.484   123.321   5.407   -272.484 [ 1  1  1]   6  0.215  3.244  2.449
 13  393 softmutate  [   4  4 12 ]  -274.421   123.321   5.407   -274.421 [ 1  1  1]  63  0.056  3.372  3.187
 13  394 softmutate  [   4  4 12 ]  -269.806   123.321   5.407   -269.806 [ 1  1  1]   4  0.193  2.500  1.939
 13  395 softmutate  [   4  4 12 ]  -270.976   123.321   5.407   -270.976 [ 1  1  1]   4  0.174  2.604  2.099
 13  396 softmutate  [   4  4 12 ]  -270.438   123.321   5.407   -270.438 [ 1  1  1]   1  0.234  2.855  2.040
 13  397 softmutate  [   4  4 12 ]  -270.367   123.321   5.407   -270.367 [ 1  1  1]   1  0.230  2.840  2.057
 13  398 keptBest    [   4  4 12 ]  -274.496   123.371   5.405   -274.496 [ 1  1  1]  63  0.056  3.401  3.213
 13  399 keptBest    [   4  4 12 ]  -271.221   123.371   5.405   -271.221 [ 1  1  1]  62  0.129  2.950  2.406
 13  400 keptBest    [   4  4 12 ]  -271.053   123.321   5.407   -271.053 [ 1  1  1]   1  0.137  2.542  2.166
 13  401 keptBest    [   4  4 12 ]  -270.892   123.321   5.407   -270.892 [ 1  1  1]  17  0.189  2.952  2.252
 13  402 keptBest    [   4  4 12 ]  -270.864   123.321   5.407   -270.864 [ 1  1  1]  31  0.197  3.062  2.362
 14  403  Heredity   [   4  4 12 ]  -270.614   123.321   5.407   -270.614 [ 1  1  1]   1  0.222  2.618  1.921
 14  404  Heredity   [   4  4 12 ]  -272.483   123.321   5.407   -272.483 [ 1  1  1]   6  0.214  3.233  2.444
 14  405  Heredity   [   4  4 12 ]  -271.050   123.321   5.407   -271.050 [ 1  1  1]   1  0.140  2.559  2.174
 14  406  Heredity   [   4  4 12 ]  -272.483   123.321   5.407   -272.483 [ 1  1  1]   6  0.215  3.241  2.447
 14  407  Heredity   [   4  4 12 ]  -270.875   123.321   5.407   -270.875 [ 1  1  1]   3  0.191  2.822  2.210
 14  408  Heredity   [   4  4 12 ]  -272.336   123.321   5.407   -272.336 [ 1  1  1]   1  0.207  3.140  2.427
 14  409  Heredity   [   4  4 12 ]  -270.892   123.321   5.407   -270.892 [ 1  1  1]  17  0.189  2.950  2.250
 14  410  Heredity   [   4  4 12 ]  -270.797   123.321   5.407   -270.797 [ 1  1  1]   3  0.208  3.149  2.398
 14  411  Heredity   [   4  4 12 ]  -270.425   123.321   5.407   -270.425 [ 1  1  1]   1  0.212  2.608  1.961
 14  412   Random    [   4  4 12 ]  -274.429   123.321   5.407   -274.429 [ 1  1  1]  63  0.056  3.399  3.213
 14  413   Random    [   4  4 12 ]  -274.399   123.321   5.407   -274.399 [ 1  1  1]   1  0.063  3.332  3.135
 14  414   Random    [   4  4 12 ]  -270.928   123.321   5.407   -270.928 [ 1  1  1]   7  0.164  2.669  2.199
 14  415   Random    [   4  4 12 ]  -274.429   123.321   5.407   -274.429 [ 1  1  1]  63  0.056  3.399  3.213
 14  416   Random    [   4  4 12 ]  -272.347   123.321   5.407   -272.347 [ 1  1  1]   6  0.214  3.254  2.476
 14  417 Permutate   [   4  4 12 ]  -272.549   123.371   5.405   -272.549 [ 1  1  1]   6  0.215  3.242  2.446
 14  418 Permutate   [   4  4 12 ]  -270.892   123.321   5.407   -270.892 [ 1  1  1]  17  0.189  2.952  2.252
 14  419 Permutate   [   4  4 12 ]  -274.495   123.371   5.405   -274.495 [ 1  1  1]   1  0.056  3.398  3.210
 14  420 Permutate   [   4  4 12 ]  -270.892   123.321   5.407   -270.892 [ 1  1  1]  17  0.189  2.956  2.255
 14  421 Permutate   [   4  4 12 ]  -270.708   123.371   5.405   -270.708 [ 1  1  1]  11  0.206  3.061  2.304
 14  422 Permutate   [   4  4 12 ]  -270.274   123.321   5.407   -270.274 [ 1  1  1]   7  0.196  3.072  2.382
 14  423 Permutate   [   4  4 12 ]  -271.221   123.371   5.405   -271.221 [ 1  1  1]  62  0.129  2.950  2.406
 14  424 softmutate  [   4  4 12 ]  -274.428   123.321   5.407   -274.428 [ 1  1  1]  63  0.056  3.393  3.208
 14  425 softmutate  [   4  4 12 ]  -270.892   123.321   5.407   -270.892 [ 1  1  1]  17  0.189  2.952  2.251
 14  426 softmutate  [   4  4 12 ]  -270.938   123.321   5.407   -270.938 [ 1  1  1]   4  0.181  2.642  2.104
 14  427 softmutate  [   4  4 12 ]  -270.878   123.321   5.407   -270.878 [ 1  1  1]   4  0.189  2.840  2.233
 14  428 softmutate  [   4  4 12 ]  -272.346   123.321   5.407   -272.346 [ 1  1  1]   6  0.214  3.247  2.474
 14  429 softmutate  [   4  4 12 ]  -268.680   123.321   5.407   -268.680 [ 1  1  1]   1  0.246  2.812  1.958
 14  430 keptBest    [   4  4 12 ]  -274.496   123.371   5.405   -274.496 [ 1  1  1]  63  0.056  3.401  3.213
 14  431 keptBest    [   4  4 12 ]  -271.221   123.371   5.405   -271.221 [ 1  1  1]  62  0.129  2.950  2.406
 14  432 keptBest    [   4  4 12 ]  -271.053   123.321   5.407   -271.053 [ 1  1  1]   1  0.137  2.542  2.166
 14  433 keptBest    [   4  4 12 ]  -270.892   123.321   5.407   -270.892 [ 1  1  1]  17  0.189  2.952  2.252
 14  434 keptBest    [   4  4 12 ]  -270.864   123.321   5.407   -270.864 [ 1  1  1]  31  0.197  3.062  2.362
 15  435  Heredity   [   4  4 12 ]  -270.052   123.321   5.407   -270.052 [ 1  1  1]  26  0.206  2.953  2.224
 15  436  Heredity   [   4  4 12 ]  -270.892   123.321   5.407   -270.892 [ 1  1  1]  17  0.189  2.952  2.252
 15  437  Heredity   [   4  4 12 ]  -272.347   123.321   5.407   -272.347 [ 1  1  1]   6  0.214  3.254  2.476
 15  438  Heredity   [   4  4 12 ]  -272.345   123.321   5.407   -272.345 [ 1  1  1]   1  0.212  3.225  2.464
 15  439  Heredity   [   4  4 12 ]  -270.885   123.321   5.407   -270.885 [ 1  1  1]   4  0.191  2.836  2.161
 15  440  Heredity   [   4  4 12 ]  -271.050   123.321   5.407   -271.050 [ 1  1  1]   1  0.124  2.507  2.167
 15  441  Heredity   [   4  4 12 ]  -272.484   123.321   5.407   -272.484 [ 1  1  1]   6  0.215  3.244  2.449
 15  442  Heredity   [   4  4 12 ]  -271.041   123.321   5.407   -271.041 [ 1  1  1]   3  0.182  2.787  2.220
 15  443  Heredity   [   4  4 12 ]  -272.347   123.321   5.407   -272.347 [ 1  1  1]   6  0.214  3.254  2.476
 15  444   Random    [   4  4 12 ]  -274.423   123.321   5.407   -274.423 [ 1  1  1]  63  0.056  3.376  3.191
 15  445   Random    [   4  4 12 ]  -271.051   123.321   5.407   -271.051 [ 1  1  1]   1  0.140  2.551  2.166
 15  446   Random    [   4  4 12 ]  -270.424   123.321   5.407   -270.424 [ 1  1  1]   1  0.213  2.608  1.959
 15  447 Permutate   [   4  4 12 ]  -272.548   123.371   5.405   -272.548 [ 1  1  1]   6  0.214  3.229  2.441
 15  448 Permutate   [   4  4 12 ]  -270.378   123.321   5.407   -270.378 [ 1  1  1]  25  0.235  3.281  2.330
 15  449 Permutate   [   4  4 12 ]  -272.411   123.371   5.405   -272.411 [ 1  1  1]   6  0.214  3.245  2.472
 15  450 Permutate   [   4  4 12 ]  -272.345   123.321   5.407   -272.345 [ 1  1  1]   6  0.213  3.231  2.466
 15  451 Permutate   [   4  4 12 ]  -272.548   123.371   5.405   -272.548 [ 1  1  1]   6  0.215  3.237  2.445
 15  452 Permutate   [   4  4 12 ]  -271.052   123.321   5.407   -271.052 [ 1  1  1]   1  0.139  2.556  2.173
 15  453 softmutate  [   4  4 12 ]  -270.876   123.321   5.407   -270.876 [ 1  1  1]   3  0.193  2.827  2.208
 15  454 softmutate  [   4  4 12 ]  -270.865   123.321   5.407   -270.865 [ 1  1  1]   3  0.195  2.846  2.215
 15  455 softmutate  [   4  4 12 ]  -270.862   123.321   5.407   -270.862 [ 1  1  1]   3  0.195  2.844  2.217
 15  456 softmutate  [   4  4 12 ]  -272.413   123.371   5.405   -272.413 [ 1  1  1]   6  0.215  3.255  2.475
 15  457 softmutate  [   4  4 12 ]  -271.042   123.321   5.407   -271.042 [ 1  1  1]   3  0.182  2.791  2.221
 15  458 softmutate  [   4  4 12 ]  -270.979   123.321   5.407   -270.979 [ 1  1  1]   4  0.173  2.597  2.099
 15  459 softmutate  [   4  4 12 ]  -272.484   123.321   5.407   -272.484 [ 1  1  1]   6  0.215  3.244  2.449
 15  460 keptBest    [   4  4 12 ]  -274.496   123.371   5.405   -274.496 [ 1  1  1]  63  0.056  3.401  3.213
 15  461 keptBest    [   4  4 12 ]  -271.221   123.371   5.405   -271.221 [ 1  1  1]  62  0.129  2.950  2.406
 15  462 keptBest    [   4  4 12 ]  -271.053   123.321   5.407   -271.053 [ 1  1  1]   1  0.137  2.542  2.166
 15  463 keptBest    [   4  4 12 ]  -270.892   123.321   5.407   -270.892 [ 1  1  1]  17  0.189  2.952  2.252
 15  464 keptBest    [   4  4 12 ]  -270.864   123.321   5.407   -270.864 [ 1  1  1]  31  0.197  3.062  2.362
 16  465  Heredity   [   4  4 12 ]  -272.484   123.321   5.407   -272.484 [ 1  1  1]   6  0.215  3.244  2.449
 16  466  Heredity   [   4  4 12 ]  -272.347   123.321   5.407   -272.347 [ 1  1  1]   6  0.214  3.254  2.476
 16  467  Heredity   [   4  4 12 ]  -272.483   123.321   5.407   -272.483 [ 1  1  1]   6  0.215  3.240  2.447
 16  468  Heredity   [   4  4 12 ]  -269.323   123.321   5.407   -269.323 [ 1  1  1]   1  0.239  2.657  1.876
 16  469  Heredity   [   4  4 12 ]  -270.934   123.321   5.407   -270.934 [ 1  1  1]   4  0.184  2.678  2.118
 16  470  Heredity   [   4  4 12 ]  -272.484   123.321   5.407   -272.484 [ 1  1  1]   6  0.215  3.244  2.449
 16  471  Heredity   [   4  4 12 ]  -270.891   123.321   5.407   -270.891 [ 1  1  1]  17  0.190  2.962  2.259
 16  472  Heredity   [   4  4 12 ]  -271.325   123.321   5.407   -271.325 [ 1  1  1]   6  0.238  3.077  2.178
 16  473  Heredity   [   4  4 12 ]  -272.347   123.321   5.407   -272.347 [ 1  1  1]   6  0.214  3.254  2.476
 16  474   Random    [   4  4 12 ]  -268.780   123.321   5.407   -268.780 [ 1  1  1]   1  0.227  2.525  1.834
 16  475   Random    [   4  4 12 ]  -269.893   123.321   5.407   -269.893 [ 1  1  1]   4  0.183  2.805  2.167
 16  476   Random    [   4  4 12 ]  -274.423   123.321   5.407   -274.423 [ 1  1  1]  63  0.056  3.376  3.192
 16  477   Random    [   4  4 12 ]  -270.357   123.321   5.407   -270.357 [ 1  1  1]  18  0.112  2.793  2.477
 16  478 Permutate   [   4  4 12 ]  -268.130   123.371   5.405   -268.130 [ 1  1  1]   6  0.225  3.311  2.417
 16  479 Permutate   [   4  4 12 ]  -271.221   123.371   5.405   -271.221 [ 1  1  1]   1  0.129  2.950  2.406
 16  480 Permutate   [   4  4 12 ]  -270.866   123.321   5.407   -270.866 [ 1  1  1]  31  0.198  3.092  2.380
 16  481 Permutate   [   4  4 12 ]  -271.052   123.321   5.407   -271.052 [ 1  1  1]   1  0.134  2.531  2.163
 16  482 Permutate   [   4  4 12 ]  -272.413   123.371   5.405   -272.413 [ 1  1  1]   6  0.215  3.255  2.475
 16  483 Permutate   [   4  4 12 ]  -270.350   123.371   5.405   -270.350 [ 1  1  1]   7  0.184  2.869  2.276
 16  484 Permutate   [   4  4 12 ]  -270.683   123.371   5.405   -270.683 [ 1  1  1]   1  0.219  2.636  1.943
 16  485 softmutate  [   4  4 12 ]  -270.872   123.321   5.407   -270.872 [ 1  1  1]   4  0.192  2.949  2.299
 16  486 softmutate  [   4  4 12 ]  -270.867   123.321   5.407   -270.867 [ 1  1  1]  31  0.199  3.109  2.390
 16  487 softmutate  [   4  4 12 ]  -271.051   123.321   5.407   -271.051 [ 1  1  1]   1  0.140  2.552  2.168
 16  488 softmutate  [   4  4 12 ]  -271.053   123.321   5.407   -271.053 [ 1  1  1]   1  0.137  2.542  2.166
 16  489 softmutate  [   4  4 12 ]  -271.051   123.321   5.407   -271.051 [ 1  1  1]   1  0.140  2.559  2.174
 16  490 keptBest    [   4  4 12 ]  -274.496   123.371   5.405   -274.496 [ 1  1  1]  63  0.056  3.401  3.213
 16  491 keptBest    [   4  4 12 ]  -271.221   123.371   5.405   -271.221 [ 1  1  1]  62  0.129  2.950  2.406
 16  492 keptBest    [   4  4 12 ]  -271.053   123.321   5.407   -271.053 [ 1  1  1]   1  0.137  2.542  2.166
 16  493 keptBest    [   4  4 12 ]  -270.892   123.321   5.407   -270.892 [ 1  1  1]  17  0.189  2.952  2.252
 16  494 keptBest    [   4  4 12 ]  -270.864   123.321   5.407   -270.864 [ 1  1  1]  31  0.197  3.062  2.362
 17  495  Heredity   [   4  4 12 ]  -271.327   123.321   5.407   -271.327 [ 1  1  1]   6  0.238  3.083  2.180
 17  496  Heredity   [   4  4 12 ]  -272.479   123.321   5.407   -272.479 [ 1  1  1]   6  0.213  3.208  2.433
 17  497  Heredity   [   4  4 12 ]  -270.874   123.321   5.407   -270.874 [ 1  1  1]   3  0.192  2.820  2.206
 17  498  Heredity   [   4  4 12 ]  -272.346   123.321   5.407   -272.346 [ 1  1  1]   6  0.213  3.235  2.468
 17  499  Heredity   [   4  4 12 ]  -272.483   123.321   5.407   -272.483 [ 1  1  1]   6  0.215  3.241  2.448
 17  500  Heredity   [   4  4 12 ]  -270.933   123.321   5.407   -270.933 [ 1  1  1]   1  0.170  2.859  2.338
 17  501  Heredity   [   4  4 12 ]  -269.117   123.321   5.407   -269.117 [ 1  1  1]   1  0.241  2.950  2.065
 17  502  Heredity   [   4  4 12 ]  -272.482   123.321   5.407   -272.482 [ 1  1  1]   6  0.214  3.230  2.443
 17  503  Heredity   [   4  4 12 ]  -266.725   123.321   5.407   -266.725 [ 1  1  1]  11  0.215  3.012  2.199
 17  504   Random    [   4  4 12 ]  -272.345   123.321   5.407   -272.345 [ 1  1  1]   6  0.213  3.230  2.467
 17  505   Random    [   4  4 12 ]  -270.415   123.321   5.407   -270.415 [ 1  1  1]   1  0.214  2.631  1.967
 17  506   Random    [   4  4 12 ]  -269.442   123.371   5.405   -269.442 [ 1  1  1]   4  0.172  2.546  2.042
 17  507   Random    [   4  4 12 ]  -268.603   123.321   5.407   -268.603 [ 1  1  1]  31  0.213  2.999  2.154
 17  508   Random    [   4  4 12 ]  -272.483   123.321   5.407   -272.483 [ 1  1  1]   6  0.215  3.236  2.445
 17  509   Random    [   4  4 12 ]  -269.200   123.321   5.407   -269.200 [ 1  1  1]   1  0.244  2.862  1.976
 17  510   Random    [   4  4 12 ]  -268.530   123.321   5.407   -268.530 [ 1  1  1]   1  0.213  2.827  2.050
 17  511   Random    [   4  4 12 ]  -272.484   123.321   5.407   -272.484 [ 1  1  1]   6  0.215  3.244  2.449
 17  512 Permutate   [   4  4 12 ]  -271.221   123.371   5.405   -271.221 [ 1  1  1]  62  0.129  2.950  2.406
 17  513 Permutate   [   4  4 12 ]  -274.496   123.371   5.405   -274.496 [ 1  1  1]  63  0.056  3.401  3.213
 17  514 Permutate   [   4  4 12 ]  -270.909   123.371   5.405   -270.909 [ 1  1  1]   1  0.187  2.748  2.179
 17  515 Permutate   [   4  4 12 ]  -270.350   123.371   5.405   -270.350 [ 1  1  1]   7  0.183  2.880  2.286
 17  516 Permutate   [   4  4 12 ]  -270.614   123.321   5.407   -270.614 [ 1  1  1]   1  0.218  2.645  1.956
 17  517 Permutate   [   4  4 12 ]  -272.483   123.321   5.407   -272.483 [ 1  1  1]   6  0.214  3.231  2.444
 17  518 softmutate  [   4  4 12 ]  -270.048   123.321   5.407   -270.048 [ 1  1  1]   7  0.118  2.943  2.503
 17  519 softmutate  [   4  4 12 ]  -270.874   123.321   5.407   -270.874 [ 1  1  1]   3  0.191  2.818  2.205
 17  520 softmutate  [   4  4 12 ]  -274.423   123.321   5.407   -274.423 [ 1  1  1]  63  0.056  3.374  3.190
 17  521 softmutate  [   4  4 12 ]  -274.427   123.321   5.407   -274.427 [ 1  1  1]  63  0.056  3.390  3.205
 17  522 softmutate  [   4  4 12 ]  -274.423   123.321   5.407   -274.423 [ 1  1  1]  63  0.056  3.376  3.191
 17  523 keptBest    [   4  4 12 ]  -274.496   123.371   5.405   -274.496 [ 1  1  1]  63  0.056  3.401  3.213
 17  524 keptBest    [   4  4 12 ]  -271.325   123.321   5.407   -271.325 [ 1  1  1]   6  0.238  3.077  2.178
 17  525 keptBest    [   4  4 12 ]  -271.221   123.371   5.405   -271.221 [ 1  1  1]  62  0.129  2.950  2.406
 17  526 keptBest    [   4  4 12 ]  -271.053   123.321   5.407   -271.053 [ 1  1  1]   1  0.137  2.542  2.166
 17  527 keptBest    [   4  4 12 ]  -270.892   123.321   5.407   -270.892 [ 1  1  1]  17  0.189  2.952  2.252
 18  528  Heredity   [   4  4 12 ]  -272.346   123.321   5.407   -272.346 [ 1  1  1]   6  0.214  3.251  2.475
 18  529  Heredity   [   4  4 12 ]  -272.484   123.321   5.407   -272.484 [ 1  1  1]   6  0.215  3.244  2.449
 18  530  Heredity   [   4  4 12 ]  -272.479   123.321   5.407   -272.479 [ 1  1  1]   1  0.214  3.219  2.437
 18  531  Heredity   [   4  4 12 ]  -270.874   123.321   5.407   -270.874 [ 1  1  1]   3  0.192  2.816  2.204
 18  532  Heredity   [   4  4 12 ]  -272.347   123.321   5.407   -272.347 [ 1  1  1]   6  0.214  3.254  2.476
 18  533  Heredity   [   4  4 12 ]  -272.347   123.321   5.407   -272.347 [ 1  1  1]   6  0.214  3.254  2.476
 18  534  Heredity   [   4  4 12 ]  -269.752   123.321   5.407   -269.752 [ 1  1  1]   1  0.229  2.876  2.064
 18  535  Heredity   [   4  4 12 ]  -270.609   123.321   5.407   -270.609 [ 1  1  1]   1  0.214  2.640  1.968
 18  536  Heredity   [   4  4 12 ]  -272.483   123.321   5.407   -272.483 [ 1  1  1]   6  0.214  3.232  2.444
 18  537  Heredity   [   4  4 12 ]  -267.483   123.321   5.407   -267.483 [ 1  1  1]   2  0.180  2.603  2.052
 18  538   Random    [   4  4 12 ]  -270.789   123.321   5.407   -270.789 [ 1  1  1]  62  0.124  2.928  2.461
 18  539   Random    [   4  4 12 ]  -269.811   123.321   5.407   -269.811 [ 1  1  1]   4  0.192  2.514  1.954
 18  540   Random    [   4  4 12 ]  -268.886   123.321   5.407   -268.886 [ 1  1  1]   1  0.264  2.831  1.881
 18  541   Random    [   4  4 12 ]  -271.053   123.321   5.407   -271.053 [ 1  1  1]   1  0.138  2.549  2.169
 18  542   Random    [   4  4 12 ]  -274.429   123.321   5.407   -274.429 [ 1  1  1]  63  0.056  3.399  3.213
 18  543   Random    [   4  4 12 ]  -269.091   123.321   5.407   -269.091 [ 1  1  1]   1  0.222  2.526  1.863
 18  544   Random    [   4  4 12 ]  -270.979   123.321   5.407   -270.979 [ 1  1  1]   4  0.173  2.597  2.099
 18  545 Permutate   [   4  4 12 ]  -271.327   123.321   5.407   -271.327 [ 1  1  1]   6  0.239  3.088  2.182
 18  546 Permutate   [   4  4 12 ]  -271.039   123.321   5.407   -271.039 [ 1  1  1]   1  0.147  2.587  2.173
 18  547 Permutate   [   4  4 12 ]  -271.044   123.371   5.405   -271.044 [ 1  1  1]   4  0.174  2.600  2.096
 18  548 Permutate   [   4  4 12 ]  -272.549   123.371   5.405   -272.549 [ 1  1  1]   6  0.215  3.244  2.447
 18  549 Permutate   [   4  4 12 ]  -270.048   123.321   5.407   -270.048 [ 1  1  1]   7  0.118  2.936  2.496
 18  550 softmutate  [   4  4 12 ]  -271.324   123.321   5.407   -271.324 [ 1  1  1]   1  0.235  3.026  2.159
 18  551 softmutate  [   4  4 12 ]  -272.484   123.321   5.407   -272.484 [ 1  1  1]   6  0.215  3.244  2.449
 18  552 softmutate  [   4  4 12 ]  -268.213   123.321   5.407   -268.213 [ 1  1  1]   6  0.256  2.992  2.028
 18  553 softmutate  [   4  4 12 ]  -271.326   123.321   5.407   -271.326 [ 1  1  1]   1  0.237  3.061  2.172
 18  554 softmutate  [   4  4 12 ]  -271.050   123.321   5.407   -271.050 [ 1  1  1]   1  0.140  2.558  2.173
 18  555 softmutate  [   4  4 12 ]  -271.042   123.321   5.407   -271.042 [ 1  1  1]   1  0.146  2.586  2.176
 18  556 keptBest    [   4  4 12 ]  -274.496   123.371   5.405   -274.496 [ 1  1  1]  63  0.056  3.401  3.213
 18  557 keptBest    [   4  4 12 ]  -271.327   123.321   5.407   -271.327 [ 1  1  1]   6  0.238  3.083  2.180
 18  558 keptBest    [   4  4 12 ]  -271.221   123.371   5.405   -271.221 [ 1  1  1]  62  0.129  2.950  2.406
 18  559 keptBest    [   4  4 12 ]  -271.053   123.321   5.407   -271.053 [ 1  1  1]   1  0.137  2.542  2.166
 18  560 keptBest    [   4  4 12 ]  -270.892   123.321   5.407   -270.892 [ 1  1  1]  17  0.189  2.952  2.252
 19  561  Heredity   [   4  4 12 ]  -272.480   123.321   5.407   -272.480 [ 1  1  1]   1  0.211  3.184  2.424
 19  562  Heredity   [   4  4 12 ]  -272.346   123.321   5.407   -272.346 [ 1  1  1]   6  0.214  3.249  2.474
 19  563  Heredity   [   4  4 12 ]  -271.053   123.321   5.407   -271.053 [ 1  1  1]   1  0.138  2.550  2.170
 19  564  Heredity   [   4  4 12 ]  -270.615   123.321   5.407   -270.615 [ 1  1  1]   1  0.222  2.647  1.941
 19  565  Heredity   [   4  4 12 ]  -272.482   123.321   5.407   -272.482 [ 1  1  1]   6  0.214  3.231  2.443
 19  566  Heredity   [   4  4 12 ]  -272.483   123.321   5.407   -272.483 [ 1  1  1]   6  0.214  3.232  2.444
 19  567  Heredity   [   4  4 12 ]  -271.050   123.321   5.407   -271.050 [ 1  1  1]   1  0.140  2.558  2.173
 19  568  Heredity   [   4  4 12 ]  -270.979   123.321   5.407   -270.979 [ 1  1  1]   4  0.172  2.593  2.098
 19  569  Heredity   [   4  4 12 ]  -268.970   123.321   5.407   -268.970 [ 1  1  1]   1  0.232  2.775  1.985
 19  570   Random    [   4  4 12 ]  -274.429   123.321   5.407   -274.429 [ 1  1  1]  63  0.056  3.399  3.213
 19  571   Random    [   4  4 12 ]  -270.792   123.321   5.407   -270.792 [ 1  1  1]  62  0.124  2.938  2.468
 19  572   Random    [   4  4 12 ]  -270.876   123.321   5.407   -270.876 [ 1  1  1]   3  0.193  2.829  2.208
 19  573   Random    [   4  4 12 ]  -274.496   123.371   5.405   -274.496 [ 1  1  1]  63  0.056  3.401  3.213
 19  574   Random    [   4  4 12 ]  -274.429   123.321   5.407   -274.429 [ 1  1  1]  63  0.056  3.398  3.212
 19  575   Random    [   4  4 12 ]  -274.429   123.321   5.407   -274.429 [ 1  1  1]  63  0.056  3.399  3.213
 19  576   Random    [   4  4 12 ]  -270.357   123.321   5.407   -270.357 [ 1  1  1]  18  0.110  2.801  2.488
 19  577 Permutate   [   4  4 12 ]  -271.053   123.321   5.407   -271.053 [ 1  1  1]   1  0.133  2.526  2.163
 19  578 Permutate   [   4  4 12 ]  -270.614   123.321   5.407   -270.614 [ 1  1  1]   1  0.217  2.636  1.953
 19  579 Permutate   [   4  4 12 ]  -272.483   123.321   5.407   -272.483 [ 1  1  1]   6  0.215  3.237  2.444
 19  580 Permutate   [   4  4 12 ]  -272.546   123.371   5.405   -272.546 [ 1  1  1]   6  0.215  3.237  2.444
 19  581 Permutate   [   4  4 12 ]  -271.043   123.321   5.407   -271.043 [ 1  1  1]   3  0.182  2.795  2.224
 19  582 softmutate  [   4  4 12 ]  -271.152   123.321   5.407   -271.152 [ 1  1  1]  62  0.129  2.950  2.407
 19  583 softmutate  [   4  4 12 ]  -270.868   123.321   5.407   -270.868 [ 1  1  1]   4  0.162  2.631  2.154
 19  584 softmutate  [   4  4 12 ]  -271.325   123.321   5.407   -271.325 [ 1  1  1]   6  0.238  3.072  2.177
 19  585 softmutate  [   4  4 12 ]  -271.326   123.321   5.407   -271.326 [ 1  1  1]   1  0.236  3.042  2.165
 19  586 softmutate  [   4  4 12 ]  -271.324   123.321   5.407   -271.324 [ 1  1  1]   1  0.236  3.034  2.162
 19  587 softmutate  [   4  4 12 ]  -271.049   123.321   5.407   -271.049 [ 1  1  1]   7  0.102  2.543  2.247
 19  588 softmutate  [   4  4 12 ]  -271.053   123.321   5.407   -271.053 [ 1  1  1]   1  0.137  2.542  2.166
 19  589 keptBest    [   4  4 12 ]  -274.496   123.371   5.405   -274.496 [ 1  1  1]  63  0.056  3.401  3.213
 19  590 keptBest    [   4  4 12 ]  -271.327   123.321   5.407   -271.327 [ 1  1  1]   6  0.239  3.088  2.182
 19  591 keptBest    [   4  4 12 ]  -271.221   123.371   5.405   -271.221 [ 1  1  1]  62  0.129  2.950  2.406
 19  592 keptBest    [   4  4 12 ]  -271.053   123.321   5.407   -271.053 [ 1  1  1]   1  0.137  2.542  2.166
 19  593 keptBest    [   4  4 12 ]  -270.892   123.321   5.407   -270.892 [ 1  1  1]  17  0.189  2.952  2.252
 20  594  Heredity   [   4  4 12 ]  -274.423   123.321   5.407   -274.423 [ 1  1  1]  63  0.056  3.375  3.191
 20  595  Heredity   [   4  4 12 ]  -274.429   123.321   5.407   -274.429 [ 1  1  1]  63  0.056  3.398  3.212
 20  596  Heredity   [   4  4 12 ]  -271.050   123.321   5.407   -271.050 [ 1  1  1]   1  0.139  2.544  2.162
 20  597  Heredity   [   4  4 12 ]  -270.425   123.321   5.407   -270.425 [ 1  1  1]   1  0.212  2.607  1.962
 20  598  Heredity   [   4  4 12 ]  -269.845   123.321   5.407   -269.845 [ 1  1  1]   6  0.239  3.039  2.144
 20  599  Heredity   [   4  4 12 ]  -269.323   123.321   5.407   -269.323 [ 1  1  1]   1  0.239  2.657  1.876
 20  600  Heredity   [   4  4 12 ]  -270.464   123.321   5.407   -270.464 [ 1  1  1]   1  0.223  2.701  1.974
 20  601  Heredity   [   4  4 12 ]  -272.476   123.321   5.407   -272.476 [ 1  1  1]   1  0.210  3.158  2.412
 20  602  Heredity   [   4  4 12 ]  -272.484   123.321   5.407   -272.484 [ 1  1  1]   6  0.215  3.244  2.449
 20  603  Heredity   [   4  4 12 ]  -272.484   123.321   5.407   -272.484 [ 1  1  1]   6  0.215  3.244  2.449
 20  604   Random    [   4  4 12 ]  -270.979   123.321   5.407   -270.979 [ 1  1  1]   4  0.172  2.596  2.099
 20  605   Random    [   4  4 12 ]  -270.792   123.321   5.407   -270.792 [ 1  1  1]   1  0.124  2.938  2.468
 20  606   Random    [   4  4 12 ]  -267.621   123.321   5.407   -267.621 [ 1  1  1]  13  0.150  2.595  2.142
 20  607   Random    [   4  4 12 ]  -274.426   123.321   5.407   -274.426 [ 1  1  1]  63  0.056  3.383  3.199
 20  608   Random    [   4  4 12 ]  -274.429   123.321   5.407   -274.429 [ 1  1  1]  63  0.056  3.399  3.213
 20  609   Random    [   4  4 12 ]  -270.789   123.321   5.407   -270.789 [ 1  1  1]  62  0.124  2.928  2.460
 20  610 Permutate   [   4  4 12 ]  -274.496   123.371   5.405   -274.496 [ 1  1  1]  63  0.056  3.401  3.213
 20  611 Permutate   [   4  4 12 ]  -271.052   123.321   5.407   -271.052 [ 1  1  1]   1  0.139  2.556  2.173
 20  612 Permutate   [   4  4 12 ]  -270.954   123.371   5.405   -270.954 [ 1  1  1]  17  0.190  2.942  2.243
 20  613 Permutate   [   4  4 12 ]  -271.043   123.321   5.407   -271.043 [ 1  1  1]   3  0.182  2.795  2.223
 20  614 Permutate   [   4  4 12 ]  -271.050   123.321   5.407   -271.050 [ 1  1  1]   1  0.140  2.560  2.173
 20  615 Permutate   [   4  4 12 ]  -271.397   123.371   5.405   -271.397 [ 1  1  1]   6  0.238  3.074  2.176
 20  616 Permutate   [   4  4 12 ]  -270.012   123.321   5.407   -270.012 [ 1  1  1]   6  0.247  3.013  2.083
 20  617 softmutate  [   4  4 12 ]  -274.421   123.321   5.407   -274.421 [ 1  1  1]  63  0.056  3.371  3.185
 20  618 softmutate  [   4  4 12 ]  -272.347   123.321   5.407   -272.347 [ 1  1  1]   6  0.214  3.254  2.476
 20  619 softmutate  [   4  4 12 ]  -272.347   123.321   5.407   -272.347 [ 1  1  1]   6  0.214  3.253  2.476
 20  620 softmutate  [   4  4 12 ]  -274.422   123.321   5.407   -274.422 [ 1  1  1]  63  0.056  3.373  3.189
 20  621 softmutate  [   4  4 12 ]  -274.427   123.321   5.407   -274.427 [ 1  1  1]  63  0.056  3.392  3.206
 20  622 keptBest    [   4  4 12 ]  -274.496   123.371   5.405   -274.496 [ 1  1  1]  63  0.056  3.401  3.213
 20  623 keptBest    [   4  4 12 ]  -271.327   123.321   5.407   -271.327 [ 1  1  1]   6  0.239  3.088  2.182
 20  624 keptBest    [   4  4 12 ]  -271.221   123.371   5.405   -271.221 [ 1  1  1]  62  0.129  2.950  2.406
 20  625 keptBest    [   4  4 12 ]  -271.053   123.321   5.407   -271.053 [ 1  1  1]   1  0.137  2.542  2.166
 20  626 keptBest    [   4  4 12 ]  -270.892   123.321   5.407   -270.892 [ 1  1  1]  17  0.189  2.952  2.252
