 ID    Origin    Enthalpy   Parent-E   Parent-ID
   1   Random     -13.428   -13.428  [         0]
   2   Random     -13.558   -13.558  [         0]
   3   Random     -13.721   -13.721  [         0]
   4   Random     -13.721   -13.721  [         0]
   5   Random     -13.721   -13.721  [         0]
   6   Random     -13.521   -13.521  [         0]
   7   Random     -13.547   -13.547  [         0]
   8   Random     -13.553   -13.553  [         0]
   9   Random     -13.518   -13.518  [         0]
  10   Random     -13.544   -13.544  [         0]
  11   Random     -13.432   -13.432  [         0]
  12   Random     -13.445   -13.445  [         0]
  13   Random     -13.527   -13.527  [         0]
  14   Random     -13.519   -13.519  [         0]
  15   Random     -13.320   -13.320  [         0]
  16   Random     -13.521   -13.521  [         0]
  17   Random     -13.721   -13.721  [         0]
  18   Random     -13.426   -13.426  [         0]
  19   Random     -13.464   -13.464  [         0]
  20   Random     -13.624   -13.624  [         0]
  21   Random     -13.721   -13.721  [         0]
  22  Heredity    -13.624   -13.644  [      2  5]
  23  Heredity    -13.545   -13.523  [    14  13]
  24  Heredity    -13.624   -13.523  [    12   2]
  25  Heredity    -13.558   -13.545  [    13   2]
  26  Heredity    -13.721   -13.637  [      6  5]
  27  Heredity    -13.617   -13.583  [    10  20]
  28  Heredity    -13.624   -13.586  [     8  20]
  29  Heredity    -13.617   -13.555  [      8  2]
  30  Heredity    -13.624   -13.652  [      7  5]
  31  Heredity    -13.624   -13.664  [      7  5]
  32  Heredity    -13.553   -13.556  [      2  8]
  33  Heredity    -13.624   -13.629  [      2  5]
  34   Random     -13.323   -13.323  [         0]
  35   Random     -13.540   -13.540  [         0]
  36   Random     -13.539   -13.539  [         0]
  37   Random     -13.426   -13.426  [         0]
  38   Random     -13.324   -13.324  [         0]
  39 Permutate    -13.568   -13.624  [        20]
  40 Permutate    -13.721   -13.558  [         2]
  41 Permutate    -13.566   -13.558  [         2]
  42 Permutate    -13.721   -13.558  [         2]
  43 Permutate    -13.721   -13.721  [         5]
  44 Permutate    -13.528   -13.519  [        14]
  45 softmutate   -13.552   -13.553  [         8]
  46 softmutate   -13.553   -13.553  [         8]
  47 softmutate   -13.547   -13.547  [         7]
  48 softmutate   -13.547   -13.547  [         7]
  49 softmutate   -13.624   -13.547  [         7]
  50 softmutate   -13.547   -13.547  [         7]
  51 keptBest     -13.721   -13.721  [         5]
  52 keptBest     -13.558   -13.558  [         2]
  53 keptBest     -13.553   -13.553  [         8]
  54 keptBest     -13.527   -13.527  [        13]
  55 keptBest     -13.519   -13.519  [        14]
  56  Heredity    -13.464   -13.636  [    25  42]
  57  Heredity    -13.552   -13.610  [    31  39]
  58  Heredity    -13.624   -13.625  [    42  25]
  59  Heredity    -13.549   -13.591  [    25  31]
  60  Heredity    -13.617   -13.551  [    35  39]
  61  Heredity    -13.553   -13.564  [    36  31]
  62  Heredity    -13.519   -13.604  [    31  47]
  63  Heredity    -13.624   -13.675  [    31  42]
  64   Random     -13.431   -13.431  [         0]
  65   Random     -13.441   -13.441  [         0]
  66   Random     -13.721   -13.721  [         0]
  67   Random     -13.412   -13.412  [         0]
  68   Random     -13.447   -13.447  [         0]
  69   Random     -13.544   -13.544  [         0]
  70   Random     -13.725   -13.725  [         0]
  71   Random     -13.552   -13.552  [         0]
  72   Random     -13.552   -13.552  [         0]
  73 Permutate    -13.539   -13.539  [        36]
  74 Permutate    -13.624   -13.624  [        31]
  75 Permutate    -13.624   -13.527  [        54]
  76 Permutate    -13.553   -13.553  [        32]
  77 Permutate    -13.617   -13.540  [        35]
  78 softmutate   -13.624   -13.624  [        31]
  79 softmutate   -13.547   -13.547  [        47]
  80 softmutate   -13.402   -13.547  [        47]
  81 keptBest     -13.721   -13.721  [        42]
  82 keptBest     -13.558   -13.558  [        25]
  83 keptBest     -13.553   -13.553  [        32]
  84 keptBest     -13.540   -13.540  [        35]
  85 keptBest     -13.539   -13.539  [        36]
  86  Heredity    -13.541   -13.615  [    70  84]
  87  Heredity    -13.624   -13.657  [    73  70]
  88  Heredity    -13.721   -13.593  [    63  76]
  89  Heredity    -13.617   -13.598  [    76  63]
  90  Heredity    -13.617   -13.615  [    56  70]
  91  Heredity    -13.624   -13.630  [    70  76]
  92  Heredity    -13.547   -13.603  [    63  79]
  93  Heredity    -13.721   -13.612  [    70  79]
  94  Heredity    -13.552   -13.652  [    70  76]
  95  Heredity    -13.617   -13.587  [    84  63]
  96   Random     -13.463   -13.463  [         0]
  97   Random     -13.721   -13.721  [         0]
  98   Random     -13.721   -13.721  [         0]
  99   Random     -13.540   -13.540  [         0]
 100   Random     -13.468   -13.468  [         0]
 101   Random     -13.383   -13.383  [         0]
 102   Random     -13.546   -13.546  [         0]
 103 Permutate    -13.624   -13.624  [        63]
 104 Permutate    -13.549   -13.553  [        76]
 105 Permutate    -13.558   -13.558  [        82]
 106 Permutate    -13.624   -13.624  [        63]
 107 Permutate    -13.624   -13.624  [        63]
 108 softmutate   -13.552   -13.552  [        57]
 109 softmutate   -13.552   -13.552  [        57]
 110 softmutate   -13.721   -13.725  [        70]
 111 softmutate   -13.558   -13.539  [        73]
 112 softmutate   -13.539   -13.539  [        73]
 113 keptBest     -13.725   -13.725  [        70]
 114 keptBest     -13.558   -13.558  [        82]
 115 keptBest     -13.553   -13.553  [        76]
 116 keptBest     -13.540   -13.540  [        84]
 117 keptBest     -13.539   -13.539  [        73]
 118  Heredity    -13.721   -13.678  [  113  107]
 119  Heredity    -13.624   -13.675  [  107  113]
 120  Heredity    -13.558   -13.677  [  113  114]
 121  Heredity    -13.624   -13.555  [  108  114]
 122  Heredity    -13.544   -13.657  [  113  107]
 123  Heredity    -13.617   -13.544  [  115  116]
 124  Heredity    -13.539   -13.555  [  115  114]
 125   Random     -13.721   -13.721  [         0]
 126   Random     -13.544   -13.544  [         0]
 127   Random     -13.721   -13.721  [         0]
 128   Random     -13.146   -13.146  [         0]
 129   Random     -13.721   -13.721  [         0]
 130   Random     -13.552   -13.552  [         0]
 131   Random     -13.521   -13.521  [         0]
 132   Random     -13.721   -13.721  [         0]
 133 Permutate    -13.624   -13.558  [       114]
 134 Permutate    -13.553   -13.553  [       115]
 135 Permutate    -13.725   -13.725  [       113]
 136 Permutate    -13.624   -13.553  [       115]
 137 Permutate    -13.725   -13.725  [       113]
 138 softmutate   -13.557   -13.558  [       114]
 139 softmutate   -13.553   -13.553  [       115]
 140 softmutate   -13.721   -13.725  [       113]
 141 softmutate   -13.624   -13.624  [       107]
 142 softmutate   -13.624   -13.624  [       107]
 143 softmutate   -13.552   -13.552  [       108]
 144 softmutate   -13.552   -13.552  [       108]
 145 keptBest     -13.725   -13.725  [       113]
 146 keptBest     -13.558   -13.558  [       114]
 147 keptBest     -13.553   -13.553  [       115]
 148 keptBest     -13.540   -13.540  [       116]
 149 keptBest     -13.540   -13.540  [        99]
 150  Heredity    -13.568   -13.587  [  147  133]
 151  Heredity    -13.624   -13.642  [  135  147]
 152  Heredity    -13.544   -13.584  [  133  120]
 153  Heredity    -13.617   -13.632  [  148  135]
 154  Heredity    -13.544   -13.635  [  147  135]
 155  Heredity    -13.721   -13.595  [  149  133]
 156  Heredity    -13.721   -13.688  [  133  135]
 157  Heredity    -13.543   -13.576  [  120  133]
 158  Heredity    -13.540   -13.603  [  133  149]
 159  Heredity    -13.624   -13.598  [  133  149]
 160   Random     -13.553   -13.553  [         0]
 161   Random     -13.393   -13.393  [         0]
 162   Random     -13.553   -13.553  [         0]
 163   Random     -13.550   -13.550  [         0]
 164   Random     -13.545   -13.545  [         0]
 165   Random     -13.549   -13.549  [         0]
 166   Random     -13.558   -13.558  [         0]
 167 Permutate    -13.617   -13.624  [       133]
 168 Permutate    -13.553   -13.553  [       147]
 169 Permutate    -13.462   -13.540  [       149]
 170 Permutate    -13.552   -13.552  [       143]
 171 Permutate    -13.624   -13.624  [       133]
 172 Permutate    -13.617   -13.624  [       133]
 173 softmutate   -13.552   -13.552  [       143]
 174 softmutate   -13.552   -13.552  [       143]
 175 softmutate   -13.552   -13.552  [       143]
 176 softmutate   -13.552   -13.552  [       143]
 177 softmutate   -13.624   -13.624  [       133]
 178 softmutate   -13.624   -13.624  [       133]
 179 keptBest     -13.725   -13.725  [       135]
 180 keptBest     -13.558   -13.558  [       120]
 181 keptBest     -13.553   -13.553  [       147]
 182 keptBest     -13.540   -13.540  [       148]
 183 keptBest     -13.540   -13.540  [       149]
 184  Heredity    -13.624   -13.572  [  171  162]
 185  Heredity    -13.624   -13.599  [  179  162]
 186  Heredity    -13.502   -13.659  [  162  179]
 187  Heredity    -13.471   -13.598  [  183  171]
 188  Heredity    -13.624   -13.551  [  163  174]
 189  Heredity    -13.624   -13.580  [  171  162]
 190  Heredity    -13.617   -13.673  [  171  179]
 191  Heredity    -13.721   -13.622  [  180  179]
 192  Heredity    -13.530   -13.563  [  162  150]
 193   Random     -13.553   -13.553  [         0]
 194   Random     -13.561   -13.561  [         0]
 195   Random     -13.469   -13.469  [         0]
 196   Random     -13.538   -13.538  [         0]
 197   Random     -13.721   -13.721  [         0]
 198   Random     -13.547   -13.547  [         0]
 199 Permutate    -13.568   -13.568  [       150]
 200 Permutate    -13.621   -13.725  [       179]
 201 Permutate    -13.552   -13.624  [       171]
 202 Permutate    -13.725   -13.725  [       179]
 203 Permutate    -13.413   -13.550  [       163]
 204 Permutate    -13.617   -13.540  [       182]
 205 softmutate   -13.624   -13.553  [       162]
 206 softmutate   -13.521   -13.553  [       162]
 207 softmutate   -13.552   -13.553  [       162]
 208 softmutate   -13.721   -13.725  [       179]
 209 softmutate   -13.617   -13.568  [       150]
 210 softmutate   -13.568   -13.568  [       150]
 211 keptBest     -13.725   -13.725  [       179]
 212 keptBest     -13.558   -13.558  [       180]
 213 keptBest     -13.553   -13.553  [       162]
 214 keptBest     -13.540   -13.540  [       182]
 215 keptBest     -13.540   -13.540  [       183]
 216  Heredity    -13.546   -13.557  [  194  213]
 217  Heredity    -13.545   -13.538  [  194  186]
 218  Heredity    -13.549   -13.561  [  213  199]
 219  Heredity    -13.438   -13.599  [  211  213]
 220  Heredity    -13.617   -13.566  [  214  205]
 221  Heredity    -13.543   -13.491  [  187  214]
 222  Heredity    -13.553   -13.668  [  213  211]
 223  Heredity    -13.624   -13.581  [  194  205]
 224  Heredity    -13.721   -13.566  [  199  194]
 225  Heredity    -13.547   -13.592  [  194  205]
 226  Heredity    -13.543   -13.557  [  199  198]
 227  Heredity    -13.624   -13.578  [  205  198]
 228  Heredity    -13.538   -13.508  [  187  207]
 229   Random     -13.721   -13.721  [         0]
 230   Random     -13.463   -13.463  [         0]
 231   Random     -13.721   -13.721  [         0]
 232   Random     -13.627   -13.627  [         0]
 233 Permutate    -13.624   -13.624  [       205]
 234 Permutate    -13.553   -13.553  [       213]
 235 Permutate    -13.621   -13.725  [       211]
 236 Permutate    -13.624   -13.553  [       213]
 237 Permutate    -13.725   -13.725  [       211]
 238 softmutate   -13.721   -13.725  [       211]
 239 softmutate   -13.624   -13.624  [       205]
 240 softmutate   -13.469   -13.540  [       214]
 241 softmutate   -13.721   -13.725  [       211]
 242 softmutate   -13.547   -13.568  [       199]
 243 keptBest     -13.725   -13.725  [       211]
 244 keptBest     -13.561   -13.561  [       194]
 245 keptBest     -13.553   -13.553  [       213]
 246 keptBest     -13.540   -13.540  [       214]
 247 keptBest     -13.540   -13.540  [       215]
 248  Heredity    -13.538   -13.556  [  245  244]
 249  Heredity    -13.521   -13.634  [  244  243]
 250  Heredity    -13.553   -13.557  [  216  244]
 251  Heredity    -13.544   -13.684  [  243  244]
 252  Heredity    -13.440   -13.602  [  216  232]
 253  Heredity    -13.553   -13.549  [  225  245]
 254  Heredity    -13.396   -13.549  [  217  244]
 255  Heredity    -13.544   -13.555  [  244  226]
 256   Random     -13.502   -13.502  [         0]
 257   Random     -13.469   -13.469  [         0]
 258   Random     -13.621   -13.621  [         0]
 259   Random     -13.721   -13.721  [         0]
 260 Permutate    -13.545   -13.545  [       217]
 261 Permutate    -13.725   -13.561  [       244]
 262 Permutate    -13.571   -13.561  [       244]
 263 Permutate    -13.570   -13.561  [       244]
 264 Permutate    -13.470   -13.561  [       244]
 265 Permutate    -13.545   -13.545  [       217]
 266 Permutate    -13.547   -13.547  [       225]
 267 softmutate   -13.539   -13.561  [       244]
 268 softmutate   -13.558   -13.561  [       244]
 269 softmutate   -13.721   -13.725  [       243]
 270 softmutate   -13.721   -13.725  [       243]
 271 softmutate   -13.558   -13.561  [       244]
 272 softmutate   -13.553   -13.553  [       245]
 273 keptBest     -13.725   -13.725  [       243]
 274 keptBest     -13.561   -13.561  [       244]
 275 keptBest     -13.553   -13.553  [       245]
 276 keptBest     -13.545   -13.545  [       217]
 277 keptBest     -13.543   -13.543  [       226]
 278  Heredity    -13.617   -13.556  [  274  275]
 279  Heredity    -13.558   -13.678  [  273  274]
 280  Heredity    -13.430   -13.586  [  258  262]
 281  Heredity    -13.624   -13.626  [  273  265]
 282  Heredity    -13.617   -13.659  [  273  274]
 283  Heredity    -13.553   -13.625  [  273  262]
 284  Heredity    -13.624   -13.588  [  258  251]
 285  Heredity    -13.624   -13.566  [  258  265]
 286  Heredity    -13.452   -13.600  [  265  258]
 287  Heredity    -13.533   -13.544  [  265  251]
 288   Random     -13.725   -13.725  [         0]
 289   Random     -13.725   -13.725  [         0]
 290   Random     -13.518   -13.518  [         0]
 291   Random     -13.491   -13.491  [         0]
 292   Random     -13.721   -13.721  [         0]
 293 Permutate    -13.546   -13.547  [       266]
 294 Permutate    -13.621   -13.621  [       258]
 295 Permutate    -13.621   -13.621  [       258]
 296 Permutate    -13.621   -13.621  [       258]
 297 Permutate    -13.725   -13.725  [       273]
 298 Permutate    -13.519   -13.521  [       249]
 299 Permutate    -13.469   -13.469  [       257]
 300 softmutate   -13.568   -13.571  [       262]
 301 softmutate   -13.621   -13.621  [       258]
 302 keptBest     -13.725   -13.725  [       273]
 303 keptBest     -13.561   -13.561  [       274]
 304 keptBest     -13.553   -13.553  [       275]
 305 keptBest     -13.545   -13.545  [       265]
 306 keptBest     -13.543   -13.543  [       277]
 307  Heredity    -13.624   -13.550  [  304  305]
 308  Heredity    -13.519   -13.542  [  304  298]
 309  Heredity    -13.624   -13.550  [  293  304]
 310  Heredity    -13.433   -13.588  [  293  285]
 311  Heredity    -13.624   -13.587  [  285  306]
 312  Heredity    -13.617   -13.539  [  304  298]
 313  Heredity    -13.470   -13.545  [  305  293]
 314  Heredity    -13.438   -13.575  [  305  285]
 315  Heredity    -13.617   -13.616  [  306  302]
 316   Random     -13.553   -13.553  [         0]
 317   Random     -13.521   -13.521  [         0]
 318   Random     -13.721   -13.721  [         0]
 319   Random     -13.540   -13.540  [         0]
 320   Random     -13.557   -13.557  [         0]
 321   Random     -13.433   -13.433  [         0]
 322   Random     -13.568   -13.568  [         0]
 323 Permutate    -13.327   -13.543  [       306]
 324 Permutate    -13.568   -13.568  [       300]
 325 Permutate    -13.725   -13.725  [       302]
 326 Permutate    -13.553   -13.553  [       304]
 327 Permutate    -13.624   -13.568  [       300]
 328 Permutate    -13.376   -13.561  [       303]
 329 softmutate   -13.721   -13.725  [       302]
 330 softmutate   -13.624   -13.624  [       285]
 331 softmutate   -13.624   -13.624  [       285]
 332 softmutate   -13.527   -13.543  [       306]
 333 keptBest     -13.725   -13.725  [       302]
 334 keptBest     -13.561   -13.561  [       303]
 335 keptBest     -13.553   -13.553  [       304]
 336 keptBest     -13.545   -13.545  [       305]
 337 keptBest     -13.543   -13.543  [       306]
 338  Heredity    -13.544   -13.535  [  337  332]
 339  Heredity    -13.721   -13.684  [  327  333]
 340  Heredity    -13.721   -13.658  [  333  327]
 341  Heredity    -13.529   -13.587  [  327  316]
 342  Heredity    -13.617   -13.533  [  317  337]
 343  Heredity    -13.624   -13.684  [  333  327]
 344  Heredity    -13.514   -13.565  [  322  334]
 345  Heredity    -13.538   -13.671  [  327  333]
 346  Heredity    -13.546   -13.594  [  327  334]
 347  Heredity    -13.624   -13.633  [  336  333]
 348   Random     -13.496   -13.496  [         0]
 349   Random     -13.469   -13.469  [         0]
 350   Random     -13.549   -13.549  [         0]
 351 Permutate    -13.545   -13.545  [       336]
 352 Permutate    -13.547   -13.543  [       337]
 353 Permutate    -13.624   -13.438  [       314]
 354 Permutate    -13.538   -13.568  [       322]
 355 Permutate    -13.472   -13.561  [       334]
 356 Permutate    -13.725   -13.725  [       333]
 357 Permutate    -13.725   -13.561  [       334]
 358 Permutate    -13.543   -13.568  [       322]
 359 Permutate    -13.617   -13.568  [       322]
 360 softmutate   -13.721   -13.725  [       333]
 361 softmutate   -13.721   -13.725  [       333]
 362 softmutate   -13.549   -13.543  [       337]
 363 softmutate   -13.548   -13.543  [       337]
 364 softmutate   -13.527   -13.527  [       332]
 365 keptBest     -13.725   -13.725  [       333]
 366 keptBest     -13.561   -13.561  [       334]
 367 keptBest     -13.553   -13.553  [       316]
 368 keptBest     -13.545   -13.545  [       336]
 369 keptBest     -13.543   -13.543  [       337]
 370  Heredity    -13.545   -13.534  [  341  369]
 371  Heredity    -13.624   -13.577  [  343  363]
 372  Heredity    -13.721   -13.598  [  363  365]
 373  Heredity    -13.538   -13.536  [  344  363]
 374  Heredity    -13.538   -13.519  [  366  348]
 375  Heredity    -13.521   -13.544  [  351  338]
 376  Heredity    -13.460   -13.591  [  343  363]
 377  Heredity    -13.721   -13.593  [  343  367]
 378  Heredity    -13.488   -13.627  [  338  365]
 379  Heredity    -13.465   -13.586  [  343  369]
 380  Heredity    -13.624   -13.620  [  363  365]
 381   Random     -13.533   -13.533  [         0]
 382   Random     -13.514   -13.514  [         0]
 383   Random     -13.721   -13.721  [         0]
 384   Random     -13.553   -13.553  [         0]
 385   Random     -13.549   -13.549  [         0]
 386   Random     -13.547   -13.547  [         0]
 387   Random     -13.721   -13.721  [         0]
 388 Permutate    -13.627   -13.561  [       366]
 389 Permutate    -13.450   -13.545  [       351]
 390 Permutate    -13.545   -13.545  [       351]
 391 Permutate    -13.520   -13.553  [       367]
 392 Permutate    -13.624   -13.545  [       351]
 393 softmutate   -13.721   -13.725  [       365]
 394 softmutate   -13.490   -13.548  [       363]
 395 softmutate   -13.549   -13.548  [       363]
 396 softmutate   -13.522   -13.529  [       341]
 397 softmutate   -13.518   -13.529  [       341]
 398 keptBest     -13.725   -13.725  [       365]
 399 keptBest     -13.561   -13.561  [       366]
 400 keptBest     -13.553   -13.553  [       367]
 401 keptBest     -13.545   -13.545  [       351]
 402 keptBest     -13.543   -13.543  [       369]
 403  Heredity    -13.531   -13.588  [  388  370]
 404  Heredity    -13.624   -13.584  [  402  388]
 405  Heredity    -13.553   -13.674  [  388  398]
 406  Heredity    -13.624   -13.667  [  398  386]
 407  Heredity    -13.544   -13.660  [  398  388]
 408  Heredity    -13.617   -13.600  [  384  388]
 409  Heredity    -13.545   -13.596  [  399  388]
 410  Heredity    -13.540   -13.544  [  402  370]
 411  Heredity    -13.521   -13.602  [  399  388]
 412   Random     -13.721   -13.721  [         0]
 413   Random     -13.720   -13.720  [         0]
 414   Random     -13.546   -13.546  [         0]
 415   Random     -13.721   -13.721  [         0]
 416   Random     -13.617   -13.617  [         0]
 417 Permutate    -13.627   -13.627  [       388]
 418 Permutate    -13.545   -13.547  [       386]
 419 Permutate    -13.725   -13.725  [       398]
 420 Permutate    -13.545   -13.545  [       370]
 421 Permutate    -13.535   -13.627  [       388]
 422 Permutate    -13.514   -13.514  [       382]
 423 Permutate    -13.561   -13.561  [       399]
 424 softmutate   -13.721   -13.725  [       398]
 425 softmutate   -13.545   -13.545  [       370]
 426 softmutate   -13.547   -13.543  [       402]
 427 softmutate   -13.544   -13.543  [       402]
 428 softmutate   -13.617   -13.627  [       388]
 429 softmutate   -13.434   -13.627  [       388]
 430 keptBest     -13.725   -13.725  [       398]
 431 keptBest     -13.561   -13.561  [       399]
 432 keptBest     -13.553   -13.553  [       384]
 433 keptBest     -13.545   -13.545  [       370]
 434 keptBest     -13.543   -13.543  [       402]
 435  Heredity    -13.503   -13.621  [  417  408]
 436  Heredity    -13.545   -13.659  [  430  432]
 437  Heredity    -13.617   -13.669  [  408  430]
 438  Heredity    -13.617   -13.623  [  417  408]
 439  Heredity    -13.544   -13.597  [  417  418]
 440  Heredity    -13.552   -13.570  [  426  417]
 441  Heredity    -13.624   -13.621  [  430  423]
 442  Heredity    -13.552   -13.640  [  430  423]
 443  Heredity    -13.617   -13.601  [  417  423]
 444   Random     -13.721   -13.721  [         0]
 445   Random     -13.553   -13.553  [         0]
 446   Random     -13.521   -13.521  [         0]
 447 Permutate    -13.627   -13.627  [       417]
 448 Permutate    -13.519   -13.545  [       418]
 449 Permutate    -13.621   -13.627  [       417]
 450 Permutate    -13.617   -13.617  [       408]
 451 Permutate    -13.627   -13.725  [       430]
 452 Permutate    -13.553   -13.553  [       432]
 453 softmutate   -13.544   -13.540  [       410]
 454 softmutate   -13.543   -13.540  [       410]
 455 softmutate   -13.543   -13.544  [       427]
 456 softmutate   -13.621   -13.617  [       408]
 457 softmutate   -13.552   -13.544  [       427]
 458 softmutate   -13.549   -13.544  [       427]
 459 softmutate   -13.624   -13.627  [       417]
 460 keptBest     -13.725   -13.725  [       430]
 461 keptBest     -13.561   -13.561  [       423]
 462 keptBest     -13.553   -13.553  [       432]
 463 keptBest     -13.545   -13.545  [       418]
 464 keptBest     -13.543   -13.543  [       434]
 465  Heredity    -13.624   -13.652  [  460  462]
 466  Heredity    -13.617   -13.604  [  451  461]
 467  Heredity    -13.624   -13.663  [  436  460]
 468  Heredity    -13.466   -13.692  [  451  460]
 469  Heredity    -13.547   -13.603  [  460  457]
 470  Heredity    -13.624   -13.549  [  462  436]
 471  Heredity    -13.545   -13.554  [  461  436]
 472  Heredity    -13.566   -13.596  [  451  462]
 473  Heredity    -13.617   -13.579  [  451  462]
 474   Random     -13.439   -13.439  [         0]
 475   Random     -13.495   -13.495  [         0]
 476   Random     -13.721   -13.721  [         0]
 477   Random     -13.518   -13.518  [         0]
 478 Permutate    -13.406   -13.627  [       451]
 479 Permutate    -13.561   -13.561  [       461]
 480 Permutate    -13.543   -13.543  [       464]
 481 Permutate    -13.553   -13.553  [       462]
 482 Permutate    -13.621   -13.561  [       461]
 483 Permutate    -13.517   -13.725  [       460]
 484 Permutate    -13.534   -13.627  [       451]
 485 softmutate   -13.544   -13.543  [       464]
 486 softmutate   -13.543   -13.543  [       464]
 487 softmutate   -13.553   -13.553  [       462]
 488 softmutate   -13.553   -13.553  [       462]
 489 softmutate   -13.553   -13.553  [       462]
 490 keptBest     -13.725   -13.725  [       460]
 491 keptBest     -13.561   -13.561  [       461]
 492 keptBest     -13.553   -13.553  [       462]
 493 keptBest     -13.545   -13.545  [       436]
 494 keptBest     -13.543   -13.543  [       464]
 495  Heredity    -13.566   -13.604  [  468  490]
 496  Heredity    -13.624   -13.577  [  470  493]
 497  Heredity    -13.544   -13.537  [  493  483]
 498  Heredity    -13.617   -13.624  [  490  469]
 499  Heredity    -13.624   -13.598  [  470  491]
 500  Heredity    -13.547   -13.547  [  488  493]
 501  Heredity    -13.456   -13.653  [  470  490]
 502  Heredity    -13.624   -13.630  [  469  490]
 503  Heredity    -13.336   -13.686  [  470  490]
 504   Random     -13.617   -13.617  [         0]
 505   Random     -13.521   -13.521  [         0]
 506   Random     -13.472   -13.472  [         0]
 507   Random     -13.430   -13.430  [         0]
 508   Random     -13.624   -13.624  [         0]
 509   Random     -13.460   -13.460  [         0]
 510   Random     -13.427   -13.427  [         0]
 511   Random     -13.624   -13.624  [         0]
 512 Permutate    -13.561   -13.561  [       491]
 513 Permutate    -13.725   -13.725  [       490]
 514 Permutate    -13.545   -13.517  [       483]
 515 Permutate    -13.517   -13.517  [       483]
 516 Permutate    -13.531   -13.624  [       470]
 517 Permutate    -13.624   -13.545  [       493]
 518 softmutate   -13.502   -13.553  [       488]
 519 softmutate   -13.544   -13.553  [       488]
 520 softmutate   -13.721   -13.561  [       491]
 521 softmutate   -13.721   -13.725  [       490]
 522 softmutate   -13.721   -13.725  [       490]
 523 keptBest     -13.725   -13.725  [       490]
 524 keptBest     -13.566   -13.566  [       472]
 525 keptBest     -13.561   -13.561  [       491]
 526 keptBest     -13.553   -13.553  [       488]
 527 keptBest     -13.545   -13.545  [       493]
 528  Heredity    -13.617   -13.591  [  525  511]
 529  Heredity    -13.624   -13.485  [  527  509]
 530  Heredity    -13.624   -13.646  [  523  507]
 531  Heredity    -13.544   -13.560  [  526  495]
 532  Heredity    -13.617   -13.589  [  511  500]
 533  Heredity    -13.617   -13.549  [  526  514]
 534  Heredity    -13.488   -13.660  [  511  523]
 535  Heredity    -13.530   -13.540  [  500  516]
 536  Heredity    -13.624   -13.622  [  495  523]
 537  Heredity    -13.374   -13.625  [  523  527]
 538   Random     -13.539   -13.539  [         0]
 539   Random     -13.491   -13.491  [         0]
 540   Random     -13.444   -13.444  [         0]
 541   Random     -13.553   -13.553  [         0]
 542   Random     -13.721   -13.721  [         0]
 543   Random     -13.455   -13.455  [         0]
 544   Random     -13.549   -13.549  [         0]
 545 Permutate    -13.566   -13.566  [       495]
 546 Permutate    -13.552   -13.547  [       500]
 547 Permutate    -13.552   -13.545  [       514]
 548 Permutate    -13.627   -13.561  [       525]
 549 Permutate    -13.502   -13.502  [       518]
 550 softmutate   -13.566   -13.624  [       511]
 551 softmutate   -13.624   -13.624  [       511]
 552 softmutate   -13.411   -13.566  [       495]
 553 softmutate   -13.566   -13.566  [       495]
 554 softmutate   -13.553   -13.547  [       500]
 555 softmutate   -13.552   -13.547  [       500]
 556 keptBest     -13.725   -13.725  [       523]
 557 keptBest     -13.566   -13.566  [       495]
 558 keptBest     -13.561   -13.561  [       525]
 559 keptBest     -13.553   -13.553  [       526]
 560 keptBest     -13.545   -13.545  [       527]
 561  Heredity    -13.624   -13.660  [  556  559]
 562  Heredity    -13.617   -13.599  [  558  548]
 563  Heredity    -13.553   -13.599  [  531  556]
 564  Heredity    -13.531   -13.552  [  558  535]
 565  Heredity    -13.624   -13.656  [  560  556]
 566  Heredity    -13.624   -13.634  [  556  535]
 567  Heredity    -13.553   -13.657  [  559  556]
 568  Heredity    -13.549   -13.617  [  556  559]
 569  Heredity    -13.449   -13.599  [  545  548]
 570   Random     -13.721   -13.721  [         0]
 571   Random     -13.540   -13.540  [         0]
 572   Random     -13.544   -13.544  [         0]
 573   Random     -13.725   -13.725  [         0]
 574   Random     -13.721   -13.721  [         0]
 575   Random     -13.721   -13.721  [         0]
 576   Random     -13.518   -13.518  [         0]
 577 Permutate    -13.553   -13.553  [       559]
 578 Permutate    -13.531   -13.530  [       535]
 579 Permutate    -13.624   -13.455  [       543]
 580 Permutate    -13.627   -13.627  [       548]
 581 Permutate    -13.552   -13.544  [       531]
 582 softmutate   -13.558   -13.561  [       558]
 583 softmutate   -13.543   -13.566  [       545]
 584 softmutate   -13.566   -13.566  [       545]
 585 softmutate   -13.566   -13.566  [       545]
 586 softmutate   -13.566   -13.566  [       545]
 587 softmutate   -13.552   -13.553  [       559]
 588 softmutate   -13.553   -13.553  [       559]
 589 keptBest     -13.725   -13.725  [       556]
 590 keptBest     -13.566   -13.566  [       545]
 591 keptBest     -13.561   -13.561  [       558]
 592 keptBest     -13.553   -13.553  [       559]
 593 keptBest     -13.545   -13.545  [       560]
 594  Heredity    -13.721   -13.612  [  590  580]
 595  Heredity    -13.721   -13.542  [  588  576]
 596  Heredity    -13.553   -13.644  [  588  573]
 597  Heredity    -13.521   -13.644  [  573  591]
 598  Heredity    -13.492   -13.652  [  580  573]
 599  Heredity    -13.466   -13.603  [  591  580]
 600  Heredity    -13.523   -13.656  [  573  591]
 601  Heredity    -13.624   -13.652  [  573  593]
 602  Heredity    -13.624   -13.667  [  573  580]
 603  Heredity    -13.624   -13.698  [  580  573]
 604   Random     -13.549   -13.549  [         0]
 605   Random     -13.540   -13.540  [         0]
 606   Random     -13.381   -13.381  [         0]
 607   Random     -13.721   -13.721  [         0]
 608   Random     -13.721   -13.721  [         0]
 609   Random     -13.539   -13.539  [         0]
 610 Permutate    -13.725   -13.725  [       573]
 611 Permutate    -13.553   -13.553  [       588]
 612 Permutate    -13.548   -13.627  [       580]
 613 Permutate    -13.552   -13.552  [       581]
 614 Permutate    -13.553   -13.553  [       588]
 615 Permutate    -13.570   -13.627  [       580]
 616 Permutate    -13.501   -13.566  [       590]
 617 softmutate   -13.721   -13.725  [       573]
 618 softmutate   -13.617   -13.566  [       590]
 619 softmutate   -13.617   -13.566  [       590]
 620 softmutate   -13.721   -13.561  [       591]
 621 softmutate   -13.721   -13.725  [       573]
 622 keptBest     -13.725   -13.725  [       573]
 623 keptBest     -13.566   -13.566  [       590]
 624 keptBest     -13.561   -13.561  [       591]
 625 keptBest     -13.553   -13.553  [       588]
 626 keptBest     -13.545   -13.545  [       593]
