Gen   ID    Origin   Composition    Enthalpy   Volume  Density   Fitness   KPOINTS  SYMM  Q_entr A_order S_order
                                      (eV)     (A^3)  (g/cm^3)
  1    3   Random    [      8    ]   -40.669   146.608   2.545    -40.669 [ 4  4  3]   2  0.033  1.965  1.915
  2   31   Random    [      8    ]   -42.300   163.283   2.285    -42.300 [ 3  5  3] 128  0.017  2.552  2.520
  3   64 keptBest    [      8    ]   -42.300   163.283   2.285    -42.300 [ 3  5  3] 128  0.017  2.552  2.520
  4   88 keptBest    [      8    ]   -42.300   163.283   2.285    -42.300 [ 3  5  3] 128  0.017  2.552  2.520
  5  108 LatMutate   [      8    ]   -42.580   166.153   2.245    -42.580 [ 4  3  4]   2  0.057  2.271  2.156
  6  122  Heredity   [      8    ]   -43.368   163.391   2.283    -43.368 [ 4  4  4] 227  0.000  4.076  4.080
  7  159 keptBest    [      8    ]   -43.368   163.391   2.283    -43.368 [ 4  4  4] 227  0.000  4.076  4.080
  8  182 keptBest    [      8    ]   -43.368   163.391   2.283    -43.368 [ 4  4  4] 227  0.000  4.076  4.080
  9  207 keptBest    [      8    ]   -43.368   163.391   2.283    -43.368 [ 4  4  4] 227  0.000  4.076  4.080
 10  230 keptBest    [      8    ]   -43.368   163.391   2.283    -43.368 [ 4  4  4] 227  0.000  4.076  4.080
 11  254 keptBest    [      8    ]   -43.368   163.391   2.283    -43.368 [ 4  4  4] 227  0.000  4.076  4.080
 12  276 softmutate  [      8    ]   -43.371   163.394   2.283    -43.371 [ 4  4  4]  12  0.000  4.240  4.244
 13  301 keptBest    [      8    ]   -43.371   163.394   2.283    -43.371 [ 4  4  4]  12  0.000  4.240  4.244
