  ID   Compositions    Enthalpies    Volumes    fitness  SYMM
                       (eV/atom)    (A^3/atom)    ()         
 276  [      8    ]     -5.4213     20.4243    -43.3708    12
 186  [      8    ]     -5.4041     20.4399    -43.2331     1
 131  [      8    ]     -5.4033     20.4339    -43.2266     1
 284  [      8    ]     -5.3372     21.3042    -42.6973     2
 288  [      8    ]     -5.2880     20.4302    -42.3038    58
 193  [      8    ]     -5.2861     19.9433    -42.2885     2
  32  [      8    ]     -5.2625     18.3477    -42.0997   206
  79  [      8    ]     -5.2586     21.6192    -42.0687     1
 166  [      8    ]     -5.2575     20.6503    -42.0597    10
 223  [      8    ]     -5.2207     18.0983    -41.7659    17
 216  [      8    ]     -5.2069     20.4498    -41.6548     2
  44  [      8    ]     -5.1840     18.1814    -41.4717     1
  63  [      8    ]     -5.1829     21.3355    -41.4632    10
 239  [      8    ]     -5.1726     19.9264    -41.3806     1
 127  [      8    ]     -5.1701     21.3323    -41.3611     1
  36  [      8    ]     -5.1534     18.2708    -41.2274     5
 296  [      8    ]     -5.1507     19.5410    -41.2056     2
 234  [      8    ]     -5.1395     19.6831    -41.1162    17
 152  [      8    ]     -5.1329     20.3854    -41.0632     1
  48  [      8    ]     -5.1314     18.0959    -41.0513     1
