Gen   ID    Origin   Composition    Enthalpy   Volume  Density   Fitness   KPOINTS  SYMM  Q_entr A_order S_order
                                      (eV)     (A^3)  (g/cm^3)
  1    1   Random    [      8    ]   -40.375   122.679   3.041    -40.375 [ 5  4  3]  63  0.001  2.749  2.753
  1    2   Random    [      8    ]   -40.288   127.730   2.921    -40.288 [ 4  4  4]   2  0.166  2.161  1.780
  1    3   Random    [      8    ]   -40.669   146.608   2.545    -40.669 [ 4  4  3]   2  0.033  1.965  1.915
  1    4   Random    [      8    ]   -38.922   163.145   2.287    -38.922 [ 3  3  5]   1  0.112  1.889  1.691
  1    5   Random    [      8    ]   -39.499   121.359   3.074    -39.499 [ 4  4  4]   1  0.026  2.283  2.236
  1    6   Random    [      8    ]   -40.111   130.344   2.862    -40.111 [ 7  3  3]   2  0.001  2.443  2.447
  1    7   Random    [      8    ]   -39.057   121.193   3.079    -39.057 [ 4  4  5]   1  0.080  1.879  1.743
  1    8   Random    [      8    ]   -40.558   124.300   3.002    -40.558 [ 5  5  2]   5  0.122  2.035  1.790
  1    9   Random    [      8    ]   -39.425   128.838   2.896    -39.425 [ 5  4  3]   2  0.191  2.201  1.668
  1   10   Random    [      8    ]   -39.540   130.682   2.855    -39.540 [ 4  5  3]   1  0.159  1.724  1.445
  1   11   Random    [      8    ]   -40.269   138.109   2.701    -40.269 [ 4  4  4]   1  0.171  1.747  1.429
  1   12   Random    [      8    ]   -39.664   121.652   3.067    -39.664 [ 3  5  4]   1  0.136  1.856  1.607
  1   13   Random    [      8    ]   -40.402   120.168   3.105    -40.402 [ 4  4  3]  12  0.036  2.172  2.107
  1   14   Random    [      8    ]   -35.521   208.560   1.789    -35.521 [ 3  3  3]   1  0.030  2.684  2.617
  1   15   Random    [      8    ]   -40.114   122.712   3.040    -40.114 [ 4  4  4]   1  0.050  2.217  2.122
  1   16   Random    [      8    ]   -39.512   121.361   3.074    -39.512 [ 4  4  4]   2  0.037  2.223  2.155
  1   17   Random    [      8    ]   -40.045   128.699   2.899    -40.045 [ 4  4  4]   1  0.013  3.010  2.981
  1   18   Random    [      8    ]   -40.459   120.870   3.087    -40.459 [ 4  4  4]  51  0.000  2.328  2.334
  1   19   Random    [      8    ]   -40.509   139.242   2.679    -40.509 [ 3  4  4]  58  0.058  2.227  2.112
  1   20   Random    [      8    ]   -39.387   122.833   3.037    -39.387 [ 4  4  4]   1  0.123  1.869  1.647
  2   21  Heredity   [      8    ]   -40.194   126.053   2.960    -40.194 [ 3  5  4]   1  0.122  1.838  1.622
  2   22  Heredity   [      8    ]   -40.526   141.971   2.628    -40.526 [ 5  3  3]   1  0.125  1.871  1.644
  2   23  Heredity   [      8    ]   -40.271   125.775   2.966    -40.271 [ 4  5  3]   1  0.121  1.875  1.661
  2   24  Heredity   [      8    ]   -40.005   141.991   2.628    -40.005 [ 3  5  3]   1  0.178  1.784  1.440
  2   25  Heredity   [      8    ]   -40.091   129.378   2.884    -40.091 [ 5  3  3]   1  0.153  1.802  1.524
  2   26  Heredity   [      8    ]   -40.145   138.042   2.703    -40.145 [ 4  5  3]   1  0.177  1.843  1.490
  2   27  Heredity   [      8    ]   -39.640   128.690   2.899    -39.640 [ 4  5  4]   1  0.125  1.982  1.741
  2   28  Heredity   [      8    ]   -40.629   128.693   2.899    -40.629 [ 4  5  4]   1  0.129  2.029  1.769
  2   29  Heredity   [      8    ]   -40.559   121.052   3.082    -40.559 [ 4  4  4]  10  0.006  2.133  2.130
  2   30  Heredity   [      8    ]   -39.948   144.816   2.576    -39.948 [ 2  5  5]   1  0.093  2.123  1.938
  2   31   Random    [      8    ]   -42.300   163.283   2.285    -42.300 [ 3  5  3] 128  0.017  2.552  2.520
  2   32   Random    [      8    ]   -42.100   146.781   2.542    -42.100 [ 4  4  4] 206  0.004  2.760  2.756
  2   33   Random    [      8    ]   -39.773   139.997   2.665    -39.773 [ 4  4  3]  15  0.030  1.958  1.913
  2   34   Random    [      8    ]   -39.790   118.907   3.138    -39.790 [ 4  4  4]   1  0.131  1.876  1.635
  2   35 LatMutate   [      8    ]   -40.956   120.545   3.095    -40.956 [ 5  4  3] 191  0.014  2.313  2.292
  2   36 LatMutate   [      8    ]   -41.227   146.166   2.553    -41.227 [ 5  5  2]   5  0.076  2.385  2.217
  2   37 softmutate  [      8    ]   -39.931   136.391   2.735    -39.931 [ 5  4  3]   1  0.164  1.810  1.505
  2   38 softmutate  [      8    ]   -39.711   129.990   2.870    -39.711 [ 4  5  3]   1  0.174  1.698  1.388
  2   39 softmutate  [      8    ]   -39.947   144.762   2.577    -39.947 [ 2  5  5]  11  0.076  2.132  1.981
  2   40 softmutate  [      8    ]   -40.482   140.625   2.653    -40.482 [ 3  4  4]  63  0.065  2.308  2.171
  2   41 keptBest    [      8    ]   -40.669   146.608   2.545    -40.669 [ 4  4  3]   2  0.033  1.965  1.915
  2   42 keptBest    [      8    ]   -40.509   139.242   2.679    -40.509 [ 3  4  4]  58  0.058  2.227  2.112
  2   43 keptBest    [      8    ]   -40.459   120.870   3.087    -40.459 [ 4  4  4]  51  0.000  2.328  2.334
  3   44  Heredity   [      8    ]   -41.472   145.451   2.565    -41.472 [ 5  5  2]   1  0.064  2.179  2.055
  3   45  Heredity   [      8    ]   -40.970   121.203   3.078    -40.970 [ 5  4  3]   2  0.034  1.996  1.942
  3   46  Heredity   [      8    ]   -39.871   130.094   2.868    -39.871 [ 4  5  3]   1  0.165  1.797  1.480
  3   47  Heredity   [      8    ]   -40.965   145.724   2.560    -40.965 [ 3  5  3]   1  0.125  1.929  1.688
  3   48  Heredity   [      8    ]   -41.051   144.768   2.577    -41.051 [ 3  5  3]   1  0.116  1.952  1.733
  3   49  Heredity   [      8    ]   -40.256   137.568   2.712    -40.256 [ 4  5  3]   1  0.164  2.018  1.676
  3   50  Heredity   [      8    ]   -40.324   128.742   2.898    -40.324 [ 5  4  3]   1  0.177  1.845  1.493
  3   51  Heredity   [      8    ]   -39.506   122.290   3.051    -39.506 [ 4  4  4]   1  0.136  1.918  1.654
  3   52  Heredity   [      8    ]   -40.500   140.933   2.647    -40.500 [ 5  5  2]   1  0.111  2.011  1.802
  3   53  Heredity   [      8    ]   -40.340   130.881   2.851    -40.340 [ 5  5  2]   2  0.082  2.076  1.918
  3   54   Random    [      8    ]   -40.096   129.421   2.883    -40.096 [ 5  5  2]   1  0.058  1.906  1.811
  3   55   Random    [      8    ]   -40.668   122.422   3.048    -40.668 [ 4  4  4]  12  0.036  2.294  2.226
  3   56   Random    [      8    ]   -39.649   140.705   2.652    -39.649 [ 3  4  5]   2  0.108  1.906  1.710
  3   57   Random    [      8    ]   -39.061   116.894   3.192    -39.061 [ 4  4  4]   2  0.060  1.889  1.791
  3   58 LatMutate   [      8    ]   -40.836   146.271   2.551    -40.836 [ 5  3  4]   1  0.146  2.074  1.756
  3   59 LatMutate   [      8    ]   -40.162   132.110   2.824    -40.162 [ 4  5  3]   2  0.119  1.765  1.564
  3   60 LatMutate   [      8    ]   -39.964   132.062   2.825    -39.964 [ 6  5  2]   1  0.137  1.792  1.549
  3   61 softmutate  [      8    ]   -40.302   126.724   2.944    -40.302 [ 5  5  3]   1  0.002  2.554  2.556
  3   62 softmutate  [      8    ]   -39.648   123.399   3.023    -39.648 [ 4  4  4]   2  0.098  1.660  1.512
  3   63 softmutate  [      8    ]   -41.463   170.684   2.186    -41.463 [ 5  3  3]  10  0.044  2.554  2.456
  3   64 keptBest    [      8    ]   -42.300   163.283   2.285    -42.300 [ 3  5  3] 128  0.017  2.552  2.520
  3   65 keptBest    [      8    ]   -40.956   120.545   3.095    -40.956 [ 5  4  3] 191  0.014  2.313  2.292
  3   66 keptBest    [      8    ]   -40.509   139.242   2.679    -40.509 [ 3  4  4]  58  0.058  2.227  2.112
  3   67 softmutate  [      8    ]   -40.048   143.703   2.596    -40.048 [ 5  4  3]   1  0.158  1.978  1.652
  4   68  Heredity   [      8    ]   -39.885   147.047   2.537    -39.885 [ 5  5  2] 139  0.112  2.636  2.337
  4   69  Heredity   [      8    ]   -40.003   146.602   2.545    -40.003 [ 4  5  3]  11  0.094  2.298  2.096
  4   70  Heredity   [      8    ]   -39.877   143.088   2.607    -39.877 [ 3  5  3]   1  0.174  1.888  1.532
  4   71  Heredity   [      8    ]   -39.500   142.814   2.612    -39.500 [ 3  5  3]   1  0.159  1.901  1.591
  4   72  Heredity   [      8    ]   -40.572   138.997   2.684    -40.572 [ 5  5  2]   1  0.125  1.873  1.646
  4   73  Heredity   [      8    ]   -39.518   148.850   2.507    -39.518 [ 5  3  3]   1  0.178  1.851  1.500
  4   74  Heredity   [      8    ]   -41.588   145.799   2.559    -41.588 [ 5  5  2]  12  0.108  2.373  2.125
  4   75  Heredity   [      8    ]   -40.330   136.527   2.733    -40.330 [ 5  4  3]   4  0.137  1.871  1.616
  4   76  Heredity   [      8    ]   -39.831   138.990   2.684    -39.831 [ 4  5  3]   1  0.163  1.760  1.460
  4   77  Heredity   [      8    ]   -40.642   120.583   3.094    -40.642 [ 4  4  4]   1  0.006  2.490  2.483
  4   78   Random    [      8    ]   -40.050   128.512   2.903    -40.050 [ 4  4  4]   1  0.001  2.986  2.989
  4   79   Random    [      8    ]   -42.069   172.954   2.157    -42.069 [ 3  4  3]   1  0.099  2.231  2.024
  4   80   Random    [      8    ]   -39.719   136.578   2.732    -39.719 [ 4  4  3]  11  0.084  2.503  2.298
  4   81 LatMutate   [      8    ]   -40.424   136.994   2.723    -40.424 [ 6  5  2]   1  0.095  1.813  1.657
  4   82 LatMutate   [      8    ]   -40.102   161.099   2.316    -40.102 [ 4  4  2]   1  0.124  1.989  1.748
  4   83 softmutate  [      8    ]   -40.253   153.444   2.431    -40.253 [ 3  4  4]   4  0.027  1.952  1.914
  4   84 softmutate  [      8    ]   -40.227   152.398   2.448    -40.227 [ 3  4  4]   2  0.111  1.990  1.777
  4   85 softmutate  [      8    ]   -40.007   123.808   3.014    -40.007 [ 3  5  3]   2  0.074  2.002  1.870
  4   86 softmutate  [      8    ]   -40.358   134.293   2.778    -40.358 [ 3  5  5]   2  0.026  2.019  1.980
  4   87 softmutate  [      8    ]   -39.596   131.730   2.832    -39.596 [ 5  5  3]   1  0.155  1.756  1.468
  4   88 keptBest    [      8    ]   -42.300   163.283   2.285    -42.300 [ 3  5  3] 128  0.017  2.552  2.520
  4   89 keptBest    [      8    ]   -40.956   120.545   3.095    -40.956 [ 5  4  3] 191  0.014  2.313  2.292
  4   90 keptBest    [      8    ]   -40.509   139.242   2.679    -40.509 [ 3  4  4]  58  0.058  2.227  2.112
  4   91 softmutate  [      8    ]   -40.045   131.894   2.829    -40.045 [ 5  4  3]   1  0.189  1.756  1.396
  5   92  Heredity   [      8    ]   -40.027   128.536   2.903    -40.027 [ 5  5  2]   1  0.129  1.846  1.615
  5   93  Heredity   [      8    ]   -40.304   153.589   2.429    -40.304 [ 3  5  3]   1  0.138  1.911  1.650
  5   94  Heredity   [      8    ]   -39.915   137.666   2.710    -39.915 [ 3  3  5]   1  0.173  1.759  1.434
  5   95  Heredity   [      8    ]   -39.915   140.225   2.661    -39.915 [ 5  5  2]   1  0.193  1.816  1.428
  5   96  Heredity   [      8    ]   -39.674   132.590   2.814    -39.674 [ 4  5  3]   1  0.167  1.775  1.466
  5   97  Heredity   [      8    ]   -39.598   136.407   2.735    -39.598 [ 5  4  3]   1  0.161  1.857  1.548
  5   98  Heredity   [      8    ]   -39.779   134.990   2.764    -39.779 [ 4  4  3]   1  0.124  1.911  1.682
  5   99  Heredity   [      8    ]   -40.323   125.242   2.979    -40.323 [ 5  3  5]  71  0.000  2.762  2.767
  5  100  Heredity   [      8    ]   -39.388   141.127   2.644    -39.388 [ 4  4  3]   2  0.071  1.796  1.684
  5  101  Heredity   [      8    ]   -40.329   135.721   2.749    -40.329 [ 6  5  2]   1  0.106  1.752  1.580
  5  102   Random    [      8    ]   -40.577   120.970   3.084    -40.577 [ 4  4  4]  10  0.006  2.192  2.189
  5  103   Random    [      8    ]   -39.281   131.952   2.828    -39.281 [ 3  3  5]  71  0.038  2.395  2.318
  5  104   Random    [      8    ]   -39.808   120.897   3.086    -39.808 [ 4  4  4]   1  0.151  2.181  1.829
  5  105   Random    [      8    ]   -39.520   123.260   3.027    -39.520 [ 4  4  4]   1  0.104  1.881  1.698
  5  106   Random    [      8    ]   -37.876   191.799   1.945    -37.876 [ 4  3  3]   1  0.139  2.041  1.753
  5  107 LatMutate   [      8    ]   -40.079   136.636   2.731    -40.079 [ 7  5  2]   1  0.139  2.021  1.740
  5  108 LatMutate   [      8    ]   -42.580   166.153   2.245    -42.580 [ 4  3  4]   2  0.057  2.271  2.156
  5  109 softmutate  [      8    ]   -40.460   141.279   2.641    -40.460 [ 3  5  3]   1  0.140  1.840  1.584
  5  110 softmutate  [      8    ]   -40.090   133.036   2.804    -40.090 [ 3  5  4]   1  0.177  1.874  1.515
  5  111 softmutate  [      8    ]   -38.885   171.309   2.178    -38.885 [ 3  4  3]   1  0.147  2.111  1.792
  5  112 keptBest    [      8    ]   -42.300   163.283   2.285    -42.300 [ 3  5  3] 128  0.017  2.552  2.520
  5  113 keptBest    [      8    ]   -40.956   120.545   3.095    -40.956 [ 5  4  3] 191  0.014  2.313  2.292
  5  114 keptBest    [      8    ]   -40.509   139.242   2.679    -40.509 [ 3  4  4]  58  0.058  2.227  2.112
  6  115  Heredity   [      8    ]   -40.148   132.754   2.810    -40.148 [ 4  5  4]   1  0.131  1.863  1.624
  6  116  Heredity   [      8    ]   -39.887   128.551   2.902    -39.887 [ 4  4  4]   1  0.133  1.795  1.562
  6  117  Heredity   [      8    ]   -40.985   146.404   2.548    -40.985 [ 6  5  2]   1  0.092  2.351  2.149
  6  118  Heredity   [      8    ]   -40.148   129.200   2.888    -40.148 [ 3  5  3]   1  0.125  1.757  1.543
  6  119  Heredity   [      8    ]   -40.309   135.540   2.753    -40.309 [ 3  5  3]   1  0.150  1.826  1.552
  6  120  Heredity   [      8    ]   -40.568   147.473   2.530    -40.568 [ 3  5  4]   1  0.135  1.944  1.687
  6  121  Heredity   [      8    ]   -39.706   126.284   2.954    -39.706 [ 4  4  4]   1  0.183  1.715  1.380
  6  122  Heredity   [      8    ]   -43.368   163.391   2.283    -43.368 [ 4  4  4] 227  0.000  4.076  4.080
  6  123   Random    [      8    ]   -40.156   129.351   2.884    -40.156 [ 4  4  4]   2  0.057  2.075  1.974
  6  124   Random    [      8    ]   -40.050   128.477   2.904    -40.050 [ 4  4  4]   1  0.002  3.096  3.095
  6  125   Random    [      8    ]   -39.170   154.743   2.411    -39.170 [ 3  3  5]   1  0.127  2.412  2.043
  6  126   Random    [      8    ]   -40.078   124.838   2.989    -40.078 [ 3  3  6]  57  0.058  2.126  2.019
  6  127 LatMutate   [      8    ]   -41.361   170.658   2.186    -41.361 [ 5  3  3]   1  0.069  2.276  2.137
  6  128 LatMutate   [      8    ]   -39.798   123.689   3.016    -39.798 [ 4  6  3]   1  0.115  1.880  1.675
  6  129 LatMutate   [      8    ]   -39.988   128.554   2.902    -39.988 [ 6  3  3]   1  0.129  1.957  1.708
  6  130 softmutate  [      8    ]   -40.131   136.742   2.728    -40.131 [ 3  3  5]   1  0.159  1.771  1.483
  6  131 softmutate  [      8    ]   -43.227   163.471   2.282    -43.227 [ 5  3  3]   1  0.002  3.301  3.299
  6  132 softmutate  [      8    ]   -39.508   124.111   3.006    -39.508 [ 5  4  3]   2  0.080  1.862  1.728
  6  133 softmutate  [      8    ]   -40.208   130.606   2.857    -40.208 [ 5  5  3]   1  0.113  1.829  1.635
  6  134 softmutate  [      8    ]   -39.759   127.715   2.921    -39.759 [ 3  3  5]   1  0.143  1.781  1.528
  6  135 keptBest    [      8    ]   -42.580   166.153   2.245    -42.580 [ 4  3  4]   2  0.057  2.271  2.156
  6  136 keptBest    [      8    ]   -40.956   120.545   3.095    -40.956 [ 5  4  3] 191  0.014  2.313  2.292
  6  137 keptBest    [      8    ]   -40.323   125.242   2.979    -40.323 [ 5  3  5]  71  0.000  2.762  2.767
  6  138 softmutate  [      8    ]   -40.858   162.773   2.292    -40.858 [ 3  3  5]   2  0.098  2.018  1.830
  7  139  Heredity   [      8    ]   -40.353   142.231   2.623    -40.353 [ 5  3  3]   1  0.140  1.849  1.592
  7  140  Heredity   [      8    ]   -40.003   130.430   2.861    -40.003 [ 6  3  3]   1  0.179  2.115  1.704
  7  141  Heredity   [      8    ]   -39.802   131.748   2.832    -39.802 [ 3  5  3]   1  0.147  1.726  1.473
  7  142  Heredity   [      8    ]   -39.903   131.480   2.838    -39.903 [ 3  5  3]   8  0.176  2.021  1.635
  7  143  Heredity   [      8    ]   -40.256   150.803   2.474    -40.256 [ 3  5  3]   1  0.158  1.913  1.601
  7  144  Heredity   [      8    ]   -38.699   142.069   2.626    -38.699 [ 4  3  5]   2  0.034  1.953  1.901
  7  145  Heredity   [      8    ]   -40.801   148.476   2.513    -40.801 [ 5  6  2]   1  0.062  2.253  2.129
  7  146  Heredity   [      8    ]   -40.678   146.081   2.554    -40.678 [ 6  5  2]   1  0.119  1.946  1.727
  7  147  Heredity   [      8    ]   -39.428   153.344   2.433    -39.428 [ 5  2  4]   1  0.191  1.817  1.437
  7  148   Random    [      8    ]   -40.450   128.145   2.912    -40.450 [ 3  3  7]   2  0.026  2.134  2.091
  7  149   Random    [      8    ]   -40.166   127.242   2.932    -40.166 [ 4  4  4]   1  0.131  2.131  1.843
  7  150   Random    [      8    ]   -40.231   152.927   2.440    -40.231 [ 4  4  3]  14  0.020  2.034  2.005
  7  151   Random    [      8    ]   -36.668   181.278   2.058    -36.668 [ 3  3  4]   1  0.159  2.183  1.786
  7  152 LatMutate   [      8    ]   -41.063   163.083   2.288    -41.063 [ 5  3  3]   1  0.088  2.145  1.974
  7  153 LatMutate   [      8    ]   -39.950   130.724   2.854    -39.950 [ 4  4  4]   1  0.154  1.842  1.554
  7  154 softmutate  [      8    ]   -40.057   152.304   2.450    -40.057 [ 5  3  4]   1  0.165  1.912  1.577
  7  155 softmutate  [      8    ]   -43.226   163.431   2.283    -43.226 [ 5  3  3]   1  0.001  3.299  3.302
  7  156 softmutate  [      8    ]   -43.230   163.478   2.282    -43.230 [ 5  3  3]   1  0.002  3.440  3.437
  7  157 softmutate  [      8    ]   -43.233   163.491   2.282    -43.233 [ 5  3  3]   1  0.002  3.617  3.615
  7  158 softmutate  [      8    ]   -39.889   127.104   2.935    -39.889 [ 5  6  2]   2  0.054  2.163  2.061
  7  159 keptBest    [      8    ]   -43.368   163.391   2.283    -43.368 [ 4  4  4] 227  0.000  4.076  4.080
  7  160 keptBest    [      8    ]   -40.858   162.773   2.292    -40.858 [ 3  3  5]   2  0.098  2.018  1.830
  7  161 keptBest    [      8    ]   -40.323   125.242   2.979    -40.323 [ 5  3  5]  71  0.000  2.762  2.767
  7  162 softmutate  [      8    ]   -40.643   140.940   2.647    -40.643 [ 5  6  2]   1  0.096  1.944  1.771
  8  163  Heredity   [      8    ]   -40.846   145.997   2.556    -40.846 [ 5  3  3]   1  0.190  2.104  1.665
  8  164  Heredity   [      8    ]   -41.248   148.064   2.520    -41.248 [ 5  3  3]   2  0.012  2.221  2.204
  8  165  Heredity   [      8    ]   -39.666   145.263   2.568    -39.666 [ 5  5  2]   1  0.184  1.882  1.502
  8  166  Heredity   [      8    ]   -42.060   165.203   2.258    -42.060 [ 3  3  5]  10  0.075  2.521  2.347
  8  167  Heredity   [      8    ]   -40.203   155.547   2.399    -40.203 [ 2  4  6]   1  0.142  2.061  1.768
  8  168  Heredity   [      8    ]   -40.841   157.131   2.374    -40.841 [ 5  3  3]   1  0.155  2.077  1.737
  8  169  Heredity   [      8    ]   -40.526   150.475   2.479    -40.526 [ 5  3  3]   1  0.127  1.973  1.728
  8  170  Heredity   [      8    ]   -43.219   163.393   2.283    -43.219 [ 5  3  3]  20  0.001  3.142  3.144
  8  171   Random    [      8    ]   -40.446   144.181   2.588    -40.446 [ 4  4  4]   1  0.067  2.057  1.933
  8  172   Random    [      8    ]   -40.704   121.732   3.065    -40.704 [ 4  4  3]  12  0.027  2.303  2.253
  8  173   Random    [      8    ]   -39.755   130.018   2.870    -39.755 [ 4  4  5] 182  0.072  2.707  2.499
  8  174   Random    [      8    ]   -39.329   150.373   2.481    -39.329 [ 7  3  2]   6  0.125  2.502  2.197
  8  175 LatMutate   [      8    ]   -41.477   159.542   2.339    -41.477 [ 3  3  5]   5  0.110  2.307  2.059
  8  176 LatMutate   [      8    ]   -40.131   135.171   2.760    -40.131 [ 5  2  5]   1  0.131  1.785  1.558
  8  177 LatMutate   [      8    ]   -39.839   146.914   2.540    -39.839 [ 5  4  3]   8  0.147  1.907  1.623
  8  178 softmutate  [      8    ]   -40.519   123.852   3.012    -40.519 [ 3  3  6]   2  0.000  2.136  2.142
  8  179 softmutate  [      8    ]   -40.520   129.161   2.889    -40.520 [ 3  2  7]   2  0.003  2.740  2.739
  8  180 softmutate  [      8    ]   -40.163   135.804   2.747    -40.163 [ 5  3  3]   1  0.176  1.741  1.406
  8  181 softmutate  [      8    ]   -43.233   163.521   2.282    -43.233 [ 5  3  3] 194  0.001  3.599  3.601
  8  182 keptBest    [      8    ]   -43.368   163.391   2.283    -43.368 [ 4  4  4] 227  0.000  4.076  4.080
  8  183 keptBest    [      8    ]   -40.858   162.773   2.292    -40.858 [ 3  3  5]   2  0.098  2.018  1.830
  8  184 keptBest    [      8    ]   -40.450   128.145   2.912    -40.450 [ 3  3  7]   2  0.026  2.134  2.091
  8  185 softmutate  [      8    ]   -40.044   135.775   2.748    -40.044 [ 5  3  3]   1  0.179  1.798  1.453
  8  186 softmutate  [      8    ]   -43.233   163.520   2.282    -43.233 [ 5  3  3]   1  0.001  3.599  3.599
  9  187  Heredity   [      8    ]   -40.326   145.127   2.571    -40.326 [ 5  3  3]   1  0.165  1.771  1.468
  9  188  Heredity   [      8    ]   -39.995   153.580   2.429    -39.995 [ 3  3  5]   1  0.155  1.838  1.550
  9  189  Heredity   [      8    ]   -40.215   127.051   2.937    -40.215 [ 5  3  3]   2  0.084  1.781  1.647
  9  190  Heredity   [      8    ]   -39.054   156.007   2.392    -39.054 [ 4  3  3]   1  0.195  1.786  1.400
  9  191  Heredity   [      8    ]   -41.134   171.629   2.174    -41.134 [ 5  3  3]   1  0.067  2.272  2.136
  9  192  Heredity   [      8    ]   -39.860   145.454   2.565    -39.860 [ 5  3  4]   1  0.175  1.792  1.457
  9  193  Heredity   [      8    ]   -42.289   159.546   2.338    -42.289 [ 3  3  5]   2  0.060  2.204  2.089
  9  194  Heredity   [      8    ]   -40.300   158.661   2.352    -40.300 [ 4  3  4]  10  0.094  2.205  2.016
  9  195  Heredity   [      8    ]   -40.176   143.138   2.607    -40.176 [ 5  3  3]   1  0.167  1.927  1.594
  9  196  Heredity   [      8    ]   -40.053   138.746   2.689    -40.053 [ 4  3  5]   1  0.145  1.908  1.632
  9  197  Heredity   [      8    ]   -40.850   162.467   2.296    -40.850 [ 5  3  3]   1  0.108  2.195  1.970
  9  198   Random    [      8    ]   -40.477   123.111   3.031    -40.477 [ 4  3  4]  65  0.000  2.494  2.500
  9  199   Random    [      8    ]   -40.149   135.691   2.750    -40.149 [ 4  4  4]   6  0.194  2.007  1.573
  9  200   Random    [      8    ]   -43.328   163.459   2.283    -43.328 [ 5  3  3] 227  0.000  3.968  3.971
  9  201 LatMutate   [      8    ]   -39.714   137.704   2.709    -39.714 [ 5  3  4]   1  0.154  1.828  1.538
  9  202 LatMutate   [      8    ]   -40.028   131.114   2.846    -40.028 [ 4  4  4]   1  0.130  1.856  1.620
  9  203 softmutate  [      8    ]   -40.729   143.800   2.595    -40.729 [ 4  4  4]   1  0.091  1.960  1.798
  9  204 softmutate  [      8    ]   -40.887   149.389   2.497    -40.887 [ 3  3  5]   1  0.160  2.016  1.682
  9  205 softmutate  [      8    ]   -40.992   159.232   2.343    -40.992 [ 5  3  3]   2  0.119  2.169  1.897
  9  206 softmutate  [      8    ]   -39.080   163.173   2.287    -39.080 [ 5  3  3]   2  0.108  1.904  1.710
  9  207 keptBest    [      8    ]   -43.368   163.391   2.283    -43.368 [ 4  4  4] 227  0.000  4.076  4.080
  9  208 keptBest    [      8    ]   -42.060   165.203   2.258    -42.060 [ 3  3  5]  10  0.075  2.521  2.347
  9  209 keptBest    [      8    ]   -40.704   121.732   3.065    -40.704 [ 4  4  3]  12  0.027  2.303  2.253
 10  210  Heredity   [      8    ]   -40.070   144.909   2.575    -40.070 [ 5  3  4]  12  0.165  2.050  1.690
 10  211  Heredity   [      8    ]   -40.671   125.362   2.976    -40.671 [ 3  3  5]   1  0.090  1.978  1.815
 10  212  Heredity   [      8    ]   -42.579   166.030   2.247    -42.579 [ 4  4  3]   2  0.054  2.274  2.166
 10  213  Heredity   [      8    ]   -43.216   163.273   2.285    -43.216 [ 3  3  5]  62  0.003  3.460  3.456
 10  214  Heredity   [      8    ]   -41.362   167.850   2.223    -41.362 [ 5  3  3]   6  0.063  2.612  2.463
 10  215  Heredity   [      8    ]   -40.816   164.411   2.269    -40.816 [ 5  3  3]   1  0.115  2.012  1.793
 10  216  Heredity   [      8    ]   -41.655   163.598   2.281    -41.655 [ 5  3  3]   2  0.091  2.322  2.123
 10  217  Heredity   [      8    ]   -39.511   136.651   2.730    -39.511 [ 4  4  4]   1  0.123  1.924  1.697
 10  218  Heredity   [      8    ]   -40.348   143.763   2.595    -40.348 [ 5  3  3]   1  0.138  1.872  1.621
 10  219  Heredity   [      8    ]   -39.913   137.623   2.711    -39.913 [ 4  5  3]   1  0.160  1.844  1.544
 10  220   Random    [      8    ]   -39.912   157.337   2.371    -39.912 [ 4  3  4]   2  0.114  1.952  1.735
 10  221   Random    [      8    ]   -39.711   125.594   2.971    -39.711 [ 5  4  3]   2  0.118  1.752  1.554
 10  222   Random    [      8    ]   -39.460   134.843   2.767    -39.460 [ 4  4  4]   1  0.159  1.805  1.509
 10  223 LatMutate   [      8    ]   -41.766   144.786   2.577    -41.766 [ 5  5  2]  17  0.089  2.519  2.310
 10  224 LatMutate   [      8    ]   -40.450   145.647   2.562    -40.450 [ 4  4  4]   1  0.110  1.952  1.748
 10  225 softmutate  [      8    ]   -40.163   150.982   2.471    -40.163 [ 5  3  3]   1  0.166  1.919  1.577
 10  226 softmutate  [      8    ]   -39.706   155.972   2.392    -39.706 [ 5  3  3]   1  0.147  1.974  1.686
 10  227 softmutate  [      8    ]   -40.675   149.834   2.490    -40.675 [ 3  3  5]   1  0.116  2.056  1.826
 10  228 softmutate  [      8    ]   -40.447   143.612   2.598    -40.447 [ 3  3  5]   1  0.150  1.938  1.640
 10  229 softmutate  [      8    ]   -40.594   175.115   2.131    -40.594 [ 5  3  3]   2  0.124  2.320  2.031
 10  230 keptBest    [      8    ]   -43.368   163.391   2.283    -43.368 [ 4  4  4] 227  0.000  4.076  4.080
 10  231 keptBest    [      8    ]   -42.060   165.203   2.258    -42.060 [ 3  3  5]  10  0.075  2.521  2.347
 10  232 keptBest    [      8    ]   -40.704   121.732   3.065    -40.704 [ 4  4  3]  12  0.027  2.303  2.253
 10  233 softmutate  [      8    ]   -40.227   160.129   2.330    -40.227 [ 5  3  3]   2  0.112  1.983  1.769
 11  234  Heredity   [      8    ]   -41.116   157.465   2.369    -41.116 [ 4  4  4]  17  0.022  2.507  2.463
 11  235  Heredity   [      8    ]   -39.970   136.856   2.726    -39.970 [ 3  3  5]   1  0.144  1.847  1.582
 11  236  Heredity   [      8    ]   -39.554   136.114   2.741    -39.554 [ 3  4  4]   1  0.172  1.843  1.509
 11  237  Heredity   [      8    ]   -40.308   147.949   2.522    -40.308 [ 3  3  5]   1  0.127  2.012  1.766
 11  238  Heredity   [      8    ]   -40.654   152.843   2.441    -40.654 [ 3  3  4]   1  0.142  1.938  1.669
 11  239  Heredity   [      8    ]   -41.381   159.411   2.340    -41.381 [ 3  3  5]   1  0.141  2.096  1.806
 11  240  Heredity   [      8    ]   -40.487   153.958   2.423    -40.487 [ 4  4  4]   1  0.150  1.981  1.681
 11  241  Heredity   [      8    ]   -40.410   142.594   2.616    -40.410 [ 5  3  4]   5  0.149  1.957  1.658
 11  242  Heredity   [      8    ]   -39.476   138.127   2.701    -39.476 [ 5  5  3]   1  0.177  1.779  1.449
 11  243  Heredity   [      8    ]   -40.185   161.867   2.305    -40.185 [ 3  3  4]   1  0.106  2.238  2.015
 11  244   Random    [      8    ]   -40.798   210.156   1.775    -40.798 [ 4  4  4] 229  0.001  3.216  3.218
 11  245   Random    [      8    ]   -40.018   151.997   2.455    -40.018 [ 4  4  4]   2  0.098  1.880  1.705
 11  246   Random    [      8    ]   -40.110   147.949   2.522    -40.110 [ 3  4  4]  12  0.054  2.151  2.048
 11  247 LatMutate   [      8    ]   -40.416   135.243   2.759    -40.416 [ 5  2  5]   1  0.159  1.803  1.508
 11  248 LatMutate   [      8    ]   -40.054   131.533   2.837    -40.054 [ 4  4  4]   1  0.168  1.763  1.455
 11  249 LatMutate   [      8    ]   -39.866   145.460   2.565    -39.866 [ 5  4  3]   1  0.160  1.753  1.469
 11  250 LatMutate   [      8    ]   -38.969   138.671   2.691    -38.969 [ 6  4  2]   1  0.169  1.765  1.454
 11  251 softmutate  [      8    ]   -39.636   140.737   2.651    -39.636 [ 4  5  3]   1  0.168  1.868  1.544
 11  252 softmutate  [      8    ]   -39.433   145.413   2.566    -39.433 [ 5  5  2]   1  0.184  1.861  1.483
 11  253 softmutate  [      8    ]   -38.750   163.593   2.281    -38.750 [ 3  4  3]   2  0.050  1.937  1.856
 11  254 keptBest    [      8    ]   -43.368   163.391   2.283    -43.368 [ 4  4  4] 227  0.000  4.076  4.080
 11  255 keptBest    [      8    ]   -42.060   165.203   2.258    -42.060 [ 3  3  5]  10  0.075  2.521  2.347
 11  256 keptBest    [      8    ]   -40.704   121.732   3.065    -40.704 [ 4  4  3]  12  0.027  2.303  2.253
 11  257 softmutate  [      8    ]   -40.069   142.274   2.622    -40.069 [ 4  5  3]   2  0.075  1.765  1.649
 12  258  Heredity   [      8    ]   -42.580   166.232   2.244    -42.580 [ 4  3  4]   2  0.059  2.283  2.164
 12  259  Heredity   [      8    ]   -39.728   177.245   2.105    -39.728 [ 4  3  4]   1  0.102  2.213  2.002
 12  260  Heredity   [      8    ]   -40.331   156.979   2.377    -40.331 [ 3  4  4]   1  0.148  1.956  1.668
 12  261  Heredity   [      8    ]   -39.903   150.851   2.473    -39.903 [ 3  3  5]   1  0.152  1.949  1.643
 12  262  Heredity   [      8    ]   -40.370   141.645   2.634    -40.370 [ 4  4  4]   2  0.114  1.927  1.718
 12  263  Heredity   [      8    ]   -39.656   134.554   2.773    -39.656 [ 4  4  4]   1  0.165  1.708  1.416
 12  264  Heredity   [      8    ]   -40.424   131.289   2.842    -40.424 [ 5  3  3]   1  0.154  1.821  1.535
 12  265  Heredity   [      8    ]   -40.832   135.232   2.759    -40.832 [ 3  3  5]   2  0.097  2.127  1.930
 12  266  Heredity   [      8    ]   -39.799   146.537   2.546    -39.799 [ 3  3  5]   1  0.177  1.953  1.582
 12  267   Random    [      8    ]   -39.887   124.254   3.003    -39.887 [ 6  4  3]   2  0.061  1.981  1.875
 12  268   Random    [      8    ]   -38.497   136.508   2.733    -38.497 [ 3  3  7]   7  0.097  2.081  1.891
 12  269   Random    [      8    ]   -40.305   120.347   3.100    -40.305 [ 4  4  3]  51  0.004  2.226  2.225
 12  270   Random    [      8    ]   -39.984   139.783   2.669    -39.984 [ 4  5  3]   1  0.186  1.830  1.464
 12  271   Random    [      8    ]   -39.872   158.990   2.347    -39.872 [ 3  4  4]  11  0.135  2.124  1.834
 12  272 LatMutate   [      8    ]   -40.534   165.512   2.254    -40.534 [ 5  3  3]   1  0.096  2.142  1.949
 12  273 LatMutate   [      8    ]   -41.124   159.543   2.339    -41.124 [ 3  3  5]  40  0.175  2.208  1.790
 12  274 softmutate  [      8    ]   -40.646   163.444   2.283    -40.646 [ 3  3  5]  11  0.126  2.246  1.961
 12  275 softmutate  [      8    ]   -39.298   145.946   2.556    -39.298 [ 4  3  4]   1  0.156  1.879  1.583
 12  276 softmutate  [      8    ]   -43.371   163.394   2.283    -43.371 [ 4  4  4]  12  0.000  4.240  4.244
 12  277 softmutate  [      8    ]   -42.066   173.193   2.154    -42.066 [ 3  3  4]   1  0.091  2.219  2.030
 12  278 keptBest    [      8    ]   -43.368   163.391   2.283    -43.368 [ 4  4  4] 227  0.000  4.076  4.080
 12  279 keptBest    [      8    ]   -42.060   165.203   2.258    -42.060 [ 3  3  5]  10  0.075  2.521  2.347
 12  280 keptBest    [      8    ]   -40.798   210.156   1.775    -40.798 [ 4  4  4] 229  0.001  3.216  3.218
 13  281  Heredity   [      8    ]   -39.763   151.923   2.456    -39.763 [ 3  4  4]   1  0.183  1.793  1.433
 13  282  Heredity   [      8    ]   -40.143   151.908   2.456    -40.143 [ 3  3  5]   1  0.122  1.946  1.716
 13  283  Heredity   [      8    ]   -40.616   129.818   2.874    -40.616 [ 5  5  2]   1  0.151  2.126  1.796
 13  284  Heredity   [      8    ]   -42.697   170.434   2.189    -42.697 [ 3  3  5]   2  0.115  2.248  1.990
 13  285  Heredity   [      8    ]   -40.416   143.218   2.605    -40.416 [ 3  3  5]   1  0.157  1.825  1.536
 13  286  Heredity   [      8    ]   -39.870   142.992   2.609    -39.870 [ 4  3  5]   1  0.162  1.799  1.499
 13  287  Heredity   [      8    ]   -40.454   155.200   2.404    -40.454 [ 3  3  5]   1  0.113  2.047  1.829
 13  288   Random    [      8    ]   -42.304   163.442   2.283    -42.304 [ 3  3  5]  58  0.018  2.544  2.509
 13  289   Random    [      8    ]   -39.095   127.776   2.920    -39.095 [ 3  3  6]   1  0.171  1.787  1.457
 13  290   Random    [      8    ]   -38.565   132.786   2.810    -38.565 [ 5  2  5]  12  0.002  2.453  2.456
 13  291   Random    [      8    ]   -38.089   190.229   1.961    -38.089 [ 3  3  4]   9  0.059  2.406  2.279
 13  292 LatMutate   [      8    ]   -40.204   164.758   2.265    -40.204 [ 3  5  3]   1  0.101  2.038  1.846
 13  293 LatMutate   [      8    ]   -39.813   156.168   2.389    -39.813 [ 3  3  6]   1  0.113  1.977  1.765
 13  294 LatMutate   [      8    ]   -39.669   123.675   3.017    -39.669 [ 4  3  6]   1  0.146  1.756  1.494
 13  295 LatMutate   [      8    ]   -40.191   128.563   2.902    -40.191 [ 4  5  3]   1  0.128  1.832  1.605
 13  296 LatMutate   [      8    ]   -41.206   156.328   2.387    -41.206 [ 5  3  3]   2  0.115  2.301  2.029
 13  297 softmutate  [      8    ]   -38.536   153.574   2.429    -38.536 [ 4  3  5]   1  0.141  1.894  1.626
 13  298 softmutate  [      8    ]   -40.283   154.462   2.415    -40.283 [ 2  4  5]   2  0.079  1.909  1.776
 13  299 softmutate  [      8    ]   -39.939   148.155   2.518    -39.939 [ 4  4  4]   1  0.168  1.856  1.520
 13  300 softmutate  [      8    ]   -39.821   133.903   2.786    -39.821 [ 4  4  4]   1  0.192  1.777  1.403
 13  301 keptBest    [      8    ]   -43.371   163.394   2.283    -43.371 [ 4  4  4]  12  0.000  4.240  4.244
 13  302 keptBest    [      8    ]   -42.580   166.232   2.244    -42.580 [ 4  3  4]   2  0.059  2.283  2.164
 13  303 keptBest    [      8    ]   -40.832   135.232   2.759    -40.832 [ 3  3  5]   2  0.097  2.127  1.930
