 ID    Origin    Enthalpy   Parent-E   Parent-ID
   1   Random      -5.047    -5.047  [         0]
   2   Random      -5.036    -5.036  [         0]
   3   Random      -5.084    -5.084  [         0]
   4   Random      -4.865    -4.865  [         0]
   5   Random      -4.937    -4.937  [         0]
   6   Random      -5.014    -5.014  [         0]
   7   Random      -4.882    -4.882  [         0]
   8   Random      -5.070    -5.070  [         0]
   9   Random      -4.928    -4.928  [         0]
  10   Random      -4.943    -4.943  [         0]
  11   Random      -5.034    -5.034  [         0]
  12   Random      -4.958    -4.958  [         0]
  13   Random      -5.050    -5.050  [         0]
  14   Random      -4.440    -4.440  [         0]
  15   Random      -5.014    -5.014  [         0]
  16   Random      -4.939    -4.939  [         0]
  17   Random      -5.006    -5.006  [         0]
  18   Random      -5.057    -5.057  [         0]
  19   Random      -5.064    -5.064  [         0]
  20   Random      -4.923    -4.923  [         0]
  21  Heredity     -5.024    -4.972  [     1  10]
  22  Heredity     -5.066    -5.044  [      6  3]
  23  Heredity     -5.034    -5.034  [    15   1]
  24  Heredity     -5.001    -5.033  [    15   3]
  25  Heredity     -5.011    -5.051  [     3  15]
  26  Heredity     -5.018    -5.059  [    11   3]
  27  Heredity     -4.955    -5.027  [    18  15]
  28  Heredity     -5.079    -5.061  [      3  2]
  29  Heredity     -5.070    -5.044  [     2  18]
  30  Heredity     -4.993    -5.051  [    11  18]
  31   Random      -5.287    -5.287  [         0]
  32   Random      -5.262    -5.262  [         0]
  33   Random      -4.972    -4.972  [         0]
  34   Random      -4.974    -4.974  [         0]
  35 LatMutate     -5.119    -5.047  [         1]
  36 LatMutate     -5.153    -5.084  [         3]
  37 softmutate    -4.991    -5.084  [         3]
  38 softmutate    -4.964    -5.084  [         3]
  39 softmutate    -4.993    -5.064  [        19]
  40 softmutate    -5.060    -5.064  [        19]
  41 keptBest      -5.084    -5.084  [         3]
  42 keptBest      -5.064    -5.064  [        19]
  43 keptBest      -5.057    -5.057  [        18]
  44  Heredity     -5.184    -5.090  [    22  36]
  45  Heredity     -5.121    -5.139  [    36  35]
  46  Heredity     -4.984    -5.170  [    35  31]
  47  Heredity     -5.121    -5.171  [    31  29]
  48  Heredity     -5.131    -5.162  [    32  24]
  49  Heredity     -5.032    -5.176  [    41  32]
  50  Heredity     -5.040    -5.068  [    35  23]
  51  Heredity     -4.938    -5.143  [    32  42]
  52  Heredity     -5.062    -5.131  [    36  35]
  53  Heredity     -5.042    -5.088  [    35  29]
  54   Random      -5.012    -5.012  [         0]
  55   Random      -5.084    -5.084  [         0]
  56   Random      -4.956    -4.956  [         0]
  57   Random      -4.883    -4.883  [         0]
  58 LatMutate     -5.105    -5.262  [        32]
  59 LatMutate     -5.020    -5.070  [        29]
  60 LatMutate     -4.996    -5.034  [        23]
  61 softmutate    -5.038    -5.119  [        35]
  62 softmutate    -4.956    -5.119  [        35]
  63 softmutate    -5.183    -5.153  [        36]
  64 keptBest      -5.287    -5.287  [        31]
  65 keptBest      -5.119    -5.119  [        35]
  66 keptBest      -5.064    -5.064  [        42]
  67 softmutate    -5.006    -5.153  [        36]
  68  Heredity     -4.986    -5.224  [    64  63]
  69  Heredity     -5.000    -5.183  [    44  63]
  70  Heredity     -4.985    -5.201  [    55  64]
  71  Heredity     -4.937    -5.165  [    48  44]
  72  Heredity     -5.072    -5.148  [    65  44]
  73  Heredity     -4.940    -5.113  [    55  63]
  74  Heredity     -5.199    -5.183  [    63  44]
  75  Heredity     -5.041    -5.103  [    52  44]
  76  Heredity     -4.979    -5.260  [    44  64]
  77  Heredity     -5.080    -5.096  [    55  65]
  78   Random      -5.006    -5.006  [         0]
  79   Random      -5.259    -5.259  [         0]
  80   Random      -4.965    -4.965  [         0]
  81 LatMutate     -5.053    -5.184  [        44]
  82 LatMutate     -5.013    -5.287  [        64]
  83 softmutate    -5.032    -5.287  [        64]
  84 softmutate    -5.028    -5.287  [        64]
  85 softmutate    -5.001    -5.084  [        55]
  86 softmutate    -5.045    -5.084  [        55]
  87 softmutate    -4.949    -5.119  [        65]
  88 keptBest      -5.287    -5.287  [        64]
  89 keptBest      -5.119    -5.119  [        65]
  90 keptBest      -5.064    -5.064  [        66]
  91 softmutate    -5.006    -5.119  [        65]
  92  Heredity     -5.003    -5.230  [    79  74]
  93  Heredity     -5.038    -5.280  [    88  79]
  94  Heredity     -4.989    -5.049  [    77  84]
  95  Heredity     -4.989    -5.214  [    89  88]
  96  Heredity     -4.959    -5.189  [    88  72]
  97  Heredity     -4.950    -5.088  [    86  89]
  98  Heredity     -4.972    -5.101  [    84  74]
  99  Heredity     -5.040    -5.064  [    77  81]
 100  Heredity     -4.923    -5.154  [    74  90]
 101  Heredity     -5.041    -5.096  [    89  81]
 102   Random      -5.072    -5.072  [         0]
 103   Random      -4.910    -4.910  [         0]
 104   Random      -4.976    -4.976  [         0]
 105   Random      -4.940    -4.940  [         0]
 106   Random      -4.735    -4.735  [         0]
 107 LatMutate     -5.010    -5.053  [        81]
 108 LatMutate     -5.322    -5.259  [        79]
 109 softmutate    -5.058    -5.287  [        88]
 110 softmutate    -5.011    -5.259  [        79]
 111 softmutate    -4.861    -5.259  [        79]
 112 keptBest      -5.287    -5.287  [        88]
 113 keptBest      -5.119    -5.119  [        89]
 114 keptBest      -5.064    -5.064  [        90]
 115  Heredity     -5.018    -5.214  [  108  113]
 116  Heredity     -4.986    -5.060  [  102  101]
 117  Heredity     -5.123    -5.198  [  101  108]
 118  Heredity     -5.018    -5.062  [   93  113]
 119  Heredity     -5.039    -5.219  [  102  112]
 120  Heredity     -5.071    -5.081  [  112  110]
 121  Heredity     -4.963    -5.052  [  102   99]
 122  Heredity     -5.421    -5.147  [  108  110]
 123   Random      -5.020    -5.020  [         0]
 124   Random      -5.006    -5.006  [         0]
 125   Random      -4.896    -4.896  [         0]
 126   Random      -5.010    -5.010  [         0]
 127 LatMutate     -5.170    -5.322  [       108]
 128 LatMutate     -4.975    -5.119  [       113]
 129 LatMutate     -4.999    -5.072  [       102]
 130 softmutate    -5.016    -5.322  [       108]
 131 softmutate    -5.403    -5.322  [       108]
 132 softmutate    -4.939    -5.119  [       113]
 133 softmutate    -5.026    -5.119  [       113]
 134 softmutate    -4.970    -5.322  [       108]
 135 keptBest      -5.322    -5.322  [       108]
 136 keptBest      -5.119    -5.119  [       113]
 137 keptBest      -5.040    -5.040  [        99]
 138 softmutate    -5.107    -5.322  [       108]
 139  Heredity     -5.044    -5.302  [  122  127]
 140  Heredity     -5.000    -5.154  [  117  127]
 141  Heredity     -4.975    -5.024  [  119  124]
 142  Heredity     -4.988    -5.123  [  135  115]
 143  Heredity     -5.032    -5.038  [  120  118]
 144  Heredity     -4.837    -5.039  [  137  119]
 145  Heredity     -5.100    -5.315  [  131  117]
 146  Heredity     -5.085    -5.284  [  122  117]
 147  Heredity     -4.929    -5.099  [  137  127]
 148   Random      -5.056    -5.056  [         0]
 149   Random      -5.021    -5.021  [         0]
 150   Random      -5.029    -5.029  [         0]
 151   Random      -4.583    -4.583  [         0]
 152 LatMutate     -5.133    -5.403  [       131]
 153 LatMutate     -4.994    -5.322  [       135]
 154 softmutate    -5.007    -5.170  [       127]
 155 softmutate    -5.403    -5.170  [       127]
 156 softmutate    -5.404    -5.403  [       131]
 157 softmutate    -5.404    -5.403  [       131]
 158 softmutate    -4.986    -5.123  [       117]
 159 keptBest      -5.421    -5.421  [       122]
 160 keptBest      -5.107    -5.107  [       138]
 161 keptBest      -5.040    -5.040  [       137]
 162 softmutate    -5.080    -5.123  [       117]
 163  Heredity     -5.106    -5.404  [  157  155]
 164  Heredity     -5.156    -5.143  [  155  139]
 165  Heredity     -4.958    -5.304  [  157  146]
 166  Heredity     -5.257    -5.279  [  157  160]
 167  Heredity     -5.025    -5.083  [  148  152]
 168  Heredity     -5.105    -5.100  [  152  146]
 169  Heredity     -5.066    -5.285  [  155  152]
 170  Heredity     -5.402    -5.404  [  157  155]
 171   Random      -5.056    -5.056  [         0]
 172   Random      -5.088    -5.088  [         0]
 173   Random      -4.969    -4.969  [         0]
 174   Random      -4.916    -4.916  [         0]
 175 LatMutate     -5.185    -5.133  [       152]
 176 LatMutate     -5.016    -5.404  [       157]
 177 LatMutate     -4.980    -5.403  [       155]
 178 softmutate    -5.065    -5.056  [       148]
 179 softmutate    -5.065    -5.056  [       148]
 180 softmutate    -5.020    -5.044  [       139]
 181 softmutate    -5.404    -5.404  [       157]
 182 keptBest      -5.421    -5.421  [       159]
 183 keptBest      -5.107    -5.107  [       160]
 184 keptBest      -5.056    -5.056  [       148]
 185 softmutate    -5.006    -5.044  [       139]
 186 softmutate    -5.404    -5.404  [       157]
 187  Heredity     -5.041    -5.272  [  186  164]
 188  Heredity     -4.999    -5.337  [  175  182]
 189  Heredity     -5.027    -5.311  [  186  163]
 190  Heredity     -4.882    -5.415  [  170  182]
 191  Heredity     -5.142    -5.403  [  186  170]
 192  Heredity     -4.983    -5.242  [  186  164]
 193  Heredity     -5.286    -5.309  [  175  170]
 194  Heredity     -5.037    -5.192  [  186  183]
 195  Heredity     -5.022    -5.192  [  172  170]
 196  Heredity     -5.007    -5.175  [  178  182]
 197  Heredity     -5.106    -5.403  [  170  186]
 198   Random      -5.060    -5.060  [         0]
 199   Random      -5.019    -5.019  [         0]
 200   Random      -5.416    -5.416  [         0]
 201 LatMutate     -4.964    -5.106  [       163]
 202 LatMutate     -5.004    -5.106  [       163]
 203 softmutate    -5.091    -5.421  [       182]
 204 softmutate    -5.111    -5.421  [       182]
 205 softmutate    -5.124    -5.402  [       170]
 206 softmutate    -4.885    -5.402  [       170]
 207 keptBest      -5.421    -5.421  [       182]
 208 keptBest      -5.257    -5.257  [       166]
 209 keptBest      -5.088    -5.088  [       172]
 210  Heredity     -5.009    -5.118  [  204  205]
 211  Heredity     -5.084    -5.197  [  191  193]
 212  Heredity     -5.322    -5.120  [  205  204]
 213  Heredity     -5.402    -5.265  [  208  193]
 214  Heredity     -5.170    -5.173  [  193  197]
 215  Heredity     -5.102    -5.116  [  197  205]
 216  Heredity     -5.207    -5.330  [  205  207]
 217  Heredity     -4.939    -5.212  [  197  208]
 218  Heredity     -5.044    -5.116  [  197  205]
 219  Heredity     -4.989    -5.104  [  209  204]
 220   Random      -4.989    -4.989  [         0]
 221   Random      -4.964    -4.964  [         0]
 222   Random      -4.933    -4.933  [         0]
 223 LatMutate     -5.221    -5.421  [       207]
 224 LatMutate     -5.056    -5.124  [       205]
 225 softmutate    -5.020    -5.106  [       197]
 226 softmutate    -4.963    -5.106  [       197]
 227 softmutate    -5.084    -5.286  [       193]
 228 softmutate    -5.056    -5.286  [       193]
 229 softmutate    -5.074    -5.124  [       205]
 230 keptBest      -5.421    -5.421  [       207]
 231 keptBest      -5.257    -5.257  [       208]
 232 keptBest      -5.088    -5.088  [       209]
 233 softmutate    -5.028    -5.124  [       205]
 234  Heredity     -5.140    -5.375  [  212  230]
 235  Heredity     -4.996    -5.415  [  213  230]
 236  Heredity     -4.944    -5.355  [  223  213]
 237  Heredity     -5.039    -5.222  [  231  216]
 238  Heredity     -5.082    -5.308  [  231  230]
 239  Heredity     -5.173    -5.361  [  231  213]
 240  Heredity     -5.061    -5.387  [  230  212]
 241  Heredity     -5.051    -5.240  [  231  216]
 242  Heredity     -4.935    -5.245  [  223  231]
 243  Heredity     -5.023    -5.359  [  231  213]
 244   Random      -5.100    -5.100  [         0]
 245   Random      -5.002    -5.002  [         0]
 246   Random      -5.014    -5.014  [         0]
 247 LatMutate     -5.052    -5.402  [       213]
 248 LatMutate     -5.007    -5.322  [       212]
 249 LatMutate     -4.983    -5.421  [       230]
 250 LatMutate     -4.871    -5.207  [       216]
 251 softmutate    -4.954    -5.221  [       223]
 252 softmutate    -4.929    -5.221  [       223]
 253 softmutate    -4.844    -5.421  [       230]
 254 keptBest      -5.421    -5.421  [       230]
 255 keptBest      -5.257    -5.257  [       231]
 256 keptBest      -5.088    -5.088  [       232]
 257 softmutate    -5.009    -5.421  [       230]
 258  Heredity     -5.323    -5.214  [  244  254]
 259  Heredity     -4.966    -5.147  [  244  239]
 260  Heredity     -5.041    -5.075  [  240  238]
 261  Heredity     -4.988    -5.101  [  255  237]
 262  Heredity     -5.046    -5.295  [  239  254]
 263  Heredity     -4.957    -5.199  [  244  255]
 264  Heredity     -5.053    -5.084  [  256  238]
 265  Heredity     -5.104    -5.267  [  239  254]
 266  Heredity     -4.975    -5.150  [  244  239]
 267   Random      -4.986    -4.986  [         0]
 268   Random      -4.812    -4.812  [         0]
 269   Random      -5.038    -5.038  [         0]
 270   Random      -4.998    -4.998  [         0]
 271   Random      -4.984    -4.984  [         0]
 272 LatMutate     -5.067    -5.421  [       254]
 273 LatMutate     -5.141    -5.421  [       254]
 274 softmutate    -5.081    -5.257  [       255]
 275 softmutate    -4.912    -5.257  [       255]
 276 softmutate    -5.421    -5.421  [       254]
 277 softmutate    -5.258    -5.421  [       254]
 278 keptBest      -5.421    -5.421  [       254]
 279 keptBest      -5.257    -5.257  [       255]
 280 keptBest      -5.100    -5.100  [       244]
 281  Heredity     -4.970    -5.301  [  258  277]
 282  Heredity     -5.018    -5.210  [  273  279]
 283  Heredity     -5.077    -5.083  [  269  280]
 284  Heredity     -5.337    -5.211  [  273  279]
 285  Heredity     -5.052    -5.252  [  273  276]
 286  Heredity     -4.984    -5.235  [  265  258]
 287  Heredity     -5.057    -5.266  [  273  258]
 288   Random      -5.288    -5.288  [         0]
 289   Random      -4.887    -4.887  [         0]
 290   Random      -4.821    -4.821  [         0]
 291   Random      -4.761    -4.761  [         0]
 292 LatMutate     -5.025    -5.258  [       277]
 293 LatMutate     -4.977    -5.258  [       277]
 294 LatMutate     -4.959    -5.104  [       265]
 295 LatMutate     -5.024    -5.421  [       276]
 296 LatMutate     -5.151    -5.323  [       258]
 297 softmutate    -4.817    -5.323  [       258]
 298 softmutate    -5.035    -5.323  [       258]
 299 softmutate    -4.992    -5.421  [       276]
 300 softmutate    -4.978    -5.421  [       276]
 301 keptBest      -5.421    -5.421  [       276]
 302 keptBest      -5.323    -5.323  [       258]
 303 keptBest      -5.104    -5.104  [       265]
