Gen   ID    Origin   Composition    Enthalpy   Volume  Density   Fitness   KPOINTS  SYMM  Q_entr A_order S_order
                                      (eV)     (A^3)  (g/cm^3)
  1    7   Random    [     16    ]  -107.641   175.645   1.817   -107.641 [ 1  1  1]   1  0.146  2.365  1.979
  2   62 keptBest    [     16    ]  -107.641   175.645   1.817   -107.641 [ 1  1  1]   1  0.146  2.365  1.979
  3   98 keptBest    [     16    ]  -107.641   175.645   1.817   -107.641 [ 1  1  1]   1  0.146  2.365  1.979
  4  134 keptBest    [     16    ]  -107.641   175.645   1.817   -107.641 [ 1  1  1]   1  0.146  2.365  1.979
  5  159 Permutate   [     16    ]  -109.865   167.798   1.902   -109.865 [ 1  1  1]   1  0.145  2.284  1.908
  6  206 keptBest    [     16    ]  -109.865   167.798   1.902   -109.865 [ 1  1  1]   1  0.145  2.284  1.908
  7  242 keptBest    [     16    ]  -109.865   167.798   1.902   -109.865 [ 1  1  1]   1  0.145  2.284  1.908
  8  278 keptBest    [     16    ]  -109.865   167.798   1.902   -109.865 [ 1  1  1]   1  0.145  2.284  1.908
  9  306 Permutate   [     16    ]  -110.587   153.862   2.074   -110.587 [ 1  1  1]   1  0.147  2.192  1.834
 10  349 keptBest    [     16    ]  -110.587   153.862   2.074   -110.587 [ 1  1  1]   1  0.147  2.192  1.834
 11  384 keptBest    [     16    ]  -110.587   153.862   2.074   -110.587 [ 1  1  1]   1  0.147  2.192  1.834
 12  420 keptBest    [     16    ]  -110.587   153.862   2.074   -110.587 [ 1  1  1]   1  0.147  2.192  1.834
 13  456 keptBest    [     16    ]  -110.587   153.862   2.074   -110.587 [ 1  1  1]   1  0.147  2.192  1.834
 14  492 keptBest    [     16    ]  -110.587   153.862   2.074   -110.587 [ 1  1  1]   1  0.147  2.192  1.834
 15  527 keptBest    [     16    ]  -110.587   153.862   2.074   -110.587 [ 1  1  1]   1  0.147  2.192  1.834
 16  563 keptBest    [     16    ]  -110.587   153.862   2.074   -110.587 [ 1  1  1]   1  0.147  2.192  1.834
 17  586   Random    [     16    ]  -113.835    90.856   3.512   -113.835 [ 1  1  1]  11  0.024  1.854  1.823
 18  635 keptBest    [     16    ]  -113.835    90.856   3.512   -113.835 [ 1  1  1]  11  0.024  1.854  1.823
 19  671 keptBest    [     16    ]  -113.835    90.856   3.512   -113.835 [ 1  1  1]  11  0.024  1.854  1.823
 20  696 Permutate   [     16    ]  -116.692    91.191   3.499   -116.692 [ 1  1  1]   2  0.021  1.604  1.586
 21  741 keptBest    [     16    ]  -116.692    91.191   3.499   -116.692 [ 1  1  1]   2  0.021  1.604  1.586
 22  776 keptBest    [     16    ]  -116.692    91.192   3.499   -116.692 [ 1  1  1]   2  0.021  1.604  1.586
 23  811 keptBest    [     16    ]  -116.692    91.192   3.499   -116.692 [ 1  1  1]   2  0.021  1.604  1.586
 24  846 keptBest    [     16    ]  -116.692    91.192   3.499   -116.692 [ 1  1  1]   2  0.021  1.604  1.586
 25  881 keptBest    [     16    ]  -116.692    91.192   3.499   -116.692 [ 1  1  1]   2  0.021  1.604  1.586
 26  917 keptBest    [     16    ]  -116.692    91.192   3.499   -116.692 [ 1  1  1]   2  0.021  1.604  1.586
 27  944 Permutate   [     16    ]  -117.997    90.204   3.538   -117.997 [ 1  1  1]   1  0.008  1.877  1.874
 28  987 keptBest    [     16    ]  -117.997    90.204   3.538   -117.997 [ 1  1  1]   1  0.008  1.877  1.874
 29 1022 keptBest    [     16    ]  -117.997    90.204   3.538   -117.997 [ 1  1  1]   1  0.008  1.877  1.874
 30 1057 keptBest    [     16    ]  -117.997    90.204   3.538   -117.997 [ 1  1  1]   1  0.008  1.877  1.874
 31 1093 keptBest    [     16    ]  -117.997    90.204   3.538   -117.997 [ 1  1  1]   1  0.008  1.877  1.874
 32 1128 keptBest    [     16    ]  -117.997    90.205   3.538   -117.997 [ 1  1  1]   1  0.008  1.877  1.874
 33 1153 Permutate   [     16    ]  -118.074    86.555   3.687   -118.074 [ 1  1  1]   2  0.003  2.169  2.174
 34 1198 keptBest    [     16    ]  -118.074    86.555   3.687   -118.074 [ 1  1  1]   2  0.003  2.169  2.174
 35 1214  Heredity   [     16    ]  -118.142    91.353   3.493   -118.142 [ 1  1  1]   2  0.009  1.921  1.917
 36 1268 keptBest    [     16    ]  -118.142    91.353   3.493   -118.142 [ 1  1  1]   2  0.009  1.921  1.917
 37 1304 keptBest    [     16    ]  -118.142    91.354   3.493   -118.142 [ 1  1  1]   2  0.009  1.921  1.917
 38 1339 keptBest    [     16    ]  -118.142    91.354   3.493   -118.142 [ 1  1  1]   2  0.009  1.921  1.917
 39 1374 keptBest    [     16    ]  -118.142    91.354   3.493   -118.142 [ 1  1  1]   2  0.009  1.921  1.917
 40 1409 keptBest    [     16    ]  -118.142    91.354   3.493   -118.142 [ 1  1  1]   2  0.009  1.921  1.917
 41 1444 keptBest    [     16    ]  -118.142    91.354   3.493   -118.142 [ 1  1  1]   2  0.009  1.921  1.917
 42 1479 keptBest    [     16    ]  -118.142    91.354   3.493   -118.142 [ 1  1  1]   2  0.009  1.921  1.917
 43 1514 keptBest    [     16    ]  -118.142    91.354   3.493   -118.142 [ 1  1  1]   2  0.009  1.921  1.917
 44 1550 keptBest    [     16    ]  -118.142    91.354   3.493   -118.142 [ 1  1  1]   2  0.009  1.921  1.917
 45 1586 keptBest    [     16    ]  -118.142    91.354   3.493   -118.142 [ 1  1  1]   2  0.009  1.921  1.917
 46 1621 keptBest    [     16    ]  -118.142    91.354   3.493   -118.142 [ 1  1  1]   2  0.009  1.921  1.917
 47 1656 keptBest    [     16    ]  -118.142    91.354   3.493   -118.142 [ 1  1  1]   2  0.009  1.921  1.917
 48 1691 keptBest    [     16    ]  -118.142    91.354   3.493   -118.142 [ 1  1  1]   2  0.009  1.921  1.917
 49 1726 keptBest    [     16    ]  -118.142    91.354   3.493   -118.142 [ 1  1  1]   2  0.009  1.921  1.917
 50 1762 keptBest    [     16    ]  -118.142    91.354   3.493   -118.142 [ 1  1  1]   2  0.009  1.921  1.917
