-74.773 -72.931 -99.489 -100.498 -100.498
-97.145 -99.803 -97.199 -98.443 -98.443
-40.738 -41.168 -102.893 -103.965 -103.965
-109.930 -105.333 -101.178 -101.877 -101.877
-99.794 -99.380 -98.055 -98.848 -98.848
-75.588 -81.003 -84.393 -90.599 -90.600
-71.475 -72.012 -103.328 -107.641 -107.641
-66.065 -66.872 -70.697 -71.777 -71.784
-60.595 -61.003 -96.842 -101.935 -101.935
-84.109 -85.660 -98.510 -99.606 -99.607
-41.208 -46.285 -64.996 -76.199 -76.254
-66.207 -71.702 -75.645 -76.917 -76.935
-71.020 -71.692 -71.428 -81.798 -81.798
-60.002 -60.301 -88.053 -90.309 -95.494
-56.928 -73.808 -73.225 -73.871 -73.871
-61.551 -61.748 -103.094 -104.614 -104.614
-50.954 -51.450 -74.594 -76.572 -76.627
-72.714 -73.506 -97.914 -99.293 -99.293
-90.569 -91.857 -91.115 -91.842 -91.843
-60.551 -61.339 -91.948 -95.489 -95.489
-81.627 -82.462 -98.384 -102.309 -102.309
-52.377 -53.121 -52.747 -53.209 -53.209
-55.624 -56.550 -69.339 -71.750 -71.751
-86.164 -86.997 -86.148 -86.765 -86.765
-102.731 -104.067 -104.029 -104.537 -104.537
-76.470 -77.223 -81.309 -82.120 -82.135
-71.386 -72.008 -88.729 -91.392 -91.400
-90.498 -91.094 -100.751 -101.759 -101.759
-100.609 -102.670 -102.861 -103.593 -103.593
-79.695 -80.874 -94.265 -99.453 -99.453
-94.817 -95.794 -95.047 -95.833 -95.834
-80.990 -81.687 -90.142 -91.375 -91.384
-97.560 -99.033 -98.616 -99.310 -99.310
-80.135 -81.334 -80.737 -81.397 -81.398
-95.643 -96.009 -96.013 -96.973 -96.978
-90.068 -90.944 -90.418 -90.950 -90.951
-101.835 -102.940 -102.107 -102.670 -102.670
-94.486 -95.557 -94.787 -95.377 -95.377
-98.531 -99.356 -98.692 -99.328 -99.328
-103.492 -105.454 -104.114 -104.873 -104.873
-93.889 -94.858 -93.801 -94.781 -94.781
-95.235 -96.167 -100.480 -102.007 -102.007
-85.232 -86.176 -85.411 -86.208 -86.214
-75.167 -76.884 -76.215 -76.965 -76.967
-20.055 -78.721 -77.817 -78.730 -78.736
-80.884 -81.699 -80.988 -81.772 -81.778
-42.530 -45.875 -93.538 -96.294 -96.294
-98.471 -100.292 -101.597 -102.202 -102.202
-65.434 -70.427 -75.660 -80.303 -80.331
-103.965 -103.026 -101.077 -101.887 -101.887
-104.537 -104.983 -104.044 -104.901 -104.901
-103.965 -101.517 -102.253 -103.139 -103.139
-102.235 -102.134 -103.389 -104.865 -104.865
-101.935 -102.006 -101.485 -102.162 -102.162
-99.293 -98.550 -98.296 -98.977 -98.977
-68.809 -71.026 -70.394 -71.099 -71.099
-57.779 -61.379 -80.275 -81.721 -81.767
-100.672 -100.835 -99.672 -100.782 -100.782
-70.224 -70.840 -78.494 -80.929 -80.977
-56.004 -56.626 -104.084 -105.608 -105.608
-71.056 -71.743 -75.319 -76.939 -76.942
-71.475 -72.012 -103.328 -107.641 -107.641
-102.731 -104.067 -104.029 -104.537 -104.537
-40.738 -41.168 -102.893 -103.965 -103.965
-81.627 -82.462 -98.384 -102.309 -102.309
-109.930 -105.333 -101.178 -101.876 -101.876
-93.587 -94.572 -96.117 -97.367 -97.367
-76.197 -81.698 -87.146 -90.825 -90.825
-85.481 -86.221 -85.355 -86.225 -86.226
-84.996 -85.744 -85.707 -94.823 -94.823
-86.712 -87.665 -86.750 -87.589 -87.589
-99.314 -99.375 -98.262 -98.869 -98.869
-84.835 -90.141 -89.454 -90.150 -90.150
-88.028 -91.006 -96.258 -99.012 -99.012
-80.407 -81.397 -80.800 -81.425 -81.437
-94.600 -95.367 -94.752 -95.441 -95.441
-90.216 -91.357 -90.565 -91.403 -91.405
-98.928 -99.399 -100.131 -101.749 -101.749
-67.862 -75.581 -74.995 -75.597 -75.597
-87.436 -88.590 -87.842 -88.633 -88.635
-98.766 -99.840 -99.103 -99.757 -99.757
-88.409 -89.838 -88.968 -89.827 -89.827
-75.372 -76.471 -75.847 -76.597 -76.597
-99.713 -101.727 -100.155 -100.910 -100.910
-94.478 -95.386 -94.345 -95.281 -95.314
-65.216 -65.849 -79.773 -81.379 -81.379
-104.873 -103.252 -102.482 -103.118 -103.118
-104.873 -104.078 -102.375 -103.010 -103.010
-104.537 -104.876 -103.169 -103.854 -103.854
-105.608 -103.167 -104.137 -104.916 -104.916
-103.139 -100.871 -101.089 -102.071 -102.071
-80.804 -81.556 -81.109 -81.753 -81.757
-95.671 -96.364 -94.210 -95.967 -95.967
-90.066 -90.967 -90.198 -90.956 -90.974
-55.956 -56.590 -83.865 -85.803 -85.836
-65.898 -66.541 -82.650 -91.048 -91.048
-60.733 -66.507 -71.026 -88.272 -88.306
-71.475 -72.012 -103.328 -107.641 -107.641
-104.537 -104.983 -104.044 -104.901 -104.901
-40.738 -41.168 -102.893 -103.965 -103.965
-81.627 -82.462 -98.384 -102.309 -102.309
-109.930 -105.333 -101.178 -101.876 -101.876
-65.484 -66.188 -74.067 -75.898 -75.898
-81.912 -82.585 -81.846 -82.601 -82.634
-106.344 -107.565 -106.688 -107.330 -107.330
-104.918 -104.108 -102.293 -103.015 -103.015
-94.214 -95.028 -96.955 -98.090 -98.090
-90.406 -91.292 -90.524 -91.363 -91.369
-93.757 -94.210 -93.201 -93.882 -93.882
-92.897 -93.759 -92.924 -93.569 -93.569
-102.740 -103.178 -102.527 -103.318 -103.318
-80.525 -81.704 -81.133 -81.767 -81.776
-79.625 -80.903 -87.359 -94.724 -94.978
-101.036 -101.981 -99.967 -100.789 -100.789
-99.872 -101.097 -100.934 -101.730 -101.730
-95.859 -94.770 -92.666 -93.481 -93.481
-99.720 -101.831 -99.964 -100.785 -100.785
-85.895 -86.504 -85.717 -86.570 -86.589
-83.571 -86.571 -90.353 -95.847 -95.848
-71.234 -103.306 -101.645 -102.235 -102.235
-49.612 -61.372 -72.803 -76.559 -76.579
-34.130 -46.177 -75.670 -90.420 -90.428
-103.118 -103.240 -103.576 -104.197 -104.197
-102.071 -101.944 -101.247 -101.932 -101.932
-103.854 -103.305 -102.622 -103.777 -103.777
-103.965 -105.780 -102.230 -102.992 -102.992
-104.901 -103.279 -100.163 -101.064 -101.064
-50.450 -51.029 -80.273 -86.060 -86.100
-75.343 -76.113 -75.510 -76.187 -76.187
-69.977 -71.469 -77.914 -81.750 -81.763
-84.966 -85.765 -85.132 -85.819 -85.819
-56.490 -61.371 -63.633 -71.419 -71.421
-75.663 -76.090 -76.791 -80.998 -81.000
-71.475 -72.012 -103.328 -107.641 -107.641
-104.537 -104.983 -104.044 -104.901 -104.901
-40.738 -41.168 -102.893 -103.965 -103.965
-81.627 -82.462 -98.384 -102.309 -102.309
-109.930 -105.333 -101.178 -101.876 -101.876
-89.668 -90.672 -89.982 -90.671 -90.676
-65.477 -66.214 -89.704 -99.434 -99.434
-103.215 -103.831 -100.124 -101.882 -101.882
-94.219 -95.486 -94.683 -95.337 -95.337
-78.448 -80.693 -80.011 -80.742 -80.742
-89.802 -90.802 -90.151 -90.836 -90.836
-70.729 -71.378 -88.212 -91.022 -91.024
-101.765 -102.301 -101.153 -101.795 -101.795
-71.111 -76.172 -86.179 -95.155 -95.166
-98.978 -99.798 -99.008 -99.693 -99.694
-101.015 -101.561 -98.303 -100.273 -100.273
-80.129 -81.056 -80.466 -81.070 -81.071
-98.565 -99.541 -98.753 -99.579 -99.579
-100.546 -101.095 -102.759 -103.874 -103.874
-98.578 -98.800 -98.362 -99.338 -99.338
-78.223 -88.576 -87.727 -88.629 -88.647
-80.391 -81.053 -82.622 -86.155 -86.192
-40.718 -97.379 -96.011 -96.682 -96.682
-30.386 -30.655 -56.477 -61.663 -61.732
-96.725 -98.633 -97.330 -98.113 -98.113
-107.641 -107.154 -108.907 -109.865 -109.865
-101.064 -99.641 -95.726 -96.921 -96.921
-101.876 -95.579 -96.069 -97.779 -97.779
-103.015 -101.662 -100.953 -101.753 -101.753
-103.965 -104.583 -102.984 -103.683 -103.683
-69.854 -70.650 -99.055 -102.704 -102.704
-86.172 -86.855 -86.151 -86.944 -86.946
-75.197 -76.119 -86.524 -91.047 -91.047
-73.660 -76.513 -80.229 -81.335 -81.338
-75.250 -76.450 -75.943 -81.400 -81.433
-73.825 -75.612 -99.967 -103.649 -103.649
-71.475 -72.012 -103.328 -107.641 -107.641
-104.537 -104.983 -104.044 -104.901 -104.901
-40.738 -41.168 -102.893 -103.965 -103.965
-104.918 -104.108 -102.293 -103.015 -103.015
-81.627 -82.462 -98.384 -102.309 -102.309
-80.219 -80.994 -84.062 -86.231 -86.246
-85.517 -86.370 -85.656 -86.428 -86.450
-92.429 -95.173 -94.709 -95.347 -95.347
-105.046 -105.366 -104.671 -105.346 -105.346
-74.981 -76.446 -83.018 -94.998 -95.001
-75.918 -76.853 -76.341 -76.975 -76.975
-97.780 -99.128 -97.231 -97.949 -97.949
-100.944 -102.899 -102.197 -102.876 -102.876
-81.826 -82.570 -86.629 -87.763 -87.763
-97.523 -97.609 -96.767 -97.697 -97.697
-80.367 -80.928 -80.327 -81.044 -81.061
-102.610 -103.312 -102.648 -103.281 -103.281
-105.637 -106.464 -105.473 -106.314 -106.314
-74.683 -75.499 -74.896 -75.546 -75.552
-95.398 -96.059 -95.641 -96.376 -96.376
-40.630 -41.134 -103.065 -104.107 -104.107
-97.259 -98.981 -98.882 -99.534 -99.534
-91.624 -92.718 -91.942 -92.674 -92.676
-103.965 -104.047 -102.780 -103.412 -103.412
-97.184 -99.299 -98.401 -99.472 -99.491
-103.683 -102.615 -101.999 -102.707 -102.707
-107.641 -107.749 -106.627 -107.385 -107.385
-102.627 -102.442 -101.820 -102.694 -102.694
-103.015 -105.925 -104.778 -105.678 -105.678
-103.649 -103.664 -102.978 -103.685 -103.685
-45.429 -66.272 -78.715 -90.973 -90.986
-55.039 -56.624 -88.173 -95.590 -95.590
-79.928 -80.926 -91.604 -95.446 -95.446
-74.983 -76.816 -88.019 -91.306 -91.336
-67.376 -70.955 -73.556 -76.205 -76.207
-79.323 -86.082 -86.330 -90.620 -90.643
-107.641 -107.154 -108.907 -109.865 -109.865
-104.537 -104.983 -104.044 -104.901 -104.901
-40.738 -41.168 -102.893 -103.965 -103.965
-104.918 -104.108 -102.293 -103.015 -103.015
-81.627 -82.462 -98.384 -102.309 -102.309
-84.417 -85.829 -85.134 -85.924 -85.925
-97.851 -98.811 -97.565 -98.752 -98.752
-70.196 -70.990 -80.583 -95.219 -95.220
-98.216 -99.421 -98.435 -99.287 -99.287
-101.918 -102.367 -101.342 -102.036 -102.036
-83.291 -86.000 -85.512 -86.189 -86.201
-74.748 -75.433 -85.049 -97.444 -97.444
-86.855 -87.741 -88.986 -92.604 -92.608
-104.104 -105.843 -104.658 -105.519 -105.519
-80.356 -81.349 -80.679 -81.420 -81.422
-65.917 -66.545 -78.298 -85.942 -85.958
-73.439 -75.821 -95.642 -98.019 -98.019
-98.549 -99.888 -98.827 -99.571 -99.571
-74.894 -75.696 -94.714 -102.677 -102.677
-81.597 -82.366 -81.752 -82.398 -82.449
-81.827 -82.444 -81.597 -82.445 -82.448
-80.983 -81.617 -80.918 -81.778 -81.789
-99.534 -99.281 -101.596 -102.726 -102.726
-103.965 -101.912 -101.747 -102.729 -102.729
-109.865 -110.045 -108.077 -108.770 -108.770
-103.015 -99.060 -105.793 -107.074 -107.074
-103.412 -104.589 -105.480 -106.217 -106.217
-107.385 -107.580 -106.205 -106.886 -106.886
-103.015 -104.000 -102.131 -103.121 -103.121
-104.107 -104.146 -102.986 -103.710 -103.710
-55.988 -61.692 -95.474 -102.529 -102.529
-75.728 -76.565 -79.423 -81.730 -81.775
-94.158 -95.317 -94.615 -95.271 -95.271
-55.685 -56.241 -65.540 -66.568 -66.578
-64.482 -66.077 -69.588 -71.444 -71.445
-92.316 -93.165 -93.152 -93.800 -93.800
-107.641 -107.154 -108.907 -109.865 -109.865
-103.015 -105.925 -104.778 -105.678 -105.678
-105.046 -105.366 -104.671 -105.346 -105.346
-104.537 -104.983 -104.044 -104.901 -104.901
-40.630 -41.134 -103.065 -104.107 -104.107
-80.579 -81.309 -80.761 -81.409 -81.410
-99.637 -99.707 -99.845 -100.779 -100.779
-95.081 -96.097 -95.450 -96.131 -96.131
-89.867 -90.652 -89.916 -90.678 -90.678
-100.411 -101.105 -99.950 -100.635 -100.635
-103.648 -102.960 -102.132 -102.905 -102.905
-108.013 -107.261 -107.222 -107.896 -107.896
-99.428 -98.942 -97.224 -97.854 -97.854
-87.666 -88.602 -87.846 -88.588 -88.596
-94.424 -95.653 -94.879 -95.729 -95.749
-75.890 -76.547 -79.513 -81.407 -81.407
-96.937 -97.841 -97.493 -98.234 -98.235
-99.692 -100.724 -100.245 -100.985 -100.985
-102.669 -103.236 -102.923 -103.644 -103.644
-79.974 -81.312 -89.029 -91.381 -91.394
-50.732 -70.778 -100.113 -101.200 -101.200
-80.279 -80.969 -80.440 -81.022 -81.026
-71.510 -72.031 -71.294 -72.123 -72.153
-107.074 -108.266 -104.680 -105.864 -105.864
-106.886 -106.364 -104.588 -105.227 -105.227
-104.107 -103.299 -102.204 -103.039 -103.039
-105.678 -102.782 -100.217 -101.178 -101.178
-102.465 -102.199 -101.346 -102.379 -102.379
-105.678 -103.685 -101.054 -101.741 -101.741
-93.800 -93.946 -92.793 -93.619 -93.619
-60.463 -60.995 -70.324 -76.580 -76.587
-70.187 -76.208 -75.583 -76.257 -76.265
-93.795 -95.408 -94.601 -95.488 -95.489
-87.619 -88.439 -87.594 -88.459 -93.328
-70.477 -71.277 -70.813 -71.464 -71.472
-56.860 -60.957 -65.107 -66.249 -66.254
-107.641 -107.154 -108.907 -109.865 -109.865
-103.015 -99.060 -105.793 -107.074 -107.074
-103.015 -105.925 -104.778 -105.678 -105.678
-74.748 -75.433 -85.049 -97.444 -97.444
-70.196 -70.990 -80.583 -95.220 -95.220
-99.841 -100.632 -99.693 -100.528 -100.528
-90.246 -91.358 -90.518 -91.347 -91.352
-95.426 -96.755 -96.188 -96.985 -96.986
-96.836 -96.204 -94.840 -95.665 -95.666
-100.907 -103.314 -101.990 -102.774 -102.774
-76.557 -77.742 -81.579 -82.924 -82.951
-86.925 -90.356 -89.566 -90.393 -90.413
-77.111 -77.740 -77.067 -77.792 -77.792
-97.541 -98.083 -98.049 -101.799 -101.799
-94.588 -95.459 -94.810 -95.644 -95.644
-102.389 -103.699 -103.266 -103.910 -103.910
-65.406 -66.163 -82.705 -90.959 -90.984
-98.195 -99.769 -98.556 -99.375 -99.375
-97.325 -98.189 -97.517 -98.203 -98.203
-100.321 -100.733 -100.525 -101.202 -101.202
-59.906 -60.364 -59.697 -60.381 -60.400
-75.634 -76.445 -79.084 -81.755 -81.781
-61.289 -61.852 -62.407 -66.653 -66.655
-109.865 -109.598 -107.284 -108.121 -108.121
-102.735 -101.386 -101.227 -102.407 -102.407
-103.644 -102.728 -101.817 -102.537 -102.537
-105.227 -105.371 -104.045 -104.818 -104.818
-101.200 -100.984 -100.124 -101.002 -101.002
-107.896 -110.217 -110.021 -110.587 -110.587
-107.896 -106.113 -104.679 -105.366 -105.366
-69.692 -70.924 -73.936 -76.231 -76.255
-70.714 -71.360 -85.547 -91.017 -91.017
-80.049 -80.751 -82.307 -85.983 -85.992
-67.010 -71.662 -85.520 -95.353 -95.354
-91.268 -95.532 -94.829 -95.653 -95.654
-60.327 -61.367 -65.577 -66.640 -66.640
-107.641 -107.154 -108.907 -109.865 -109.865
-108.013 -107.261 -107.222 -107.896 -107.896
-103.015 -99.060 -105.793 -107.074 -107.074
-102.669 -103.236 -102.923 -103.644 -103.644
-105.678 -103.685 -101.054 -101.741 -101.741
-85.813 -86.480 -85.910 -86.577 -86.578
-98.199 -97.933 -97.602 -98.567 -98.567
-98.841 -99.416 -98.413 -99.125 -99.125
-93.257 -94.358 -96.629 -97.780 -97.780
-86.612 -87.701 -86.952 -87.739 -87.753
-99.426 -98.725 -97.800 -98.605 -98.605
-103.986 -105.002 -103.766 -104.434 -104.434
-89.311 -90.990 -90.196 -90.985 -90.995
-96.548 -97.034 -96.272 -97.191 -97.191
-99.230 -101.400 -100.920 -101.624 -101.624
-88.641 -92.108 -91.213 -91.987 -92.001
-99.456 -100.218 -99.378 -100.026 -100.026
-100.039 -99.576 -97.016 -97.942 -97.942
-98.084 -100.556 -99.428 -100.166 -100.166
-101.794 -100.621 -103.230 -104.572 -104.572
-65.428 -71.433 -75.510 -76.623 -76.629
-50.849 -51.327 -69.906 -81.059 -81.059
-100.153 -100.806 -99.075 -99.750 -99.750
-104.818 -104.996 -101.247 -102.147 -102.147
-101.741 -102.000 -99.127 -100.193 -100.194
-107.074 -108.060 -105.776 -106.534 -106.534
-105.366 -105.770 -106.798 -107.470 -107.470
-102.077 -101.530 -98.267 -99.487 -99.487
-109.865 -110.442 -108.191 -109.046 -109.046
-99.288 -98.879 -97.770 -98.560 -98.560
-107.896 -107.774 -107.882 -108.609 -108.609
-84.396 -85.808 -92.770 -95.694 -95.694
-65.994 -66.470 -86.043 -89.572 -89.572
-100.074 -101.093 -100.362 -101.006 -101.006
-98.655 -100.414 -97.099 -97.770 -97.770
-107.896 -110.217 -110.021 -110.587 -110.587
-108.013 -107.261 -107.222 -107.896 -107.896
-103.015 -99.060 -105.793 -107.074 -107.074
-102.389 -103.699 -103.266 -103.910 -103.910
-102.735 -101.386 -101.227 -102.407 -102.407
-98.725 -100.116 -99.271 -100.026 -100.026
-87.015 -87.881 -87.182 -87.839 -87.842
-106.414 -105.449 -103.466 -104.218 -104.218
-90.692 -92.557 -95.088 -97.331 -97.331
-84.947 -85.687 -85.014 -85.800 -85.811
-101.080 -102.183 -102.477 -103.438 -103.438
-80.891 -81.696 -84.195 -86.577 -86.580
-94.800 -95.469 -94.190 -95.226 -95.258
-76.159 -76.862 -77.851 -86.268 -86.270
-66.314 -66.896 -77.349 -81.734 -81.769
-97.936 -99.247 -98.533 -99.203 -99.203
-99.113 -100.606 -99.634 -100.332 -100.332
-102.985 -102.657 -101.367 -102.531 -102.531
-103.986 -104.435 -103.267 -104.015 -104.015
-66.031 -66.893 -66.372 -66.906 -66.906
-61.696 -63.394 -105.741 -106.815 -106.815
-85.643 -91.213 -90.471 -91.248 -91.364
-104.434 -104.560 -105.183 -105.889 -105.889
-108.609 -107.598 -107.164 -107.815 -107.815
-110.587 -109.357 -107.139 -107.810 -107.810
-109.046 -108.419 -107.576 -108.128 -108.128
-107.896 -107.105 -108.480 -109.126 -109.126
-109.046 -107.015 -103.960 -104.648 -104.648
-107.896 -108.525 -107.551 -108.298 -108.298
-108.609 -109.064 -107.283 -107.975 -107.975
-107.470 -106.053 -107.327 -107.887 -107.887
-60.895 -61.403 -61.535 -66.237 -66.293
-70.596 -71.379 -83.431 -90.944 -91.001
-60.851 -61.376 -73.463 -76.615 -76.627
-80.567 -81.385 -95.414 -98.758 -98.758
-107.896 -110.217 -110.021 -110.587 -110.587
-108.013 -107.261 -107.222 -107.896 -107.896
-103.015 -99.060 -105.793 -107.074 -107.074
-102.389 -103.699 -103.266 -103.910 -103.910
-102.735 -101.386 -101.227 -102.407 -102.407
-96.564 -96.974 -97.026 -97.681 -97.681
-73.773 -80.577 -79.953 -80.656 -80.663
-79.969 -80.958 -80.264 -81.044 -81.047
-102.895 -104.201 -103.169 -103.776 -103.776
-97.803 -103.326 -102.536 -103.266 -103.266
-75.685 -76.454 -85.937 -89.934 -89.936
-77.672 -81.375 -84.982 -91.069 -91.077
-101.013 -102.033 -101.148 -101.662 -101.662
-79.637 -81.279 -80.735 -81.428 -81.431
-103.310 -103.896 -102.323 -103.322 -103.322
-109.698 -109.235 -108.734 -109.466 -109.466
-99.658 -100.952 -99.560 -100.432 -100.432
-105.028 -104.957 -104.712 -105.378 -105.378
-97.217 -98.227 -97.227 -97.927 -97.927
-93.751 -95.808 -94.983 -95.829 -95.830
-96.797 -99.068 -98.249 -98.983 -98.983
-104.186 -104.761 -101.811 -102.844 -102.843
-85.309 -86.176 -85.567 -86.231 -86.236
-109.126 -107.970 -103.727 -104.557 -104.557
-108.298 -110.302 -109.447 -110.059 -110.059
-107.975 -109.668 -107.922 -108.659 -108.659
-109.126 -108.659 -109.725 -110.385 -110.385
-107.896 -110.332 -108.773 -109.528 -109.528
-103.438 -103.347 -103.496 -104.187 -104.187
-106.815 -106.695 -103.343 -103.976 -103.976
-75.804 -76.496 -81.420 -86.576 -86.596
-84.688 -85.789 -84.980 -85.820 -85.840
-80.346 -80.946 -80.382 -80.995 -80.996
-100.962 -101.863 -100.670 -101.376 -101.376
-86.832 -87.656 -86.865 -87.670 -87.672
-89.078 -90.673 -90.058 -90.714 -90.715
-107.896 -110.217 -110.021 -110.587 -110.587
-108.013 -107.261 -107.222 -107.896 -107.896
-103.015 -99.060 -105.793 -107.074 -107.074
-109.046 -107.015 -103.960 -104.648 -104.648
-102.735 -101.386 -101.227 -102.407 -102.407
-98.437 -99.279 -98.743 -99.463 -99.463
-80.869 -81.627 -87.929 -91.014 -91.052
-98.964 -100.283 -98.954 -99.703 -99.703
-71.197 -76.520 -84.326 -86.949 -86.951
-95.180 -95.564 -94.848 -95.645 -95.645
-104.498 -104.834 -105.727 -106.820 -106.820
-95.639 -95.937 -94.937 -95.707 -95.707
-89.540 -90.961 -90.256 -90.970 -90.972
-105.005 -106.717 -106.983 -107.705 -107.705
-100.800 -101.437 -101.016 -101.934 -101.934
-93.892 -94.731 -93.800 -94.702 -94.704
-101.136 -102.639 -101.841 -102.415 -102.415
-89.288 -90.250 -89.552 -90.250 -90.250
-94.354 -96.004 -95.241 -96.044 -96.044
-70.461 -71.337 -81.192 -86.529 -86.576
-81.687 -82.461 -81.688 -82.474 -82.485
-60.998 -61.770 -77.321 -88.906 -88.906
-81.750 -82.433 -81.648 -82.461 -82.469
-104.505 -105.909 -105.541 -106.219 -106.219
-108.659 -109.551 -108.719 -109.329 -109.329
-102.232 -101.201 -98.862 -99.978 -99.978
-107.074 -103.940 -102.806 -103.491 -103.491
-107.896 -106.703 -104.173 -104.919 -104.919
-108.659 -108.738 -106.220 -106.878 -106.878
-103.322 -104.007 -105.804 -106.787 -106.787
-98.315 -98.857 -98.296 -99.022 -99.022
-77.981 -78.636 -78.158 -78.742 -78.745
-98.345 -99.539 -98.170 -98.891 -98.891
-45.388 -61.793 -75.694 -85.775 -85.775
-86.752 -91.269 -92.313 -95.535 -95.540
-74.736 -75.719 -75.183 -75.750 -75.763
-107.896 -110.217 -110.021 -110.587 -110.587
-108.013 -107.261 -107.222 -107.896 -107.896
-103.015 -99.060 -105.793 -107.074 -107.074
-109.046 -107.015 -103.960 -104.648 -104.648
-106.815 -106.695 -103.343 -103.976 -103.976
-95.039 -96.754 -95.030 -95.718 -95.718
-97.054 -98.029 -96.842 -97.694 -97.694
-83.684 -86.111 -85.442 -86.215 -86.215
-102.021 -102.825 -102.203 -102.875 -102.875
-102.338 -102.102 -100.899 -101.705 -101.705
-105.762 -104.152 -99.668 -100.893 -100.893
-80.201 -80.988 -84.599 -85.647 -85.658
-64.066 -66.141 -65.709 -66.313 -66.324
-99.599 -99.683 -96.315 -97.243 -97.243
-98.352 -97.262 -97.371 -98.247 -98.247
-101.513 -102.232 -102.313 -103.224 -103.224
-101.377 -103.003 -102.467 -103.206 -103.206
-62.241 -66.533 -74.589 -81.418 -81.435
-104.249 -105.440 -105.001 -105.666 -105.666
-105.773 -104.811 -105.427 -106.089 -106.089
-65.205 -70.859 -79.700 -80.810 -80.810
-81.805 -82.461 -81.931 -82.521 -82.525
-40.641 -56.327 -87.619 -91.051 -91.055
-107.896 -107.664 -104.953 -105.808 -105.808
-95.707 -94.874 -95.049 -95.760 -95.760
-106.219 -107.785 -106.513 -107.298 -107.298
-110.587 -108.716 -108.569 -109.323 -109.323
-109.329 -109.696 -105.737 -106.503 -106.503
-106.878 -106.184 -106.347 -107.091 -107.091
-107.896 -103.484 -104.474 -105.124 -105.124
-96.590 -99.020 -98.860 -99.696 -99.696
-89.494 -90.633 -89.922 -90.613 -90.619
-100.700 -101.122 -101.730 -102.499 -102.499
-95.724 -96.609 -95.629 -96.342 -96.342
-97.435 -99.094 -98.452 -99.220 -99.220
-80.456 -81.211 -80.528 -81.206 -81.234
-107.896 -110.217 -110.021 -110.587 -110.587
-108.013 -107.261 -107.222 -107.896 -107.896
-103.015 -99.060 -105.793 -107.074 -107.074
-109.046 -107.015 -103.960 -104.648 -104.648
-106.815 -106.695 -103.343 -103.976 -103.976
-100.499 -100.482 -99.434 -100.067 -100.067
-94.515 -99.300 -105.407 -106.460 -106.460
-72.733 -73.417 -72.816 -73.473 -73.476
-103.795 -104.736 -103.120 -103.734 -103.734
-101.744 -101.532 -101.463 -102.042 -102.042
-107.681 -108.264 -107.654 -108.310 -108.310
-88.909 -90.638 -90.114 -90.649 -90.664
-104.949 -106.071 -105.200 -105.954 -105.954
-106.135 -107.675 -107.054 -107.693 -107.693
-102.381 -103.429 -102.576 -103.462 -103.462
-98.886 -99.335 -98.109 -98.785 -98.785
-97.832 -98.459 -97.987 -98.792 -98.792
-85.578 -86.522 -85.964 -86.595 -86.602
-105.513 -106.955 -106.377 -107.185 -107.185
-106.294 -107.197 -106.134 -107.121 -107.121
-85.827 -86.907 -91.244 -95.672 -95.672
-40.510 -41.132 -43.381 -46.310 -46.349
-105.666 -104.384 -104.321 -105.077 -105.077
-107.091 -107.375 -107.823 -108.460 -108.460
-106.089 -106.107 -103.906 -104.569 -104.569
-107.896 -109.955 -108.493 -109.056 -109.056
-109.323 -108.256 -108.594 -109.388 -109.388
-107.298 -106.444 -107.245 -107.982 -107.982
-107.298 -107.009 -105.336 -105.999 -105.999
-65.971 -66.500 -66.055 -66.650 -66.650
-74.179 -80.126 -87.624 -90.210 -95.384
-75.737 -76.524 -84.496 -90.827 -90.828
-80.424 -81.283 -89.167 -91.369 -91.370
-51.730 -55.820 -77.873 -85.866 -85.866
-75.263 -76.457 -79.318 -81.402 -81.407
-107.896 -110.217 -110.021 -110.587 -110.587
-108.013 -107.261 -107.222 -107.896 -107.896
-106.878 -106.184 -106.347 -107.091 -107.091
-103.015 -99.060 -105.793 -107.074 -107.074
-106.815 -106.695 -103.343 -103.976 -103.976
-100.547 -101.499 -100.566 -101.225 -101.225
-101.808 -103.741 -103.307 -103.939 -103.939
-105.991 -106.779 -105.310 -106.086 -106.086
-104.589 -104.875 -102.242 -103.335 -103.335
-88.176 -88.907 -88.211 -88.908 -88.908
-103.180 -103.717 -101.008 -101.733 -101.733
-70.724 -76.537 -90.674 -95.624 -95.624
-108.469 -110.412 -108.890 -109.743 -109.743
-68.046 -68.628 -79.175 -83.825 -83.852
-105.074 -103.653 -101.862 -102.459 -102.459
-103.563 -102.937 -101.042 -101.769 -101.769
-101.291 -101.443 -97.526 -98.264 -98.264
-98.997 -100.051 -99.138 -99.725 -99.725
-100.575 -101.442 -100.089 -100.756 -100.756
-100.219 -99.592 -99.882 -100.613 -100.613
-101.161 -101.675 -100.757 -101.481 -101.481
-99.233 -101.091 -100.673 -101.586 -101.586
-74.165 -75.800 -88.465 -94.242 -94.242
-110.587 -108.218 -105.359 -106.067 -106.067
-104.569 -103.300 -101.280 -101.900 -101.900
-107.121 -105.007 -104.745 -105.737 -105.737
-109.056 -109.235 -107.214 -107.867 -107.867
-107.896 -107.357 -105.470 -106.157 -106.157
-106.460 -106.311 -106.511 -107.195 -107.195
-108.310 -109.430 -108.642 -109.316 -109.316
-99.390 -100.579 -100.229 -100.855 -100.855
-69.910 -70.895 -75.128 -76.219 -76.245
-79.564 -80.774 -96.451 -106.259 -106.259
-98.812 -99.858 -98.904 -99.497 -99.497
-75.441 -76.125 -96.065 -104.630 -104.630
-70.784 -71.342 -92.628 -94.978 -94.978
-107.896 -110.217 -110.021 -110.587 -110.587
-108.013 -107.261 -107.222 -107.896 -107.896
-106.878 -106.184 -106.347 -107.091 -107.091
-106.089 -106.107 -103.906 -104.569 -104.569
-106.815 -106.695 -103.343 -103.976 -103.977
-91.291 -92.121 -91.465 -92.156 -92.156
-76.245 -76.923 -76.424 -77.066 -77.073
-105.542 -106.567 -105.315 -106.066 -106.066
-91.119 -92.405 -91.625 -92.316 -92.316
-98.492 -99.572 -99.303 -99.857 -99.857
-70.731 -71.311 -72.537 -76.611 -76.632
-68.213 -71.322 -83.275 -91.141 -91.144
-97.684 -99.558 -97.878 -98.568 -98.568
-98.861 -98.900 -96.824 -97.492 -97.492
-105.986 -106.543 -106.577 -107.175 -107.175
-104.395 -104.941 -104.860 -105.615 -105.615
-105.783 -105.376 -102.801 -103.685 -103.685
-108.733 -110.357 -109.137 -109.799 -109.799
-98.951 -100.350 -99.948 -100.630 -100.630
-98.784 -99.491 -96.829 -97.797 -97.797
-87.275 -88.548 -87.896 -88.553 -88.563
-103.493 -102.171 -102.492 -103.322 -103.322
-70.424 -71.065 -70.657 -71.045 -71.063
-105.387 -110.363 -111.347 -113.835 -113.835
-106.157 -104.045 -104.110 -104.758 -104.758
-107.896 -106.688 -104.371 -105.098 -105.099
-107.896 -106.502 -102.798 -103.534 -103.534
-101.900 -102.242 -102.587 -103.391 -103.391
-109.743 -109.238 -108.609 -109.300 -109.300
-107.896 -103.196 -105.371 -105.937 -105.937
-65.526 -66.257 -101.852 -106.800 -106.800
-59.285 -60.954 -67.640 -76.101 -76.211
-78.806 -81.262 -80.707 -81.444 -81.447
-85.321 -86.172 -85.444 -86.209 -86.224
-99.684 -101.499 -99.010 -100.110 -100.110
-93.176 -97.670 -97.099 -97.666 -97.666
-107.896 -110.217 -110.021 -110.587 -110.587
-108.469 -110.412 -108.890 -109.743 -109.743
-106.878 -106.184 -106.347 -107.091 -107.091
-107.896 -107.357 -105.470 -106.157 -106.157
-106.815 -106.695 -103.343 -103.977 -103.977
-95.180 -96.469 -96.142 -96.927 -96.927
-90.723 -91.457 -90.345 -91.010 -91.010
-103.387 -104.142 -103.004 -103.631 -103.631
-100.056 -100.597 -100.152 -100.888 -100.888
-91.892 -92.432 -91.310 -92.100 -92.100
-106.336 -106.057 -104.587 -105.369 -105.369
-105.703 -105.868 -104.607 -105.475 -105.475
-101.337 -102.235 -101.018 -101.872 -101.872
-95.127 -95.893 -96.394 -97.245 -97.246
-96.291 -98.518 -104.818 -106.253 -106.253
-97.011 -97.692 -97.382 -98.211 -98.212
-93.045 -93.497 -91.629 -92.359 -92.359
-85.296 -86.125 -85.560 -86.207 -91.391
-102.329 -103.021 -101.148 -102.028 -102.028
-92.518 -93.323 -92.507 -93.286 -93.289
-99.527 -102.493 -100.972 -101.812 -101.812
-87.677 -89.480 -88.909 -89.464 -89.464
-61.869 -63.336 -68.873 -78.290 -78.291
-89.231 -90.213 -89.498 -90.254 -90.255
-109.743 -106.693 -103.491 -104.311 -104.311
-106.800 -103.597 -99.812 -100.393 -100.393
-109.743 -109.024 -107.920 -108.775 -108.775
-106.800 -105.490 -106.411 -107.182 -107.182
-109.300 -109.481 -107.374 -107.987 -107.987
-105.099 -106.479 -108.298 -109.101 -109.101
-66.736 -72.618 -98.902 -101.485 -101.485
-65.754 -71.313 -93.219 -95.797 -95.801
-74.317 -80.355 -79.787 -80.443 -80.445
-66.002 -66.520 -69.403 -76.628 -76.636
-70.788 -71.640 -83.375 -91.041 -91.047
-80.646 -81.312 -82.542 -86.576 -86.590
-105.387 -110.363 -111.347 -113.835 -113.835
-107.896 -110.217 -110.021 -110.587 -110.587
-108.469 -110.412 -108.890 -109.743 -109.743
-106.878 -106.184 -106.347 -107.091 -107.091
-107.896 -107.357 -105.470 -106.157 -106.157
-100.459 -101.571 -100.860 -101.578 -101.578
-98.244 -99.115 -103.117 -104.330 -104.330
-80.244 -80.995 -84.543 -86.235 -86.241
-96.152 -97.586 -96.598 -97.380 -97.380
-100.023 -100.726 -99.712 -100.530 -100.531
-80.706 -81.358 -83.453 -86.222 -86.241
-102.714 -102.812 -103.625 -104.785 -104.785
-94.968 -96.134 -98.556 -99.867 -99.868
-85.718 -86.516 -85.704 -86.602 -86.603
-87.254 -88.334 -97.333 -101.285 -101.285
-77.047 -77.777 -92.257 -94.939 -94.939
-94.707 -96.792 -96.539 -97.321 -97.323
-97.802 -98.618 -97.810 -98.515 -98.515
-93.111 -95.052 -93.312 -94.125 -94.126
-76.732 -77.382 -83.573 -86.038 -86.038
-54.956 -61.010 -82.684 -86.220 -86.224
-103.045 -103.033 -101.902 -102.577 -102.576
-59.548 -60.372 -87.970 -94.545 -94.545
-107.182 -105.603 -102.107 -102.734 -102.734
-102.028 -101.013 -101.493 -102.349 -102.349
-103.631 -103.038 -103.409 -104.080 -104.080
-104.311 -103.242 -103.710 -104.955 -104.955
-103.631 -104.238 -103.269 -103.987 -103.987
-106.157 -106.182 -106.155 -106.958 -106.958
-109.743 -109.220 -108.075 -108.797 -108.797
-55.774 -56.540 -66.810 -76.928 -76.933
-74.787 -76.082 -90.403 -95.349 -95.440
-80.785 -81.684 -80.970 -81.752 -81.783
-95.468 -96.687 -95.997 -96.672 -96.672
-84.101 -85.776 -85.104 -85.868 -85.869
-75.063 -80.637 -80.136 -80.762 -80.766
-105.387 -110.363 -111.347 -113.835 -113.835
-107.896 -110.217 -110.021 -110.587 -110.587
-108.469 -110.412 -108.890 -109.743 -109.743
-106.878 -106.184 -106.347 -107.091 -107.091
-107.896 -107.357 -105.470 -106.157 -106.157
-79.784 -80.822 -80.163 -80.844 -80.844
-101.174 -101.601 -100.255 -101.088 -101.088
-84.808 -85.957 -88.182 -90.913 -90.934
-85.710 -86.382 -85.743 -86.536 -86.556
-111.324 -111.023 -110.156 -110.863 -110.863
-90.434 -93.833 -93.064 -93.841 -93.841
-105.131 -106.364 -104.580 -105.393 -105.393
-97.915 -98.831 -100.789 -101.883 -101.883
-69.584 -76.144 -75.470 -76.227 -76.240
-97.571 -102.248 -103.462 -104.366 -104.366
-99.369 -100.590 -99.834 -100.564 -100.564
-107.711 -109.155 -107.160 -107.829 -107.829
-91.173 -91.656 -91.406 -92.193 -92.193
-108.292 -108.020 -107.662 -108.399 -108.399
-85.405 -86.158 -85.422 -86.179 -86.186
-81.108 -81.709 -95.160 -99.513 -99.513
-75.601 -76.495 -75.943 -76.612 -76.613
-60.094 -60.445 -97.672 -99.849 -99.853
-96.056 -104.903 -104.182 -105.409 -105.409
-109.743 -107.455 -106.676 -107.433 -107.433
-113.835 -116.000 -115.950 -116.692 -116.692
-113.835 -108.823 -98.998 -100.241 -100.242
-109.743 -110.047 -109.773 -110.769 -110.769
-107.091 -107.216 -107.016 -107.794 -107.794
-107.091 -106.833 -105.896 -106.610 -106.610
-110.587 -110.154 -109.514 -110.133 -110.133
-80.611 -81.280 -84.219 -86.523 -86.532
-77.749 -81.367 -80.698 -81.435 -81.438
-74.679 -81.280 -85.620 -99.382 -99.382
-80.279 -80.994 -80.157 -80.965 -80.996
-105.387 -110.363 -111.347 -113.835 -113.835
-107.896 -110.217 -110.021 -110.587 -110.587
-108.469 -110.412 -108.890 -109.743 -109.743
-106.878 -106.184 -106.347 -107.091 -107.091
-107.896 -107.357 -105.470 -106.157 -106.157
-93.841 -94.679 -94.026 -94.672 -94.672
-91.653 -92.507 -91.745 -92.529 -92.531
-97.242 -98.753 -97.841 -98.611 -98.611
-80.681 -81.373 -91.766 -96.539 -96.561
-101.079 -101.540 -101.206 -101.815 -101.815
-99.667 -100.450 -99.291 -100.216 -100.216
-104.862 -106.873 -106.985 -107.608 -107.608
-101.732 -104.702 -103.700 -104.437 -104.437
-102.127 -104.108 -103.202 -103.833 -103.833
-100.393 -100.767 -100.020 -100.650 -100.650
-101.182 -101.290 -98.483 -99.496 -99.496
-102.356 -103.448 -101.960 -102.814 -102.814
-99.740 -99.903 -99.210 -99.961 -99.962
-102.387 -103.345 -102.986 -103.755 -103.755
-97.302 -98.523 -103.444 -104.575 -104.575
-39.813 -41.209 -90.015 -94.135 -94.146
-40.620 -41.022 -59.386 -71.415 -71.417
-50.478 -51.362 -60.199 -71.395 -71.399
-107.433 -108.730 -106.215 -106.898 -106.898
-106.157 -107.918 -106.594 -107.370 -107.370
-113.835 -115.017 -105.763 -108.145 -108.145
-105.409 -104.052 -102.745 -103.723 -103.723
-113.835 -110.353 -101.852 -103.025 -103.025
-109.743 -108.886 -108.484 -109.179 -109.179
-110.587 -109.394 -109.535 -110.309 -110.309
-75.281 -75.861 -75.273 -75.987 -76.000
-65.556 -66.182 -99.127 -104.744 -104.744
-89.092 -90.979 -90.306 -90.997 -91.034
-89.319 -90.137 -89.513 -90.130 -90.130
-58.830 -61.343 -81.505 -90.061 -90.061
-113.835 -116.000 -115.950 -116.692 -116.692
-105.387 -110.363 -111.347 -113.835 -113.835
-111.324 -111.023 -110.156 -110.863 -110.863
-108.469 -110.412 -108.890 -109.743 -109.743
-106.878 -106.184 -106.347 -107.091 -107.091
-80.402 -81.299 -80.603 -81.407 -81.411
-107.743 -107.848 -106.200 -106.875 -106.875
-98.960 -101.090 -98.390 -99.443 -99.443
-101.707 -101.223 -99.056 -100.060 -100.060
-101.591 -101.612 -101.574 -102.224 -102.224
-105.267 -103.571 -103.919 -104.650 -104.650
-80.611 -81.316 -80.719 -81.470 -81.471
-102.531 -102.933 -102.531 -103.250 -103.250
-90.983 -91.904 -90.897 -91.344 -91.344
-100.247 -101.804 -100.773 -101.420 -101.420
-112.309 -114.056 -111.130 -112.215 -112.215
-99.258 -99.839 -101.386 -102.350 -102.350
-99.795 -101.418 -99.230 -100.307 -100.307
-102.726 -103.604 -101.731 -102.764 -102.765
-99.092 -100.701 -98.523 -99.239 -99.239
-40.234 -41.201 -62.858 -66.852 -66.856
-89.811 -90.979 -90.181 -90.993 -90.993
-44.627 -66.934 -72.703 -76.620 -76.627
-107.091 -106.600 -104.888 -105.675 -105.675
-110.309 -109.363 -105.636 -106.357 -106.357
-113.835 -108.943 -109.981 -111.021 -111.021
-109.179 -109.751 -108.404 -109.234 -109.234
-107.091 -104.715 -103.136 -103.878 -103.878
-113.835 -112.124 -109.448 -111.489 -111.489
-113.835 -105.513 -99.326 -100.568 -100.568
-109.743 -110.384 -109.649 -110.222 -110.222
-93.396 -94.227 -97.156 -98.959 -98.959
-79.658 -80.457 -79.887 -80.456 -80.493
-75.882 -76.833 -79.986 -82.087 -82.108
-72.131 -81.006 -82.635 -90.404 -90.410
-113.835 -116.000 -115.950 -116.692 -116.692
-105.387 -110.363 -111.347 -113.835 -113.835
-111.324 -111.023 -110.156 -110.863 -110.863
-113.835 -115.017 -105.763 -108.145 -108.145
-113.835 -110.353 -101.852 -103.025 -103.025
-102.853 -104.389 -103.814 -104.471 -104.471
-96.833 -97.497 -96.785 -97.513 -97.513
-105.378 -106.788 -107.029 -108.019 -108.019
-101.606 -102.761 -102.035 -102.772 -102.772
-94.538 -95.496 -94.784 -95.487 -95.487
-107.874 -108.949 -107.407 -107.994 -107.994
-113.700 -110.459 -109.814 -110.624 -110.624
-109.271 -107.836 -109.073 -109.682 -109.682
-103.690 -103.338 -101.618 -102.341 -102.341
-99.344 -99.920 -98.394 -99.364 -99.364
-111.399 -109.050 -98.988 -100.867 -100.867
-104.072 -105.826 -105.418 -106.053 -106.053
-89.909 -90.759 -90.167 -90.765 -90.765
-104.194 -104.318 -104.221 -105.104 -105.104
-94.077 -94.310 -94.265 -94.917 -94.917
-49.274 -50.163 -67.612 -75.662 -75.682
-81.072 -86.429 -85.552 -86.416 -86.416
-61.292 -61.777 -61.883 -66.995 -66.998
-112.215 -109.070 -113.411 -114.844 -114.857
-110.863 -110.261 -107.387 -108.189 -108.189
-105.675 -106.662 -106.986 -107.701 -107.701
-102.444 -101.887 -100.507 -101.566 -101.566
-111.489 -113.865 -109.207 -111.846 -111.846
-104.650 -104.889 -100.634 -101.407 -101.407
-111.019 -111.929 -115.297 -116.627 -116.627
-106.875 -106.174 -105.069 -105.710 -105.710
-84.467 -85.022 -89.176 -90.197 -90.197
-80.419 -81.309 -84.737 -86.577 -86.590
-102.040 -102.156 -101.247 -102.350 -102.350
-76.256 -76.851 -83.872 -91.036 -91.042
-113.835 -116.000 -115.950 -116.692 -116.692
-105.387 -110.363 -111.347 -113.835 -113.835
-113.835 -108.943 -109.981 -111.021 -111.021
-111.324 -111.023 -110.156 -110.863 -110.863
-113.835 -115.017 -105.763 -108.145 -108.145
-75.611 -76.166 -82.277 -86.235 -86.247
-106.599 -107.395 -106.683 -107.267 -107.267
-80.050 -80.712 -81.738 -85.611 -85.626
-89.326 -89.945 -89.147 -89.868 -89.868
-99.458 -101.514 -100.172 -100.796 -100.796
-103.212 -103.164 -101.884 -102.549 -102.549
-94.124 -94.358 -93.197 -93.969 -93.969
-94.939 -95.816 -94.964 -95.777 -95.777
-98.189 -103.110 -101.989 -102.767 -102.767
-110.655 -116.032 -114.874 -115.602 -115.602
-105.170 -104.888 -102.525 -103.494 -103.494
-102.217 -101.994 -102.352 -103.152 -103.152
-104.976 -106.293 -104.824 -105.559 -105.559
-100.975 -101.881 -99.938 -101.490 -101.490
-106.356 -107.021 -106.154 -106.870 -106.870
-71.461 -72.062 -74.506 -76.100 -76.103
-85.695 -86.539 -85.672 -86.651 -86.654
-105.731 -104.933 -103.543 -104.494 -104.494
-113.835 -115.136 -115.084 -116.437 -116.437
-111.018 -114.158 -111.542 -113.950 -113.950
-108.145 -105.292 -110.826 -112.784 -112.784
-113.835 -109.844 -107.373 -109.761 -109.761
-110.624 -111.249 -112.587 -113.161 -113.161
-111.846 -115.401 -108.914 -110.889 -110.889
-110.863 -109.051 -110.580 -111.314 -111.314
-111.019 -103.503 -96.974 -98.112 -98.112
-89.085 -90.149 -89.418 -90.167 -90.167
-80.559 -81.287 -82.286 -86.202 -86.215
-60.301 -61.391 -73.651 -81.758 -81.792
-79.227 -80.911 -80.427 -81.085 -81.093
-113.835 -116.000 -115.950 -116.692 -116.692
-105.387 -110.363 -111.347 -113.835 -113.835
-111.489 -113.865 -109.207 -111.846 -111.846
-113.835 -108.943 -109.981 -111.021 -111.021
-111.324 -111.023 -110.156 -110.863 -110.863
-114.859 -111.679 -113.059 -114.126 -114.126
-105.938 -106.187 -105.806 -106.720 -106.720
-94.487 -95.750 -98.068 -99.312 -99.312
-103.798 -103.494 -102.649 -103.414 -103.414
-102.859 -101.873 -102.519 -103.215 -103.215
-98.584 -98.755 -97.359 -98.310 -98.310
-114.436 -115.564 -111.016 -112.006 -112.006
-114.752 -109.744 -108.411 -111.379 -111.379
-104.064 -102.939 -102.741 -103.833 -103.833
-92.749 -97.391 -96.743 -97.546 -97.546
-115.203 -117.884 -114.243 -114.962 -114.962
-102.492 -102.805 -101.406 -102.126 -102.126
-97.611 -97.898 -96.611 -97.599 -97.599
-101.129 -101.849 -101.141 -101.970 -101.970
-68.514 -69.527 -68.340 -68.963 -68.963
-49.256 -59.333 -58.529 -59.367 -59.367
-40.305 -41.142 -41.022 -46.341 -46.345
-111.846 -114.570 -102.983 -104.154 -104.154
-111.020 -114.763 -115.136 -115.861 -115.861
-111.846 -107.108 -105.296 -107.929 -107.929
-116.437 -115.275 -112.815 -113.617 -113.617
-111.846 -107.862 -105.322 -107.866 -107.866
-116.692 -116.231 -113.479 -114.170 -114.170
-102.767 -102.467 -101.866 -102.594 -102.594
-107.267 -106.871 -107.222 -108.129 -108.129
-112.784 -111.081 -112.144 -114.195 -114.195
-115.118 -116.255 -110.227 -111.012 -111.012
-109.859 -101.688 -96.407 -97.643 -97.643
-74.291 -76.107 -83.483 -86.221 -86.229
-98.779 -100.735 -101.594 -102.337 -102.337
-113.835 -116.000 -115.950 -116.692 -116.692
-110.655 -116.032 -114.874 -115.602 -115.602
-111.018 -114.158 -111.542 -113.950 -113.950
-110.624 -111.249 -112.587 -113.161 -113.161
-111.489 -113.865 -109.207 -111.846 -111.846
-98.780 -99.063 -98.553 -99.286 -99.286
-80.557 -88.549 -89.454 -92.982 -92.982
-114.330 -110.821 -108.018 -108.799 -108.799
-69.570 -76.527 -92.524 -95.808 -95.809
-112.777 -114.693 -113.887 -114.547 -114.547
-104.443 -104.153 -100.353 -101.314 -101.314
-105.740 -106.866 -104.816 -105.539 -105.539
-114.859 -114.670 -116.027 -116.673 -116.673
-100.852 -101.671 -99.090 -99.956 -99.956
-94.115 -97.902 -96.726 -97.436 -97.436
-81.216 -86.151 -85.369 -86.194 -86.216
-115.204 -116.261 -113.395 -114.045 -114.045
-105.320 -106.429 -104.033 -105.356 -105.356
-111.533 -114.433 -112.439 -113.121 -113.121
-85.614 -86.919 -85.904 -86.631 -86.631
-59.449 -93.576 -91.843 -92.666 -92.667
-98.658 -99.698 -98.796 -99.716 -99.716
-116.692 -117.660 -113.044 -115.186 -115.186
-111.846 -103.072 -97.082 -98.379 -98.379
-113.617 -115.712 -113.839 -115.936 -115.936
-104.154 -101.543 -99.629 -100.776 -100.776
-103.215 -103.430 -102.356 -103.212 -103.212
-107.929 -108.671 -100.675 -101.427 -101.428
-116.692 -113.962 -111.645 -112.451 -112.451
-115.602 -115.395 -106.620 -107.687 -107.687
-112.006 -116.152 -112.627 -115.325 -115.325
-80.704 -81.280 -80.907 -90.396 -90.397
-105.920 -114.142 -110.573 -111.344 -111.344
-105.660 -101.494 -100.578 -102.067 -102.067
-94.398 -95.535 -99.408 -101.818 -101.818
-83.152 -84.086 -83.449 -84.175 -84.175
-113.835 -116.000 -115.950 -116.692 -116.692
-111.020 -114.763 -115.136 -115.861 -115.861
-112.784 -111.081 -112.144 -114.195 -114.195
-116.692 -116.231 -113.479 -114.170 -114.170
-111.018 -114.158 -111.542 -113.950 -113.950
-93.486 -94.346 -93.560 -94.309 -94.309
-97.736 -101.227 -99.778 -100.619 -100.619
-102.217 -100.781 -100.227 -101.142 -101.142
-99.709 -98.861 -101.813 -102.687 -102.687
-114.607 -113.005 -114.225 -114.925 -114.925
-105.605 -106.694 -106.226 -106.875 -106.875
-113.095 -117.991 -115.755 -116.683 -116.683
-100.233 -102.548 -100.810 -101.872 -101.872
-104.901 -105.612 -104.868 -105.729 -105.729
-89.419 -90.439 -89.743 -90.465 -90.465
-103.821 -105.310 -104.628 -105.161 -105.161
-105.888 -107.120 -106.543 -107.249 -107.249
-107.533 -108.274 -107.411 -108.092 -108.092
-98.873 -100.200 -100.281 -101.008 -101.008
-82.950 -85.780 -85.141 -85.798 -85.799
-66.293 -94.734 -101.223 -102.501 -102.501
-105.758 -106.478 -104.455 -105.171 -105.171
-115.936 -107.390 -111.426 -112.050 -112.050
-115.936 -115.071 -110.353 -110.972 -110.972
-101.154 -102.127 -99.144 -100.554 -100.554
-105.356 -102.945 -104.078 -105.055 -105.055
-115.936 -115.793 -112.536 -114.450 -114.450
-115.936 -116.864 -117.373 -117.997 -117.997
-112.364 -114.821 -111.847 -113.066 -113.066
-113.121 -114.474 -111.396 -112.141 -112.141
-107.229 -105.619 -106.476 -107.077 -107.077
-65.857 -66.477 -74.423 -86.612 -86.615
-97.827 -98.502 -102.169 -103.519 -103.519
-81.742 -82.375 -82.312 -86.959 -86.970
-115.969 -114.838 -113.664 -114.328 -114.328
-113.835 -116.000 -115.950 -116.692 -116.692
-113.617 -115.712 -113.839 -115.937 -115.937
-112.006 -116.152 -112.627 -115.326 -115.326
-116.692 -116.231 -113.479 -114.170 -114.170
-111.018 -114.158 -111.542 -113.950 -113.950
-83.303 -85.975 -85.303 -86.125 -86.137
-108.397 -109.529 -109.086 -109.838 -109.838
-84.802 -85.511 -85.994 -94.708 -94.771
-101.933 -102.459 -103.253 -104.324 -104.324
-104.798 -106.628 -104.395 -105.168 -105.168
-105.055 -105.249 -103.391 -104.358 -104.358
-98.645 -100.851 -100.305 -101.034 -101.034
-106.080 -107.698 -106.647 -107.457 -107.457
-107.908 -106.262 -106.071 -106.641 -106.641
-100.753 -101.011 -97.584 -98.586 -98.589
-94.956 -95.807 -95.121 -95.815 -95.815
-99.179 -99.576 -98.183 -98.980 -98.980
-99.632 -100.169 -98.166 -98.834 -98.834
-97.441 -99.058 -98.663 -99.347 -99.347
-40.727 -40.956 -66.528 -71.242 -71.372
-85.287 -85.967 -85.461 -86.100 -86.111
-58.910 -71.742 -88.348 -90.838 -90.907
-117.997 -116.122 -113.192 -113.788 -113.788
-105.729 -106.030 -105.551 -106.136 -106.136
-107.077 -107.116 -105.613 -106.206 -106.206
-114.925 -112.523 -110.971 -111.639 -111.639
-115.937 -115.063 -107.961 -109.113 -109.118
-113.950 -114.993 -113.110 -114.058 -114.058
-107.249 -107.264 -105.911 -106.751 -106.751
-113.066 -109.019 -112.175 -112.792 -112.792
-85.511 -86.158 -88.817 -95.696 -95.698
-80.684 -81.393 -107.535 -108.838 -108.838
-75.424 -76.478 -77.029 -81.440 -81.459
-60.752 -61.336 -91.138 -98.987 -98.987
-84.698 -85.536 -88.533 -90.143 -90.174
-115.936 -116.864 -117.373 -117.997 -117.997
-113.835 -116.000 -115.950 -116.692 -116.692
-112.006 -116.152 -112.627 -115.326 -115.326
-114.607 -113.005 -114.225 -114.925 -114.925
-115.936 -115.793 -112.536 -114.450 -114.450
-99.944 -100.381 -99.258 -100.272 -100.273
-114.355 -113.744 -110.143 -110.749 -110.749
-75.160 -75.725 -78.999 -80.675 -80.678
-109.491 -111.886 -108.574 -109.677 -109.677
-107.048 -107.110 -104.713 -105.303 -105.303
-82.129 -82.913 -82.285 -82.996 -83.004
-100.288 -101.541 -100.799 -101.465 -101.465
-101.355 -103.100 -102.261 -102.940 -102.940
-105.546 -107.055 -105.157 -106.066 -106.066
-107.684 -107.794 -103.527 -104.944 -104.944
-102.764 -103.681 -103.522 -104.441 -104.441
-106.215 -107.374 -106.705 -107.619 -107.619
-100.097 -100.265 -105.235 -106.486 -106.486
-101.635 -101.162 -100.506 -101.456 -101.456
-115.675 -114.128 -110.861 -111.608 -111.608
-102.845 -100.207 -99.251 -100.262 -100.262
-50.653 -51.201 -72.889 -76.504 -76.545
-61.438 -62.351 -70.135 -72.656 -77.833
-111.493 -114.470 -111.524 -115.084 -115.084
-104.358 -103.298 -103.758 -104.349 -104.349
-112.641 -114.210 -108.076 -110.420 -110.420
-112.558 -104.707 -94.912 -96.331 -96.331
-114.058 -108.362 -109.683 -110.325 -110.325
-105.168 -105.159 -105.704 -107.178 -107.178
-114.925 -115.262 -115.132 -115.808 -115.808
-102.432 -102.734 -98.937 -99.718 -99.718
-97.162 -98.039 -97.729 -98.395 -98.395
-96.442 -97.826 -97.718 -98.365 -98.365
-61.266 -61.741 -61.278 -67.000 -67.000
-92.967 -95.728 -94.825 -95.726 -95.726
-115.936 -116.864 -117.373 -117.997 -117.997
-113.835 -116.000 -115.950 -116.692 -116.692
-112.006 -116.152 -112.627 -115.326 -115.326
-114.607 -113.005 -114.225 -114.925 -114.925
-115.936 -115.793 -112.536 -114.450 -114.450
-101.174 -102.841 -100.911 -101.606 -101.606
-99.625 -98.887 -100.931 -102.088 -102.088
-103.839 -104.462 -103.841 -104.796 -104.796
-115.972 -115.036 -114.000 -114.663 -114.663
-89.923 -90.873 -90.172 -90.882 -90.882
-104.887 -103.816 -100.440 -101.312 -101.312
-105.330 -105.584 -103.719 -104.439 -104.439
-102.634 -102.066 -103.971 -105.033 -105.033
-102.650 -103.677 -102.110 -103.369 -103.369
-108.663 -111.003 -106.548 -107.471 -107.471
-101.413 -101.846 -100.312 -101.138 -101.138
-94.459 -95.860 -94.990 -95.825 -95.825
-106.813 -107.567 -105.493 -106.277 -106.277
-85.919 -86.812 -86.241 -86.935 -86.942
-89.065 -89.908 -89.171 -89.912 -89.912
-100.786 -101.709 -101.420 -102.054 -102.054
-89.368 -90.451 -92.382 -95.580 -95.581
-62.569 -66.840 -66.251 -66.958 -66.972
-60.909 -61.648 -68.918 -71.445 -71.447
-105.128 -105.438 -104.516 -105.217 -105.217
-117.997 -117.737 -113.737 -114.642 -114.642
-106.066 -106.104 -105.091 -105.854 -105.854
-112.670 -107.488 -104.302 -106.733 -106.734
-106.486 -106.290 -104.351 -105.117 -105.117
-116.692 -113.780 -114.511 -115.208 -115.208
-106.486 -105.990 -104.550 -105.275 -105.275
-80.204 -81.294 -80.869 -81.443 -81.443
-79.338 -81.717 -81.123 -81.759 -81.764
-100.185 -100.602 -99.135 -99.910 -99.910
-82.220 -82.945 -86.447 -87.793 -87.806
-115.936 -116.864 -117.373 -117.997 -117.997
-113.835 -116.000 -115.950 -116.692 -116.692
-112.006 -116.152 -112.627 -115.326 -115.326
-115.936 -115.793 -112.536 -114.450 -114.450
-115.675 -114.128 -110.861 -111.608 -111.608
-107.097 -109.678 -109.039 -109.918 -109.918
-70.359 -70.965 -70.401 -71.090 -71.099
-94.578 -95.353 -94.530 -95.250 -95.250
-91.330 -92.105 -91.394 -92.195 -92.207
-94.599 -95.799 -95.011 -95.815 -95.816
-93.702 -95.635 -97.838 -99.200 -99.200
-110.702 -114.596 -112.375 -114.789 -114.789
-70.955 -71.722 -79.216 -81.780 -81.800
-116.457 -116.302 -116.649 -117.364 -117.364
-76.259 -76.909 -76.315 -76.879 -76.879
-93.311 -94.667 -94.664 -95.956 -95.956
-97.315 -97.781 -96.772 -97.485 -97.485
-101.466 -102.626 -101.764 -102.951 -102.951
-100.114 -101.510 -100.897 -101.643 -101.643
-103.385 -104.884 -103.303 -104.710 -104.710
-103.119 -104.565 -103.995 -104.722 -104.722
-117.162 -116.033 -105.070 -106.168 -106.168
-105.087 -106.355 -105.971 -106.689 -106.689
-61.053 -61.662 -80.730 -82.105 -82.114
-35.135 -84.104 -106.966 -108.576 -108.576
-53.003 -54.496 -95.618 -100.164 -100.164
-117.997 -116.058 -115.013 -116.590 -116.591
-105.854 -103.774 -103.095 -104.210 -104.210
-114.663 -114.282 -111.641 -112.177 -112.177
-114.663 -108.707 -107.512 -108.073 -108.073
-116.692 -117.030 -115.610 -117.371 -117.371
-66.385 -66.984 -72.764 -76.971 -76.977
-107.979 -106.362 -106.445 -107.206 -107.207
-89.987 -90.441 -89.929 -90.450 -90.450
-89.383 -90.218 -89.460 -90.224 -90.224
-105.577 -108.995 -108.105 -108.858 -108.858
-115.936 -116.864 -117.373 -117.997 -117.997
-113.835 -116.000 -115.950 -116.692 -116.692
-112.006 -116.152 -112.627 -115.326 -115.326
-115.972 -115.036 -114.000 -114.663 -114.663
-115.675 -114.128 -110.861 -111.608 -111.608
-96.267 -96.873 -95.569 -96.403 -96.403
-95.382 -96.526 -96.809 -98.265 -98.265
-113.873 -115.166 -112.611 -113.461 -113.461
-105.060 -106.664 -105.740 -106.301 -106.301
-100.787 -101.575 -98.802 -99.708 -99.708
-99.559 -100.040 -99.110 -100.424 -100.424
-85.321 -86.054 -85.317 -86.062 -86.089
-105.431 -106.599 -104.269 -104.993 -104.993
-98.290 -98.761 -97.850 -98.777 -98.778
-97.268 -97.553 -97.268 -97.852 -97.852
-81.339 -82.098 -81.218 -82.128 -82.157
-80.221 -80.982 -80.350 -81.061 -81.061
-91.819 -92.843 -92.055 -92.829 -92.829
-77.138 -80.957 -82.028 -86.136 -86.175
-80.986 -85.932 -85.365 -85.959 -85.960
-65.979 -66.753 -75.487 -76.548 -76.564
-64.654 -66.824 -68.793 -72.173 -72.178
-101.502 -99.280 -101.778 -102.862 -102.862
-117.364 -117.489 -115.152 -115.996 -115.996
-114.789 -115.813 -113.290 -114.850 -114.850
-109.665 -109.164 -106.419 -107.205 -107.205
-112.177 -109.196 -105.823 -106.598 -106.598
-114.663 -113.642 -111.921 -112.572 -112.572
-117.997 -117.951 -116.065 -116.733 -116.733
-117.997 -118.022 -117.326 -117.976 -117.976
-98.255 -97.890 -97.581 -98.211 -98.211
-93.649 -94.594 -103.752 -105.300 -105.300
-81.851 -82.510 -88.894 -91.095 -91.096
-101.411 -106.454 -108.839 -112.247 -112.247
-61.306 -61.695 -70.155 -76.569 -76.594
-115.936 -116.864 -117.373 -117.997 -117.997
-113.835 -116.000 -115.950 -116.692 -116.692
-112.006 -116.152 -112.627 -115.326 -115.326
-110.702 -114.596 -112.375 -114.789 -114.789
-115.972 -115.036 -114.000 -114.663 -114.663
-117.085 -116.419 -115.924 -116.494 -116.495
-115.227 -115.348 -114.017 -114.792 -114.792
-103.246 -104.273 -103.403 -104.216 -104.216
-100.994 -101.029 -101.232 -102.189 -102.189
-98.352 -98.993 -98.174 -98.927 -98.927
-117.181 -115.788 -116.390 -117.113 -117.113
-97.692 -98.813 -97.736 -98.620 -98.621
-99.009 -99.766 -99.533 -100.199 -100.199
-104.541 -105.007 -103.326 -104.093 -104.093
-117.206 -116.968 -115.517 -116.167 -116.167
-96.107 -96.509 -96.108 -97.026 -97.026
-111.766 -115.408 -112.409 -113.197 -113.197
-103.709 -104.348 -103.747 -104.452 -104.452
-104.391 -104.473 -103.627 -104.689 -104.689
-100.051 -99.696 -100.014 -100.754 -100.754
-100.961 -101.950 -100.627 -101.497 -101.497
-71.084 -72.124 -71.480 -72.186 -72.186
-40.706 -41.050 -58.937 -61.366 -61.378
-40.701 -41.000 -62.392 -66.569 -66.603
-112.550 -114.876 -113.332 -116.054 -116.054
-112.217 -117.358 -115.275 -118.072 -118.074
-113.461 -111.764 -111.301 -112.053 -112.053
-112.671 -114.485 -110.899 -112.729 -112.729
-116.733 -114.871 -115.392 -116.044 -116.044
-117.997 -115.094 -113.216 -113.990 -113.990
-89.121 -89.538 -96.751 -98.198 -98.198
-81.725 -86.139 -88.970 -91.006 -91.010
-105.598 -109.148 -111.848 -112.713 -112.713
-75.749 -76.512 -75.831 -76.618 -76.623
-101.283 -104.357 -103.098 -104.427 -104.427
-115.936 -116.864 -117.373 -117.997 -117.997
-112.006 -116.152 -112.627 -115.326 -115.326
-114.789 -115.813 -113.290 -114.850 -114.850
-113.873 -115.166 -112.611 -113.461 -113.461
-114.663 -113.642 -111.921 -112.572 -112.572
-116.652 -116.814 -109.655 -110.323 -110.323
-117.372 -116.921 -116.305 -116.980 -116.980
-114.643 -113.516 -115.961 -116.624 -116.624
-110.388 -110.222 -108.458 -109.748 -109.748
-116.233 -117.317 -116.974 -117.819 -117.819
-101.669 -99.610 -98.376 -99.449 -99.449
-91.185 -91.899 -91.131 -91.887 -91.888
-97.213 -98.060 -97.027 -97.781 -97.781
-108.360 -109.329 -107.402 -108.703 -108.703
-100.995 -101.349 -100.598 -101.294 -101.294
-84.981 -85.852 -85.246 -85.846 -85.846
-80.259 -80.923 -82.841 -91.027 -91.031
-102.468 -101.546 -99.375 -100.620 -100.620
-117.108 -117.888 -117.356 -118.072 -118.072
-106.129 -106.287 -106.652 -108.552 -108.552
-98.997 -99.841 -97.703 -98.904 -98.904
-77.775 -78.590 -86.314 -96.709 -96.709
-40.485 -40.919 -64.426 -66.564 -66.588
-99.184 -99.937 -96.870 -97.925 -97.925
-92.308 -97.622 -96.500 -97.352 -97.352
-116.495 -116.895 -110.818 -111.436 -111.436
-112.053 -111.500 -112.446 -113.339 -113.339
-112.730 -116.410 -117.296 -118.063 -118.063
-116.167 -109.284 -110.149 -110.750 -110.750
-114.850 -115.450 -109.664 -111.552 -111.552
-112.520 -114.488 -106.966 -109.866 -109.866
-77.351 -80.927 -87.962 -91.114 -91.145
-100.911 -92.567 -87.011 -87.930 -87.930
-74.611 -76.467 -80.373 -81.390 -81.410
-88.970 -90.520 -89.988 -90.503 -90.503
-112.217 -117.358 -115.275 -118.074 -118.074
-117.181 -115.788 -116.390 -117.113 -117.113
-117.085 -116.419 -115.924 -116.495 -116.495
-112.550 -114.876 -113.332 -116.054 -116.054
-114.789 -115.813 -113.290 -114.850 -114.850
-102.129 -103.708 -103.112 -103.750 -103.750
-102.209 -103.298 -101.137 -102.126 -102.126
-112.825 -114.823 -109.118 -111.801 -111.801
-99.724 -100.053 -99.410 -100.227 -100.227
-100.579 -101.823 -101.198 -101.885 -101.885
-100.995 -102.780 -103.082 -103.730 -103.730
-116.953 -117.537 -115.326 -115.970 -115.970
-93.047 -93.987 -96.440 -97.962 -97.962
-103.459 -104.815 -103.457 -104.478 -104.478
-99.184 -98.968 -98.922 -99.930 -99.930
-112.062 -109.871 -109.904 -111.984 -111.984
-117.012 -117.095 -117.305 -118.142 -118.142
-86.023 -91.317 -90.575 -91.353 -91.368
-99.048 -98.917 -98.110 -98.895 -98.895
-86.904 -87.730 -86.816 -87.721 -87.760
-104.429 -104.748 -104.088 -104.800 -104.800
-98.966 -99.925 -104.361 -105.729 -105.729
-82.520 -89.087 -99.419 -103.004 -103.004
-83.515 -86.556 -89.913 -90.891 -90.891
-48.942 -49.524 -91.010 -93.659 -93.659
-118.054 -116.886 -115.706 -117.206 -117.206
-118.072 -118.200 -117.431 -118.141 -118.141
-116.624 -115.231 -116.097 -116.788 -116.788
-117.113 -114.463 -111.186 -113.298 -113.298
-114.850 -117.950 -115.026 -117.232 -117.238
-111.552 -106.944 -104.991 -105.763 -105.763
-108.705 -111.301 -109.197 -109.985 -109.985
-102.160 -102.351 -102.423 -103.090 -103.090
-70.277 -71.371 -74.930 -76.600 -76.603
-102.835 -104.956 -104.033 -104.705 -104.705
-112.217 -117.358 -115.275 -118.074 -118.074
-117.181 -115.788 -116.390 -117.113 -117.113
-112.550 -114.876 -113.332 -116.054 -116.055
-114.789 -115.813 -113.290 -114.850 -114.850
-114.850 -115.450 -109.664 -111.552 -111.552
-69.493 -73.395 -82.222 -83.431 -83.433
-103.477 -105.236 -104.890 -106.093 -106.093
-104.295 -106.826 -105.907 -106.557 -106.557
-100.283 -100.888 -98.736 -99.529 -99.529
-86.951 -87.745 -87.032 -87.772 -87.774
-98.608 -99.342 -99.110 -99.877 -99.877
-109.535 -105.983 -106.332 -106.983 -106.993
-113.335 -115.844 -115.846 -117.618 -117.618
-99.150 -99.662 -98.424 -99.117 -99.117
-103.093 -102.414 -102.560 -103.169 -103.169
-110.902 -108.106 -106.734 -109.995 -109.995
-115.525 -117.028 -112.946 -115.216 -115.216
-98.019 -98.573 -97.861 -98.584 -98.584
-103.918 -104.414 -103.124 -104.106 -104.106
-101.387 -101.795 -98.821 -99.613 -99.613
-91.160 -92.001 -90.598 -91.975 -91.975
-62.403 -63.385 -81.905 -83.319 -83.319
-60.652 -61.072 -84.885 -101.564 -101.564
-111.801 -101.323 -102.940 -104.713 -104.713
-111.801 -99.991 -95.475 -96.848 -96.848
-118.033 -117.163 -112.289 -112.975 -112.975
-117.238 -115.677 -105.672 -109.276 -109.276
-103.750 -103.921 -103.146 -103.803 -103.803
-117.113 -114.141 -112.681 -113.413 -113.413
-83.294 -84.046 -83.442 -84.205 -84.208
-113.871 -108.585 -103.387 -103.954 -103.954
-87.022 -87.492 -83.294 -84.249 -84.249
-74.916 -81.005 -84.964 -95.641 -95.641
-98.918 -98.134 -95.211 -96.529 -96.529
-94.713 -95.414 -98.111 -99.288 -99.288
-117.012 -117.095 -117.305 -118.142 -118.142
-118.054 -116.886 -115.706 -117.206 -117.206
-117.181 -115.788 -116.390 -117.113 -117.113
-112.550 -114.876 -113.332 -116.055 -116.055
-114.789 -115.813 -113.290 -114.850 -114.850
-108.201 -108.978 -108.995 -110.970 -110.970
-93.693 -95.435 -93.626 -94.632 -94.633
-117.097 -118.197 -115.686 -116.342 -116.342
-80.933 -81.751 -87.917 -104.307 -104.307
-99.399 -99.659 -99.666 -100.386 -100.386
-108.914 -109.826 -107.547 -108.297 -108.297
-80.605 -81.611 -82.147 -86.752 -86.758
-98.428 -99.503 -98.749 -99.295 -99.295
-96.517 -97.239 -96.461 -97.492 -97.492
-114.489 -109.733 -105.813 -107.749 -107.749
-106.209 -106.985 -105.485 -106.161 -106.161
-115.208 -116.990 -117.411 -118.014 -118.014
-85.349 -86.217 -85.584 -86.200 -86.202
-117.157 -116.381 -116.821 -117.468 -117.468
-115.552 -113.982 -112.470 -113.786 -113.825
-93.529 -93.437 -92.067 -93.311 -93.313
-82.302 -83.786 -89.922 -93.151 -93.151
-40.378 -94.447 -102.528 -103.505 -103.505
-64.579 -75.129 -104.283 -105.519 -105.519
-49.577 -50.260 -83.320 -85.284 -85.284
-113.345 -114.981 -110.628 -113.567 -113.567
-109.276 -109.001 -105.586 -107.985 -107.985
-118.142 -117.471 -116.848 -117.800 -117.800
-115.216 -116.520 -110.502 -112.548 -112.548
-117.206 -116.397 -112.490 -113.418 -113.420
-105.241 -105.997 -103.993 -104.730 -104.730
-97.148 -98.370 -97.571 -98.209 -98.210
-113.827 -111.471 -106.703 -107.682 -107.682
-89.190 -90.127 -89.502 -90.154 -90.156
-103.909 -105.072 -105.906 -106.694 -106.694
-103.504 -104.404 -103.572 -104.236 -104.236
-117.012 -117.095 -117.305 -118.142 -118.142
-113.335 -115.844 -115.846 -117.618 -117.618
-117.181 -115.788 -116.390 -117.113 -117.113
-112.550 -114.876 -113.332 -116.055 -116.055
-114.789 -115.813 -113.290 -114.850 -114.850
-102.579 -103.263 -100.305 -101.233 -101.233
-108.003 -106.925 -107.960 -108.785 -108.785
-90.044 -90.975 -93.574 -95.387 -95.387
-109.895 -108.158 -105.773 -106.647 -106.647
-108.801 -109.506 -107.784 -108.510 -108.510
-99.777 -100.968 -97.627 -98.407 -98.407
-114.876 -116.576 -113.833 -114.439 -114.439
-99.140 -98.810 -97.452 -98.347 -98.347
-100.961 -101.406 -99.944 -100.638 -100.638
-101.050 -101.746 -100.917 -101.718 -101.718
-105.427 -106.812 -106.709 -107.528 -107.528
-105.121 -105.807 -100.262 -101.030 -101.030
-98.971 -102.300 -99.589 -100.574 -100.574
-115.750 -118.052 -111.377 -114.471 -114.471
-95.248 -95.808 -94.972 -95.747 -95.746
-64.999 -66.304 -74.131 -80.904 -80.938
-39.202 -51.529 -81.265 -86.549 -86.552
-116.342 -114.942 -111.173 -112.196 -112.196
-113.322 -115.643 -109.100 -110.161 -110.165
-117.113 -115.508 -114.726 -115.484 -115.484
-118.142 -114.199 -111.812 -112.596 -112.596
-116.342 -115.255 -116.557 -117.204 -117.204
-106.694 -106.434 -105.187 -105.898 -105.898
-117.800 -116.975 -113.063 -113.831 -113.831
-72.954 -76.470 -76.589 -81.104 -81.107
-89.890 -90.653 -89.962 -90.689 -90.697
-104.561 -104.486 -101.772 -102.574 -102.574
-107.624 -104.928 -106.838 -107.511 -107.511
-77.057 -77.713 -77.157 -77.792 -77.807
-102.696 -102.878 -99.505 -100.319 -100.319
-117.012 -117.095 -117.305 -118.142 -118.142
-113.335 -115.844 -115.846 -117.618 -117.618
-117.181 -115.788 -116.390 -117.113 -117.113
-112.550 -114.876 -113.332 -116.055 -116.055
-114.789 -115.813 -113.290 -114.850 -114.850
-105.895 -105.380 -103.237 -104.059 -104.059
-102.041 -102.596 -102.616 -103.262 -103.262
-97.372 -98.711 -98.373 -99.175 -99.175
-101.308 -102.480 -100.854 -101.648 -101.648
-96.303 -97.758 -96.786 -97.542 -97.548
-109.228 -112.671 -107.521 -108.145 -108.145
-89.076 -89.989 -89.189 -89.976 -90.004
-95.595 -96.596 -95.589 -96.324 -96.324
-85.167 -85.973 -85.072 -85.981 -90.902
-101.077 -103.132 -103.701 -104.464 -104.464
-113.877 -114.932 -113.307 -115.801 -115.801
-101.679 -102.060 -104.765 -105.756 -105.756
-100.436 -100.306 -100.083 -100.969 -100.969
-93.569 -94.957 -94.413 -94.994 -94.994
-98.278 -99.536 -98.751 -99.523 -99.523
-103.902 -104.240 -102.654 -103.263 -103.263
-66.576 -71.007 -72.032 -75.844 -75.847
-65.731 -66.577 -77.408 -81.068 -81.079
-90.701 -91.664 -90.337 -91.213 -91.213
-117.618 -116.096 -115.946 -117.927 -117.927
-118.142 -117.855 -117.227 -117.866 -117.866
-118.142 -116.932 -113.117 -116.154 -116.154
-114.850 -115.895 -114.959 -115.834 -115.834
-113.615 -116.796 -114.216 -115.621 -115.621
-114.439 -114.225 -115.045 -115.859 -115.859
-118.142 -115.836 -115.685 -117.545 -117.545
-80.685 -81.322 -88.130 -90.082 -90.091
-89.697 -90.705 -90.004 -90.688 -90.727
-73.394 -74.047 -76.155 -84.211 -84.211
-80.804 -81.368 -80.806 -81.387 -81.395
-117.012 -117.095 -117.305 -118.142 -118.142
-113.335 -115.844 -115.846 -117.618 -117.618
-112.550 -114.876 -113.332 -116.055 -116.055
-117.113 -115.508 -114.726 -115.484 -115.484
-114.789 -115.813 -113.290 -114.850 -114.850
-110.869 -106.074 -97.173 -98.186 -98.186
-98.385 -97.330 -98.156 -99.052 -99.052
-105.609 -106.248 -105.925 -106.541 -106.541
-95.887 -96.569 -94.831 -95.670 -95.670
-112.357 -113.735 -109.439 -110.392 -110.392
-103.089 -104.143 -101.481 -102.414 -102.414
-73.959 -75.737 -78.216 -81.084 -81.099
-103.539 -103.850 -100.731 -101.811 -101.811
-106.124 -104.609 -104.140 -104.991 -104.991
-114.372 -117.230 -113.434 -114.071 -114.071
-75.847 -76.434 -79.761 -81.419 -81.422
-98.210 -98.215 -100.480 -101.997 -101.997
-116.284 -117.856 -116.503 -117.212 -117.212
-102.389 -102.677 -101.758 -102.485 -102.485
-106.505 -107.566 -108.473 -109.161 -109.161
-104.476 -105.331 -103.649 -104.283 -104.283
-116.140 -114.772 -109.310 -110.223 -110.224
-80.663 -86.197 -93.433 -94.935 -94.935
-80.239 -81.314 -80.771 -81.291 -81.291
-55.720 -56.666 -78.702 -80.966 -81.034
-99.167 -101.377 -97.628 -98.680 -98.679
-114.850 -116.979 -115.710 -116.397 -116.397
-115.834 -112.853 -110.582 -111.256 -111.256
-115.859 -116.979 -116.228 -116.926 -116.926
-114.850 -111.330 -110.906 -112.852 -112.852
-117.618 -112.540 -107.422 -109.589 -109.589
-60.169 -61.016 -89.983 -92.232 -92.233
-79.766 -80.567 -84.447 -85.766 -85.769
-76.242 -76.870 -81.364 -94.827 -94.827
-108.014 -107.858 -107.555 -108.131 -108.131
-117.012 -117.095 -117.305 -118.142 -118.142
-113.335 -115.844 -115.846 -117.618 -117.618
-118.142 -115.836 -115.685 -117.545 -117.545
-118.142 -116.932 -113.117 -116.155 -116.155
-114.439 -114.225 -115.045 -115.859 -115.859
-103.293 -104.448 -104.928 -107.351 -107.351
-97.923 -99.535 -99.009 -99.660 -99.660
-97.579 -98.237 -97.329 -98.049 -98.049
-101.065 -101.168 -100.816 -101.652 -101.652
-99.422 -99.762 -99.055 -100.016 -100.018
-106.821 -107.267 -101.266 -102.289 -102.289
-110.075 -106.695 -104.493 -105.545 -105.545
-118.188 -113.794 -114.357 -114.974 -114.974
-97.888 -98.565 -98.000 -98.702 -98.702
-116.985 -117.982 -115.837 -116.550 -116.550
-96.557 -97.244 -100.229 -102.144 -102.144
-85.675 -86.398 -85.807 -86.569 -86.575
-109.278 -111.128 -111.470 -112.153 -112.153
-115.818 -112.018 -109.213 -110.056 -110.056
-85.706 -86.527 -85.897 -86.574 -86.581
-99.637 -99.211 -98.036 -98.691 -98.691
-108.887 -110.095 -109.870 -110.547 -110.547
-54.982 -56.534 -65.041 -90.255 -90.256
-102.601 -103.789 -101.812 -102.616 -102.616
-116.397 -115.034 -114.981 -115.602 -115.602
-116.155 -117.078 -105.202 -106.192 -106.192
-109.589 -109.729 -101.125 -102.461 -102.461
-115.859 -116.593 -115.574 -116.558 -116.558
-117.543 -117.005 -109.368 -112.904 -112.904
-116.155 -113.571 -105.977 -108.587 -108.587
-110.392 -112.299 -109.609 -110.992 -110.992
-88.030 -88.634 -87.886 -88.643 -88.643
-102.762 -103.941 -100.865 -101.767 -101.767
-94.878 -95.856 -94.938 -95.754 -95.840
-109.414 -108.203 -110.422 -111.062 -111.062
-117.012 -117.095 -117.305 -118.142 -118.142
-113.335 -115.844 -115.846 -117.618 -117.618
-118.142 -115.836 -115.685 -117.545 -117.545
-116.284 -117.856 -116.503 -117.212 -117.212
-114.850 -116.979 -115.710 -116.397 -116.397
-105.406 -105.962 -105.195 -105.934 -105.934
-105.952 -107.055 -106.163 -106.872 -106.872
-85.728 -86.547 -85.824 -86.574 -86.574
-85.403 -86.161 -85.350 -86.203 -86.204
-103.585 -103.777 -103.186 -103.824 -103.824
-103.864 -104.830 -104.605 -105.179 -105.179
-116.792 -117.160 -114.536 -115.937 -115.937
-65.397 -66.170 -71.472 -76.259 -76.259
-95.929 -97.136 -96.402 -97.117 -97.117
-92.065 -93.041 -92.281 -93.100 -93.100
-116.326 -115.795 -117.393 -117.974 -117.974
-108.245 -107.375 -108.028 -108.960 -108.960
-98.287 -98.868 -96.917 -97.535 -97.535
-109.231 -108.718 -106.484 -107.311 -107.311
-60.134 -61.335 -93.071 -101.593 -101.593
-96.850 -97.048 -95.675 -96.303 -96.303
-90.669 -91.238 -90.541 -91.350 -91.366
-117.618 -112.915 -112.790 -113.913 -113.913
-115.602 -114.395 -115.242 -115.903 -115.903
-118.142 -117.672 -114.527 -115.197 -115.197
-118.142 -116.720 -112.871 -114.374 -114.374
-118.142 -118.202 -116.650 -117.508 -117.508
-116.550 -111.779 -114.199 -115.788 -115.788
-118.142 -117.685 -117.318 -118.080 -118.080
-112.153 -111.843 -111.486 -112.164 -112.164
-108.191 -108.962 -114.948 -115.962 -115.962
-102.943 -103.509 -103.939 -104.575 -104.575
-108.349 -103.517 -103.785 -104.420 -104.420
-99.409 -100.484 -98.415 -99.954 -99.954
-111.705 -112.460 -109.056 -109.795 -109.795
-117.012 -117.095 -117.305 -118.142 -118.142
-113.335 -115.844 -115.846 -117.618 -117.618
-118.142 -115.836 -115.685 -117.545 -117.545
-116.284 -117.856 -116.503 -117.212 -117.212
-115.859 -116.593 -115.574 -116.558 -116.558
-114.089 -115.015 -111.885 -112.912 -112.912
-79.629 -85.500 -99.380 -103.217 -103.217
-101.122 -101.428 -100.618 -101.362 -101.362
-103.191 -101.975 -104.294 -105.219 -105.219
-114.126 -114.374 -112.624 -113.432 -113.432
-102.012 -102.608 -100.368 -101.036 -101.036
-91.399 -91.752 -91.314 -91.916 -91.916
-105.426 -104.915 -101.931 -103.237 -103.237
-104.530 -102.635 -101.414 -102.103 -102.103
-116.950 -117.564 -113.302 -114.798 -114.798
-117.173 -117.408 -114.788 -115.854 -115.854
-74.950 -75.839 -75.258 -75.958 -75.961
-96.995 -97.864 -96.314 -97.175 -97.175
-99.692 -101.396 -101.303 -102.023 -102.023
-97.924 -99.055 -98.639 -99.313 -99.313
-95.636 -94.800 -98.518 -99.652 -99.652
-60.713 -61.434 -74.786 -75.852 -75.868
-50.352 -51.176 -57.117 -61.821 -61.821
-117.212 -116.095 -114.188 -114.768 -114.768
-117.212 -114.277 -116.632 -117.343 -117.343
-118.142 -117.473 -116.573 -117.881 -117.881
-118.142 -118.088 -114.629 -115.778 -115.778
-98.693 -99.972 -99.372 -100.157 -100.157
-107.678 -106.262 -108.040 -108.789 -108.789
-105.080 -106.255 -103.623 -104.496 -104.496
-94.504 -95.467 -102.638 -103.714 -103.714
-96.594 -96.380 -93.991 -95.012 -95.027
-113.543 -114.627 -113.946 -114.598 -114.598
-73.593 -76.184 -101.339 -104.675 -104.675
-74.881 -75.942 -77.072 -78.352 -78.352
-117.012 -117.095 -117.305 -118.142 -118.142
-113.335 -115.844 -115.846 -117.618 -117.618
-118.142 -115.836 -115.685 -117.545 -117.545
-116.284 -117.856 -116.503 -117.212 -117.212
-115.859 -116.593 -115.574 -116.558 -116.558
-95.372 -95.743 -95.897 -96.444 -96.444
-75.780 -76.495 -77.644 -81.416 -81.417
-95.138 -100.303 -99.592 -100.418 -100.418
-75.591 -76.189 -78.606 -81.054 -81.066
-116.666 -115.211 -113.798 -114.535 -114.535
-82.736 -83.445 -82.809 -83.443 -83.445
-112.861 -109.970 -108.521 -109.231 -109.231
-92.214 -95.800 -94.691 -95.570 -95.570
-101.219 -100.887 -99.594 -100.234 -100.234
-116.980 -118.134 -116.940 -117.529 -117.529
-109.051 -109.942 -110.811 -111.498 -111.498
-98.183 -97.267 -96.801 -97.570 -97.570
-113.971 -116.628 -114.282 -116.473 -116.473
-80.288 -81.005 -89.394 -90.685 -90.697
-70.892 -76.161 -93.927 -100.312 -100.312
-116.766 -116.372 -114.706 -115.565 -115.565
-60.128 -60.446 -98.447 -100.854 -100.854
-111.499 -111.079 -112.364 -113.081 -113.081
-72.222 -72.851 -72.577 -73.033 -73.041
-115.778 -115.877 -115.038 -116.778 -116.781
-114.598 -115.516 -110.212 -110.940 -110.940
-116.558 -117.106 -115.401 -116.059 -116.059
-103.714 -103.342 -102.455 -103.143 -103.143
-80.193 -80.802 -80.052 -80.881 -80.933
-71.131 -71.728 -70.958 -71.779 -71.785
-65.092 -66.514 -78.575 -81.153 -81.156
-80.382 -81.331 -84.114 -85.930 -85.933
-103.157 -102.740 -103.215 -103.830 -103.830
-103.585 -103.602 -102.010 -102.751 -102.751
-97.703 -97.948 -95.959 -97.932 -97.932
-104.506 -107.349 -112.382 -113.641 -113.641
-117.012 -117.095 -117.305 -118.142 -118.142
-113.335 -115.844 -115.846 -117.618 -117.618
-118.142 -115.836 -115.685 -117.545 -117.545
-115.859 -116.593 -115.574 -116.558 -116.558
-117.173 -117.408 -114.788 -115.854 -115.854
-75.657 -76.487 -76.028 -81.797 -81.797
-100.981 -101.289 -99.947 -100.578 -100.578
-116.628 -117.095 -115.478 -117.704 -117.704
-104.965 -104.551 -103.823 -104.689 -104.689
-116.572 -116.000 -115.089 -115.807 -115.807
-117.131 -118.173 -110.130 -111.501 -111.501
-104.516 -105.030 -102.565 -103.364 -103.364
-104.339 -105.347 -104.326 -105.012 -105.012
-116.253 -115.069 -105.899 -107.137 -107.137
-105.058 -104.644 -103.826 -104.553 -104.553
-97.087 -98.336 -96.049 -97.037 -97.037
-94.084 -95.128 -94.296 -94.991 -94.991
-90.055 -91.051 -90.366 -91.064 -91.065
-40.579 -51.444 -64.457 -66.902 -66.927
-47.255 -51.448 -75.033 -76.846 -76.865
-104.460 -102.000 -105.323 -106.392 -106.392
-116.558 -116.863 -116.536 -117.187 -117.187
-116.473 -113.608 -109.332 -110.961 -110.964
-116.558 -116.515 -113.458 -114.033 -114.033
-115.565 -115.425 -112.688 -115.376 -115.376
-117.529 -115.563 -116.950 -117.575 -117.575
-117.618 -117.462 -114.691 -117.061 -117.061
-116.558 -114.411 -109.417 -111.125 -111.125
-94.067 -95.370 -94.575 -95.319 -95.319
-114.091 -111.795 -108.837 -109.375 -109.375
-103.686 -109.569 -108.793 -109.434 -109.434
-76.244 -76.915 -79.736 -86.572 -86.572
-80.892 -81.746 -81.165 -81.803 -81.810
-96.247 -96.256 -95.410 -96.282 -96.282
-61.390 -61.743 -70.253 -71.446 -81.444
-81.565 -82.423 -81.766 -82.428 -82.490
-117.012 -117.095 -117.305 -118.142 -118.142
-113.335 -115.844 -115.846 -117.618 -117.618
-118.142 -115.836 -115.685 -117.545 -117.545
-115.859 -116.593 -115.574 -116.558 -116.558
-117.173 -117.408 -114.788 -115.854 -115.854
-75.123 -80.620 -82.469 -89.943 -89.944
-98.246 -99.527 -98.823 -99.463 -99.463
-106.139 -107.071 -107.854 -108.481 -108.481
-114.056 -114.798 -116.669 -117.417 -117.417
-117.764 -115.818 -111.212 -111.731 -111.731
-96.872 -97.282 -97.172 -97.843 -97.843
-96.444 -97.602 -95.896 -96.835 -96.835
-102.568 -102.861 -101.544 -102.247 -102.247
-104.556 -104.965 -104.691 -105.388 -105.388
-55.707 -56.246 -61.530 -71.443 -71.447
-103.781 -104.208 -103.935 -104.704 -104.704
-115.473 -117.760 -116.271 -116.928 -116.928
-95.556 -95.251 -94.783 -99.351 -99.351
-103.822 -104.258 -103.717 -104.337 -104.337
-117.299 -114.744 -109.890 -110.545 -110.545
-94.892 -95.789 -94.994 -95.828 -95.829
-64.343 -65.863 -80.714 -96.669 -96.669
-85.893 -91.247 -90.603 -91.387 -91.390
-69.718 -71.320 -82.624 -90.337 -90.337
-117.187 -116.683 -115.261 -115.918 -115.918
-117.187 -116.954 -112.447 -113.048 -113.048
-109.434 -109.014 -108.782 -109.570 -109.570
-115.376 -116.106 -116.290 -117.444 -117.444
-115.376 -113.953 -110.574 -112.503 -112.503
-103.732 -108.808 -109.601 -110.488 -110.488
-106.784 -108.908 -108.167 -108.916 -108.916
-101.239 -98.794 -99.081 -100.220 -100.220
-85.954 -86.870 -86.011 -86.876 -86.890
-77.517 -78.974 -78.588 -79.063 -79.063
-89.948 -90.850 -90.259 -90.866 -90.873
-117.012 -117.095 -117.305 -118.142 -118.142
-113.335 -115.844 -115.846 -117.618 -117.618
-118.142 -115.836 -115.685 -117.545 -117.545
-116.558 -116.863 -116.536 -117.187 -117.187
-117.173 -117.408 -114.788 -115.854 -115.854
-112.049 -115.953 -113.393 -114.281 -114.281
-101.187 -102.002 -100.408 -101.316 -101.316
-102.580 -104.149 -103.888 -104.884 -104.884
-95.253 -99.183 -98.423 -99.185 -99.185
-118.078 -116.625 -114.976 -115.611 -115.611
-101.317 -101.392 -100.584 -101.424 -101.424
-100.752 -101.270 -99.956 -100.507 -100.507
-104.806 -105.058 -104.353 -105.026 -105.026
-104.146 -104.706 -101.566 -103.051 -103.051
-104.077 -105.634 -105.871 -106.549 -106.549
-94.297 -95.716 -94.943 -95.725 -95.728
-115.315 -113.011 -109.897 -110.674 -110.674
-84.930 -85.777 -90.229 -94.940 -94.968
-103.899 -105.233 -102.589 -103.527 -103.527
-94.490 -95.127 -94.276 -94.919 -94.919
-95.782 -96.708 -94.727 -95.943 -95.943
-105.573 -106.739 -106.785 -107.429 -107.429
-98.895 -99.982 -115.548 -116.569 -116.570
-103.959 -104.768 -103.251 -103.988 -103.988
-115.854 -116.460 -115.399 -116.067 -116.067
-117.618 -117.385 -115.984 -116.737 -116.737
-118.142 -117.016 -116.462 -117.625 -117.625
-111.731 -110.265 -109.564 -110.838 -110.838
-117.618 -116.905 -115.627 -116.203 -116.203
-115.918 -114.238 -112.725 -113.449 -113.449
-101.689 -102.370 -101.732 -102.400 -102.400
-75.932 -76.570 -75.930 -76.633 -76.633
-57.488 -61.705 -70.672 -71.738 -71.755
-57.511 -71.431 -73.507 -76.601 -76.620
-94.960 -95.710 -94.510 -95.645 -95.645
-117.012 -117.095 -117.305 -118.142 -118.142
-113.335 -115.844 -115.846 -117.618 -117.618
-118.142 -115.836 -115.685 -117.545 -117.545
-116.558 -116.863 -116.536 -117.187 -117.187
-117.173 -117.408 -114.788 -115.854 -115.854
-86.660 -87.329 -86.634 -87.362 -87.364
-110.891 -111.275 -111.191 -111.930 -111.930
-117.227 -116.608 -104.404 -105.367 -105.367
-79.460 -80.593 -80.107 -80.570 -80.570
-117.179 -115.913 -109.242 -111.757 -111.757
-75.045 -76.159 -75.778 -76.283 -76.288
-102.008 -103.096 -103.543 -104.281 -104.281
-85.432 -86.186 -87.393 -91.058 -91.058
-108.863 -109.240 -109.039 -109.655 -109.655
-80.974 -81.650 -81.050 -81.773 -81.790
-104.066 -104.706 -104.018 -104.764 -104.764
-114.454 -111.192 -112.239 -113.164 -113.164
-94.875 -95.762 -94.984 -95.764 -95.764
-97.084 -96.899 -96.220 -97.056 -97.056
-95.946 -95.988 -94.556 -95.212 -95.212
-102.550 -102.983 -105.512 -106.635 -106.635
-50.633 -51.270 -54.200 -61.371 -61.406
-100.882 -101.216 -100.969 -101.681 -101.681
-97.691 -99.478 -97.651 -98.974 -98.974
-86.798 -91.224 -90.531 -91.348 -91.349
-117.625 -118.127 -112.573 -113.524 -113.524
-117.625 -117.889 -112.101 -112.779 -112.779
-114.281 -115.591 -112.248 -113.144 -113.144
-116.570 -114.795 -112.085 -112.772 -112.772
-117.625 -117.515 -115.699 -116.744 -116.744
-104.618 -99.121 -101.408 -102.127 -102.127
-83.174 -83.731 -82.964 -83.814 -83.816
-80.341 -80.801 -80.213 -80.868 -80.868
-73.547 -76.134 -89.129 -95.060 -95.060
-76.336 -76.873 -76.258 -76.973 -76.978
-117.012 -117.095 -117.305 -118.142 -118.142
-113.335 -115.844 -115.846 -117.618 -117.618
-116.558 -116.863 -116.536 -117.187 -117.187
-117.618 -117.385 -115.984 -116.737 -116.737
-98.895 -99.982 -115.548 -116.570 -116.570
-105.301 -106.253 -105.424 -106.242 -106.242
-94.349 -95.435 -94.112 -95.007 -95.007
-103.296 -103.731 -103.315 -104.097 -104.097
-101.299 -100.744 -101.838 -102.960 -102.960
-76.424 -77.216 -76.516 -77.296 -77.301
-113.087 -110.851 -108.384 -109.314 -109.314
-107.573 -106.712 -103.262 -104.384 -104.384
-103.016 -102.833 -102.785 -103.483 -103.483
-102.880 -104.047 -101.698 -102.338 -102.338
-117.324 -116.245 -112.334 -113.163 -113.163
-101.538 -103.995 -104.221 -104.874 -104.874
-86.906 -88.561 -87.689 -88.534 -88.537
-75.443 -76.149 -84.244 -85.478 -85.478
-113.774 -114.987 -113.719 -114.385 -114.385
-99.946 -100.879 -101.089 -101.843 -101.843
-106.731 -108.307 -107.062 -108.510 -108.510
-68.721 -69.929 -94.368 -99.479 -99.479
-85.280 -86.553 -87.957 -89.344 -89.344
-83.740 -85.472 -84.844 -85.500 -85.506
-118.142 -118.057 -114.414 -116.019 -116.019
-118.142 -117.816 -117.194 -117.989 -117.989
-117.187 -117.100 -112.440 -113.066 -113.066
-117.187 -115.709 -112.707 -113.332 -113.332
-112.779 -108.703 -106.687 -107.422 -107.422
-113.164 -113.357 -109.489 -110.582 -110.582
-104.833 -107.017 -105.437 -106.145 -106.145
-103.788 -106.404 -105.953 -106.618 -106.618
-89.594 -90.228 -89.521 -90.294 -90.295
-99.015 -99.621 -98.848 -99.614 -99.614
-94.393 -94.858 -93.455 -94.531 -94.531
-117.012 -117.095 -117.305 -118.142 -118.142
-113.335 -115.844 -115.846 -117.618 -117.618
-116.558 -116.863 -116.536 -117.187 -117.187
-98.895 -99.982 -115.548 -116.570 -116.570
-117.625 -118.127 -112.573 -113.524 -113.524
-113.669 -114.538 -112.405 -113.112 -113.112
-106.813 -106.520 -102.905 -103.554 -103.554
-96.820 -97.172 -95.944 -96.676 -96.676
-102.142 -103.800 -103.365 -104.058 -104.058
-95.481 -95.965 -95.225 -96.011 -96.011
-85.514 -86.159 -87.114 -90.942 -90.983
-71.772 -73.365 -77.450 -78.657 -78.658
-106.159 -106.446 -105.817 -106.755 -106.755
-76.244 -76.877 -85.013 -86.525 -86.527
-104.965 -104.451 -103.048 -103.840 -103.840
-96.266 -97.195 -96.246 -96.905 -96.905
-114.123 -115.676 -112.039 -112.663 -112.663
-105.864 -106.618 -105.167 -105.662 -105.662
-99.646 -100.035 -98.144 -99.096 -99.096
-98.509 -98.634 -97.566 -98.434 -98.434
-105.642 -105.419 -103.104 -103.803 -103.803
-104.447 -109.193 -107.647 -108.294 -108.294
-97.742 -98.742 -98.433 -99.124 -99.124
-104.874 -104.248 -104.116 -104.888 -104.888
-107.422 -106.361 -108.839 -109.688 -109.688
-117.187 -114.392 -115.341 -116.007 -116.007
-117.618 -115.010 -108.979 -111.412 -111.412
-116.570 -113.420 -106.828 -107.362 -107.362
-115.999 -117.847 -116.015 -117.739 -117.739
-118.142 -118.125 -116.963 -117.706 -117.706
-93.139 -95.635 -94.871 -95.658 -95.658
-104.868 -105.064 -103.737 -104.439 -104.439
-59.513 -61.395 -80.110 -86.216 -86.248
-63.055 -71.365 -81.402 -85.861 -85.865
-112.469 -117.322 -116.349 -117.070 -117.070
-109.334 -109.464 -108.602 -109.199 -109.199
-117.012 -117.095 -117.305 -118.142 -118.142
-113.335 -115.844 -115.846 -117.618 -117.618
-116.558 -116.863 -116.536 -117.187 -117.187
-98.895 -99.982 -115.548 -116.570 -116.570
-117.625 -118.127 -112.573 -113.524 -113.524
