  ID   Compositions    Enthalpies    Volumes    fitness  SYMM
                       (eV/atom)    (A^3/atom)    ()         
1762  [     16    ]     -7.3839      5.7096   -118.1424     2
1224  [     16    ]     -7.3838      5.7433   -118.1411    12
1233  [     16    ]     -7.3796      5.4097   -118.0737     2
1459  [     16    ]     -7.3734      5.7667   -117.9742     2
1364  [     16    ]     -7.3666      6.0015   -117.8655     2
1755  [     16    ]     -7.3566      5.5954   -117.7058     2
1245  [     16    ]     -7.3511      5.3992   -117.6181    15
1594  [     16    ]     -7.3386      6.7425   -117.4171     1
1070  [     16    ]     -7.3353      6.4862   -117.3640     1
1391  [     16    ]     -7.3258      5.7956   -117.2123    15
1269  [     16    ]     -7.3254      5.4533   -117.2065     2
1764  [     16    ]     -7.3242      5.9363   -117.1870    12
1602  [     16    ]     -7.3080      5.8744   -116.9283     2
1402  [     16    ]     -7.3079      5.7214   -116.9258     2
1765  [     16    ]     -7.2856     12.0632   -116.5696     2
1589  [     16    ]     -7.2849      5.7390   -116.5578    12
1531  [     16    ]     -7.2795      5.6287   -116.4726     2
1448  [     16    ]     -7.2748      5.8526   -116.3969     2
1142  [     16    ]     -7.2604      5.7047   -116.1668     2
1412  [     16    ]     -7.2597      5.8208   -116.1545     1
1715  [     16    ]     -7.2512      5.4599   -116.0189     2
1116  [     16    ]     -7.2497      6.2395   -115.9957     1
1494  [     16    ]     -7.2409      5.6520   -115.8538     2
1016  [     16    ]     -7.2380      6.7678   -115.8079     2
1367  [     16    ]     -7.2263      5.4588   -115.6213     2
1630  [     16    ]     -7.2257      5.8231   -115.6108     1
1328  [     16    ]     -7.2178      5.8127   -115.4842     2
1574  [     16    ]     -7.2110      5.7287   -115.3755     2
1164  [     16    ]     -7.2079      5.7950   -115.3262     2
1051  [     16    ]     -7.2005      5.9662   -115.2078     2
