 ID    Origin    Enthalpy   Parent-E   Parent-ID
   1   Random      -6.281    -6.281  [         0]
   2   Random      -6.153    -6.153  [         0]
   3   Random      -6.498    -6.498  [         0]
   4   Random      -6.367    -6.367  [         0]
   5   Random      -6.178    -6.178  [         0]
   6   Random      -5.662    -5.662  [         0]
   7   Random      -6.728    -6.728  [         0]
   8   Random      -4.486    -4.486  [         0]
   9   Random      -6.371    -6.371  [         0]
  10   Random      -6.225    -6.225  [         0]
  11   Random      -4.766    -4.766  [         0]
  12   Random      -4.808    -4.808  [         0]
  13   Random      -5.112    -5.112  [         0]
  14   Random      -5.968    -5.968  [         0]
  15   Random      -4.617    -4.617  [         0]
  16   Random      -6.538    -6.538  [         0]
  17   Random      -4.789    -4.789  [         0]
  18   Random      -6.206    -6.206  [         0]
  19   Random      -5.740    -5.740  [         0]
  20   Random      -5.968    -5.968  [         0]
  21   Random      -6.394    -6.394  [         0]
  22   Random      -3.326    -3.326  [         0]
  23   Random      -4.484    -4.484  [         0]
  24   Random      -5.423    -5.423  [         0]
  25   Random      -6.534    -6.534  [         0]
  26   Random      -5.133    -5.133  [         0]
  27   Random      -5.712    -5.712  [         0]
  28   Random      -6.360    -6.360  [         0]
  29   Random      -6.475    -6.475  [         0]
  30   Random      -6.216    -6.216  [         0]
  31  Heredity     -5.990    -6.404  [     3  28]
  32  Heredity     -5.711    -6.657  [    25   7]
  33  Heredity     -6.207    -6.483  [     3  29]
  34  Heredity     -5.087    -6.443  [      4  3]
  35  Heredity     -6.061    -6.497  [    16  21]
  36  Heredity     -5.684    -6.478  [     4  16]
  37  Heredity     -6.417    -6.472  [      7  9]
  38  Heredity     -5.961    -6.386  [    21   9]
  39  Heredity     -6.208    -6.432  [     9  29]
  40  Heredity     -6.555    -6.426  [    29   4]
  41  Heredity     -5.924    -6.247  [      2  4]
  42  Heredity     -6.375    -6.491  [    25   9]
  43  Heredity     -5.388    -6.303  [     5  25]
  44  Heredity     -4.810    -6.450  [     9  16]
  45   Random      -4.921    -4.921  [         0]
  46   Random      -5.111    -5.111  [         0]
  47   Random      -6.018    -6.018  [         0]
  48   Random      -6.388    -6.388  [         0]
  49   Random      -5.021    -5.021  [         0]
  50 Permutate     -6.368    -6.498  [         3]
  51 Permutate     -6.556    -6.534  [        25]
  52 Permutate     -6.446    -6.498  [         3]
  53 Permutate     -6.554    -6.394  [        21]
  54 Permutate     -6.385    -6.371  [         9]
  55 Permutate     -6.186    -6.206  [        18]
  56 softmutate    -4.444    -6.728  [         7]
  57 softmutate    -5.110    -6.728  [         7]
  58 softmutate    -6.299    -6.394  [        21]
  59 softmutate    -5.061    -6.394  [        21]
  60 softmutate    -6.601    -6.360  [        28]
  61 softmutate    -4.809    -6.360  [        28]
  62 keptBest      -6.728    -6.728  [         7]
  63 keptBest      -6.534    -6.534  [        25]
  64 keptBest      -6.498    -6.498  [         3]
  65 keptBest      -6.394    -6.394  [        21]
  66 keptBest      -6.367    -6.367  [         4]
  67  Heredity     -6.085    -6.606  [    51  62]
  68  Heredity     -5.677    -6.473  [    63  52]
  69  Heredity     -5.389    -6.385  [    66  65]
  70  Heredity     -5.926    -6.501  [    65  51]
  71  Heredity     -5.474    -6.490  [    51  37]
  72  Heredity     -6.179    -6.374  [    48  66]
  73  Heredity     -5.634    -6.439  [    65  64]
  74  Heredity     -6.188    -6.417  [    55  51]
  75  Heredity     -5.090    -6.424  [    50  63]
  76  Heredity     -5.965    -6.565  [    58  62]
  77  Heredity     -5.713    -6.575  [    58  62]
  78  Heredity     -6.359    -6.583  [    40  60]
  79  Heredity     -4.725    -6.396  [    39  60]
  80  Heredity     -5.540    -6.591  [    37  62]
  81  Heredity     -6.235    -6.469  [    52  63]
  82  Heredity     -5.614    -6.339  [    39  48]
  83  Heredity     -4.787    -6.445  [    60  54]
  84   Random      -6.307    -6.307  [         0]
  85   Random      -5.957    -5.957  [         0]
  86   Random      -5.086    -5.086  [         0]
  87 Permutate     -6.445    -6.555  [        40]
  88 Permutate     -6.438    -6.555  [        40]
  89 Permutate     -6.491    -6.534  [        63]
  90 Permutate     -6.557    -6.601  [        60]
  91 Permutate     -6.379    -6.446  [        52]
  92 softmutate    -5.110    -6.556  [        51]
  93 softmutate    -5.998    -6.556  [        51]
  94 softmutate    -5.686    -6.555  [        40]
  95 softmutate    -5.365    -6.555  [        40]
  96 softmutate    -5.690    -6.728  [        62]
  97 softmutate    -5.519    -6.728  [        62]
  98 keptBest      -6.728    -6.728  [        62]
  99 keptBest      -6.556    -6.556  [        51]
 100 keptBest      -6.498    -6.498  [        64]
 101 keptBest      -6.394    -6.394  [        65]
 102 keptBest      -6.367    -6.367  [        66]
 103  Heredity     -4.744    -6.061  [    94  81]
 104  Heredity     -5.165    -6.443  [  101  100]
 105  Heredity     -6.708    -6.435  [    91  99]
 106  Heredity     -6.438    -6.373  [   91  102]
 107  Heredity     -6.131    -6.401  [   87  102]
 108  Heredity     -5.711    -6.308  [  102   81]
 109  Heredity     -5.868    -6.585  [   98  102]
 110  Heredity     -5.848    -6.412  [   74  100]
 111  Heredity     -6.457    -6.279  [   72  100]
 112  Heredity     -5.111    -6.457  [    89  87]
 113  Heredity     -5.936    -6.274  [    89  72]
 114  Heredity     -6.299    -6.451  [  101   99]
 115  Heredity     -6.358    -6.302  [    91  67]
 116  Heredity     -5.843    -6.207  [    89  76]
 117  Heredity     -6.299    -6.621  [    91  98]
 118  Heredity     -5.412    -6.681  [    98  99]
 119  Heredity     -5.991    -6.218  [    87  82]
 120   Random      -6.390    -6.390  [         0]
 121   Random      -4.786    -4.786  [         0]
 122   Random      -5.652    -5.652  [         0]
 123 Permutate     -6.512    -6.445  [        87]
 124 Permutate     -6.371    -6.379  [        91]
 125 Permutate     -6.486    -6.491  [        89]
 126 Permutate     -6.437    -6.498  [       100]
 127 Permutate     -6.316    -6.556  [        99]
 128 softmutate    -5.381    -6.188  [        74]
 129 softmutate    -4.762    -6.188  [        74]
 130 softmutate    -5.110    -6.557  [        90]
 131 softmutate    -5.364    -6.557  [        90]
 132 softmutate    -4.464    -6.491  [        89]
 133 softmutate    -5.063    -6.491  [        89]
 134 keptBest      -6.728    -6.728  [        98]
 135 keptBest      -6.556    -6.556  [        99]
 136 keptBest      -6.498    -6.498  [       100]
 137 keptBest      -6.394    -6.394  [       101]
 138 keptBest      -6.367    -6.367  [       102]
 139  Heredity     -5.667    -6.503  [  125  123]
 140  Heredity     -6.215    -6.493  [  135  126]
 141  Heredity     -6.368    -6.397  [  106  117]
 142  Heredity     -5.959    -6.439  [  105  114]
 143  Heredity     -5.046    -6.519  [  136  135]
 144  Heredity     -5.677    -6.569  [  105  106]
 145  Heredity     -5.689    -6.617  [  134  135]
 146  Heredity     -6.362    -6.463  [  137  136]
 147  Heredity     -5.948    -6.397  [  123  114]
 148  Heredity     -6.231    -6.607  [  134  123]
 149  Heredity     -6.267    -6.623  [  134  125]
 150  Heredity     -5.067    -5.754  [  118  119]
 151  Heredity     -6.224    -6.226  [  105  113]
 152  Heredity     -6.492    -6.610  [  136  105]
 153  Heredity     -6.209    -6.533  [  137  105]
 154  Heredity     -5.540    -6.717  [  105  134]
 155  Heredity     -5.387    -6.461  [  138  105]
 156   Random      -6.043    -6.043  [         0]
 157   Random      -3.858    -3.858  [         0]
 158   Random      -6.132    -6.132  [         0]
 159 Permutate     -6.867    -6.728  [       134]
 160 Permutate     -6.058    -6.316  [       127]
 161 Permutate     -6.111    -6.367  [       138]
 162 Permutate     -6.360    -6.438  [       106]
 163 Permutate     -6.480    -6.498  [       136]
 164 softmutate    -6.419    -6.708  [       105]
 165 softmutate    -5.434    -6.708  [       105]
 166 softmutate    -5.690    -6.437  [       126]
 167 softmutate    -5.084    -6.437  [       126]
 168 softmutate    -5.090    -6.437  [       126]
 169 softmutate    -6.478    -6.437  [       126]
 170 keptBest      -6.728    -6.728  [       134]
 171 keptBest      -6.556    -6.556  [       135]
 172 keptBest      -6.498    -6.498  [       136]
 173 keptBest      -6.438    -6.438  [       106]
 174 keptBest      -6.394    -6.394  [       137]
 175  Heredity     -5.390    -6.327  [  171  153]
 176  Heredity     -5.403    -6.637  [  159  152]
 177  Heredity     -5.959    -6.593  [  159  172]
 178  Heredity     -6.584    -6.411  [  173  174]
 179  Heredity     -5.938    -6.678  [  172  159]
 180  Heredity     -4.811    -6.625  [  152  170]
 181  Heredity     -6.122    -6.518  [  164  171]
 182  Heredity     -6.430    -6.408  [  174  173]
 183  Heredity     -5.485    -6.421  [  149  172]
 184  Heredity     -6.106    -6.536  [  170  173]
 185  Heredity     -5.066    -6.514  [  172  171]
 186  Heredity     -6.455    -6.411  [  141  152]
 187  Heredity     -6.645    -6.496  [  172  152]
 188  Heredity     -4.722    -6.693  [  159  169]
 189  Heredity     -6.024    -6.688  [  163  159]
 190   Random      -6.507    -6.507  [         0]
 191   Random      -6.221    -6.221  [         0]
 192   Random      -5.792    -5.792  [         0]
 193 Permutate     -6.463    -6.498  [       172]
 194 Permutate     -6.218    -6.267  [       149]
 195 Permutate     -6.419    -6.480  [       163]
 196 Permutate     -6.712    -6.728  [       170]
 197 Permutate     -6.418    -6.419  [       164]
 198 Permutate     -6.605    -6.438  [       173]
 199 Permutate     -6.480    -6.478  [       169]
 200 softmutate    -5.687    -6.231  [       148]
 201 softmutate    -5.974    -6.231  [       148]
 202 softmutate    -5.965    -6.867  [       159]
 203 softmutate    -5.708    -6.867  [       159]
 204 softmutate    -4.763    -6.728  [       170]
 205 softmutate    -5.665    -6.728  [       170]
 206 keptBest      -6.867    -6.867  [       159]
 207 keptBest      -6.556    -6.556  [       171]
 208 keptBest      -6.498    -6.498  [       172]
 209 keptBest      -6.438    -6.438  [       173]
 210 keptBest      -6.394    -6.394  [       174]
 211  Heredity     -5.370    -6.478  [  182  207]
 212  Heredity     -6.172    -6.585  [  207  187]
 213  Heredity     -5.951    -6.298  [  189  182]
 214  Heredity     -6.205    -6.700  [  206  190]
 215  Heredity     -6.377    -6.525  [  178  208]
 216  Heredity     -5.388    -6.721  [  206  187]
 217  Heredity     -6.090    -6.628  [  187  198]
 218  Heredity     -5.788    -6.275  [  189  207]
 219  Heredity     -6.595    -6.540  [  187  209]
 220  Heredity     -5.089    -6.547  [  178  199]
 221  Heredity     -5.372    -6.617  [  206  190]
 222  Heredity     -6.126    -6.564  [  193  187]
 223  Heredity     -6.223    -6.797  [  206  196]
 224   Random      -6.417    -6.417  [         0]
 225   Random      -5.153    -5.153  [         0]
 226   Random      -5.153    -5.153  [         0]
 227   Random      -5.112    -5.112  [         0]
 228 Permutate     -6.420    -6.221  [       191]
 229 Permutate     -6.421    -6.498  [       208]
 230 Permutate     -6.798    -6.867  [       206]
 231 Permutate     -6.692    -6.438  [       209]
 232 Permutate     -6.639    -6.463  [       193]
 233 Permutate     -6.680    -6.712  [       196]
 234 Permutate     -6.445    -6.438  [       209]
 235 Permutate     -6.482    -6.507  [       190]
 236 softmutate    -6.408    -6.122  [       181]
 237 softmutate    -5.111    -6.122  [       181]
 238 softmutate    -5.954    -6.605  [       198]
 239 softmutate    -4.161    -6.605  [       198]
 240 softmutate    -4.465    -6.605  [       198]
 241 softmutate    -5.863    -6.605  [       198]
 242 keptBest      -6.867    -6.867  [       206]
 243 keptBest      -6.605    -6.605  [       198]
 244 keptBest      -6.584    -6.584  [       178]
 245 keptBest      -6.556    -6.556  [       207]
 246 keptBest      -6.507    -6.507  [       190]
 247  Heredity     -5.088    -6.506  [  235  245]
 248  Heredity     -6.299    -6.535  [  230  223]
 249  Heredity     -6.008    -6.620  [  235  233]
 250  Heredity     -5.667    -6.453  [  229  246]
 251  Heredity     -6.290    -6.492  [  230  217]
 252  Heredity     -6.432    -6.645  [  230  246]
 253  Heredity     -6.744    -6.345  [  246  212]
 254  Heredity     -6.116    -6.545  [  232  224]
 255  Heredity     -5.537    -6.585  [  245  243]
 256  Heredity     -5.984    -6.656  [  232  233]
 257  Heredity     -5.088    -6.774  [  243  242]
 258  Heredity     -6.140    -6.679  [  242  223]
 259  Heredity     -6.312    -6.611  [  232  219]
 260  Heredity     -6.478    -6.593  [  245  232]
 261  Heredity     -5.712    -6.494  [  231  223]
 262   Random      -6.325    -6.325  [         0]
 263   Random      -5.064    -5.064  [         0]
 264   Random      -4.510    -4.510  [         0]
 265 Permutate     -6.616    -6.692  [       231]
 266 Permutate     -6.577    -6.680  [       233]
 267 Permutate     -6.440    -6.507  [       246]
 268 Permutate     -6.324    -6.605  [       243]
 269 Permutate     -6.399    -6.417  [       224]
 270 Permutate     -6.359    -6.605  [       243]
 271 Permutate     -5.851    -5.863  [       241]
 272 softmutate    -4.787    -6.680  [       233]
 273 softmutate    -4.767    -6.680  [       233]
 274 softmutate    -5.968    -6.126  [       222]
 275 softmutate    -5.833    -6.126  [       222]
 276 softmutate    -4.467    -6.867  [       242]
 277 softmutate    -4.141    -6.867  [       242]
 278 keptBest      -6.867    -6.867  [       242]
 279 keptBest      -6.692    -6.692  [       231]
 280 keptBest      -6.605    -6.605  [       243]
 281 keptBest      -6.090    -6.090  [       217]
 282 keptBest      -5.951    -5.951  [       213]
 283  Heredity     -6.283    -6.427  [  269  267]
 284  Heredity     -5.710    -6.510  [  252  266]
 285  Heredity     -6.062    -6.457  [  267  260]
 286  Heredity     -5.979    -6.352  [  260  256]
 287  Heredity     -6.423    -6.583  [  253  262]
 288  Heredity     -5.184    -6.706  [  265  278]
 289  Heredity     -5.651    -6.607  [  278  269]
 290  Heredity     -4.862    -6.370  [  251  267]
 291  Heredity     -6.362    -6.456  [  253  270]
 292  Heredity     -5.978    -6.625  [  278  258]
 293  Heredity     -6.494    -6.431  [  278  249]
 294  Heredity     -5.687    -6.487  [  278  248]
 295  Heredity     -6.211    -6.716  [  253  279]
 296  Heredity     -6.138    -6.452  [  266  262]
 297  Heredity     -6.325    -6.595  [  266  265]
 298   Random      -3.775    -3.775  [         0]
 299   Random      -5.111    -5.111  [         0]
 300   Random      -4.166    -4.166  [         0]
 301 Permutate     -6.758    -6.867  [       278]
 302 Permutate     -6.400    -6.440  [       267]
 303 Permutate     -6.409    -6.478  [       260]
 304 Permutate     -6.551    -6.577  [       266]
 305 Permutate     -6.313    -6.325  [       262]
 306 Permutate     -6.912    -6.744  [       253]
 307 Permutate     -6.585    -6.744  [       253]
 308 softmutate    -4.766    -6.478  [       260]
 309 softmutate    -5.689    -6.478  [       260]
 310 softmutate    -5.375    -6.577  [       266]
 311 softmutate    -5.960    -6.577  [       266]
 312 softmutate    -5.978    -6.359  [       270]
 313 softmutate    -4.165    -6.359  [       270]
 314 keptBest      -6.867    -6.867  [       278]
 315 keptBest      -6.744    -6.744  [       253]
 316 keptBest      -6.692    -6.692  [       279]
 317 keptBest      -6.478    -6.478  [       260]
 318 keptBest      -6.359    -6.359  [       270]
 319  Heredity     -5.411    -6.829  [  314  315]
 320  Heredity     -6.160    -6.645  [  301  293]
 321  Heredity     -6.195    -6.468  [  306  305]
 322  Heredity     -6.111    -6.804  [  301  314]
 323  Heredity     -5.485    -6.577  [  315  302]
 324  Heredity     -6.163    -6.408  [  318  317]
 325  Heredity     -6.527    -6.658  [  303  306]
 326  Heredity     -5.687    -6.498  [  304  303]
 327  Heredity     -6.074    -6.807  [  301  314]
 328  Heredity     -6.351    -6.823  [  316  306]
 329  Heredity     -5.750    -6.723  [  307  314]
 330  Heredity     -6.252    -6.273  [  295  302]
 331  Heredity     -6.121    -6.678  [  307  314]
 332  Heredity     -6.260    -6.436  [  304  291]
 333  Heredity     -6.536    -6.561  [  301  287]
 334   Random      -4.789    -4.789  [         0]
 335   Random      -5.066    -5.066  [         0]
 336   Random      -6.234    -6.234  [         0]
 337 Permutate     -6.384    -6.551  [       304]
 338 Permutate     -6.262    -6.359  [       318]
 339 Permutate     -6.658    -6.692  [       316]
 340 Permutate     -6.717    -6.585  [       307]
 341 Permutate     -6.218    -6.400  [       302]
 342 Permutate     -6.815    -6.867  [       314]
 343 Permutate     -6.160    -6.211  [       295]
 344 Permutate     -6.788    -6.744  [       315]
 345 softmutate    -5.981    -6.409  [       303]
 346 softmutate    -5.598    -6.409  [       303]
 347 softmutate    -6.313    -6.912  [       306]
 348 softmutate    -6.111    -6.912  [       306]
 349 keptBest      -6.912    -6.912  [       306]
 350 keptBest      -6.744    -6.744  [       315]
 351 keptBest      -6.692    -6.692  [       316]
 352 keptBest      -6.494    -6.494  [       293]
 353 keptBest      -6.400    -6.400  [       302]
 354  Heredity     -6.252    -6.660  [  330  342]
 355  Heredity     -5.490    -6.786  [  349  325]
 356  Heredity     -6.514    -6.516  [  342  337]
 357  Heredity     -6.083    -6.662  [  333  340]
 358  Heredity     -5.363    -6.524  [  344  353]
 359  Heredity     -6.465    -6.597  [  321  344]
 360  Heredity     -5.411    -6.689  [  350  339]
 361  Heredity     -5.954    -6.584  [  349  332]
 362  Heredity     -5.392    -6.846  [  349  342]
 363  Heredity     -5.111    -6.380  [  338  325]
 364  Heredity     -6.200    -6.829  [  340  349]
 365  Heredity     -6.271    -6.599  [  325  340]
 366  Heredity     -6.408    -6.231  [  320  353]
 367  Heredity     -6.501    -6.774  [  325  349]
 368   Random      -4.182    -4.182  [         0]
 369   Random      -6.676    -6.676  [         0]
 370   Random      -5.710    -5.710  [         0]
 371 Permutate     -6.618    -6.527  [       325]
 372 Permutate     -6.738    -6.788  [       344]
 373 Permutate     -6.738    -6.912  [       349]
 374 Permutate     -6.758    -6.815  [       342]
 375 Permutate     -6.820    -6.744  [       350]
 376 Permutate     -6.541    -6.815  [       342]
 377 Permutate     -6.769    -6.744  [       350]
 378 Permutate     -6.748    -6.788  [       344]
 379 Permutate     -6.743    -6.717  [       340]
 380 softmutate    -4.143    -6.494  [       352]
 381 softmutate    -5.688    -6.494  [       352]
 382 softmutate    -4.789    -6.400  [       353]
 383 softmutate    -6.172    -6.400  [       353]
 384 keptBest      -6.912    -6.912  [       349]
 385 keptBest      -6.744    -6.744  [       350]
 386 keptBest      -6.692    -6.692  [       351]
 387 keptBest      -6.494    -6.494  [       352]
 388 keptBest      -6.400    -6.400  [       353]
 389  Heredity     -6.105    -6.369  [  357  378]
 390  Heredity     -5.041    -6.781  [  384  371]
 391  Heredity     -5.065    -6.796  [  384  371]
 392  Heredity     -6.486    -6.755  [  374  378]
 393  Heredity     -6.454    -6.564  [  354  374]
 394  Heredity     -5.621    -6.765  [  374  377]
 395  Heredity     -5.692    -6.661  [  377  376]
 396  Heredity     -6.354    -6.472  [  364  375]
 397  Heredity     -5.089    -6.787  [  375  374]
 398  Heredity     -6.458    -6.815  [  385  384]
 399  Heredity     -6.842    -6.803  [  378  384]
 400  Heredity     -6.277    -6.745  [  379  378]
 401  Heredity     -6.586    -6.723  [  378  386]
 402  Heredity     -6.120    -6.705  [  369  385]
 403  Heredity     -5.989    -6.843  [  369  384]
 404   Random      -6.186    -6.186  [         0]
 405   Random      -6.428    -6.428  [         0]
 406   Random      -5.390    -5.390  [         0]
 407 Permutate     -6.535    -6.820  [       375]
 408 Permutate     -6.879    -6.769  [       377]
 409 Permutate     -6.791    -6.748  [       378]
 410 Permutate     -6.899    -6.820  [       375]
 411 Permutate     -6.845    -6.744  [       385]
 412 Permutate     -6.512    -6.465  [       359]
 413 Permutate     -6.499    -6.676  [       369]
 414 softmutate    -5.412    -6.408  [       366]
 415 softmutate    -5.365    -6.408  [       366]
 416 softmutate    -5.062    -6.676  [       369]
 417 softmutate    -6.336    -6.676  [       369]
 418 softmutate    -5.480    -6.820  [       375]
 419 softmutate    -5.670    -6.820  [       375]
 420 keptBest      -6.912    -6.912  [       384]
 421 keptBest      -6.744    -6.744  [       385]
 422 keptBest      -6.692    -6.692  [       386]
 423 keptBest      -6.540    -6.541  [       376]
 424 keptBest      -6.400    -6.400  [       388]
 425  Heredity     -6.216    -6.818  [  422  420]
 426  Heredity     -5.691    -6.687  [  408  423]
 427  Heredity     -6.231    -6.601  [  412  422]
 428  Heredity     -5.434    -6.665  [  420  423]
 429  Heredity     -5.978    -6.562  [  405  411]
 430  Heredity     -6.676    -6.760  [  412  420]
 431  Heredity     -5.982    -6.815  [  420  421]
 432  Heredity     -5.686    -6.697  [  411  401]
 433  Heredity     -6.732    -6.893  [  420  408]
 434  Heredity     -6.371    -6.627  [  421  393]
 435  Heredity     -5.919    -6.527  [  412  407]
 436  Heredity     -6.401    -6.571  [  413  422]
 437  Heredity     -5.641    -6.582  [  392  411]
 438  Heredity     -6.003    -6.698  [  420  398]
 439  Heredity     -5.411    -6.810  [  423  420]
 440   Random      -5.155    -5.155  [         0]
 441   Random      -5.557    -5.557  [         0]
 442   Random      -5.154    -5.154  [         0]
 443 Permutate     -6.639    -6.535  [       407]
 444 Permutate     -6.833    -6.791  [       409]
 445 Permutate     -6.249    -6.400  [       424]
 446 Permutate     -6.468    -6.692  [       422]
 447 Permutate     -6.557    -6.744  [       421]
 448 Permutate     -6.680    -6.791  [       409]
 449 Permutate     -6.674    -6.458  [       398]
 450 softmutate    -6.189    -6.535  [       407]
 451 softmutate    -4.922    -6.535  [       407]
 452 softmutate    -6.181    -6.540  [       423]
 453 softmutate    -5.361    -6.540  [       423]
 454 softmutate    -5.971    -6.692  [       422]
 455 softmutate    -4.735    -6.692  [       422]
 456 keptBest      -6.912    -6.912  [       420]
 457 keptBest      -6.744    -6.744  [       421]
 458 keptBest      -6.692    -6.692  [       422]
 459 keptBest      -6.540    -6.540  [       423]
 460 keptBest      -6.499    -6.499  [       413]
 461  Heredity     -5.982    -6.513  [  436  448]
 462  Heredity     -6.106    -6.708  [  448  457]
 463  Heredity     -5.388    -6.708  [  430  457]
 464  Heredity     -6.430    -6.606  [  443  459]
 465  Heredity     -6.357    -6.336  [  445  436]
 466  Heredity     -6.306    -6.553  [  460  458]
 467  Heredity     -5.354    -6.804  [  430  456]
 468  Heredity     -4.145    -6.529  [  459  460]
 469  Heredity     -6.078    -6.295  [  459  452]
 470  Heredity     -6.140    -6.598  [  457  460]
 471  Heredity     -6.451    -6.844  [  456  433]
 472  Heredity     -6.450    -6.606  [  447  443]
 473  Heredity     -5.090    -6.552  [  447  459]
 474  Heredity     -6.604    -6.683  [  430  458]
 475  Heredity     -6.631    -6.352  [  456  431]
 476   Random      -5.051    -5.051  [         0]
 477   Random      -5.158    -5.158  [         0]
 478   Random      -5.691    -5.691  [         0]
 479 Permutate     -6.613    -6.744  [       457]
 480 Permutate     -5.985    -5.982  [       431]
 481 Permutate     -6.706    -6.639  [       443]
 482 Permutate     -6.833    -6.912  [       456]
 483 Permutate     -6.656    -6.833  [       444]
 484 Permutate     -6.693    -6.680  [       448]
 485 Permutate     -6.570    -6.744  [       457]
 486 softmutate    -6.231    -6.833  [       444]
 487 softmutate    -5.664    -6.833  [       444]
 488 softmutate    -6.406    -6.189  [       450]
 489 softmutate    -6.021    -6.189  [       450]
 490 softmutate    -6.201    -6.680  [       448]
 491 softmutate    -5.077    -6.680  [       448]
 492 keptBest      -6.912    -6.912  [       456]
 493 keptBest      -6.744    -6.744  [       457]
 494 keptBest      -6.692    -6.692  [       458]
 495 keptBest      -6.540    -6.540  [       459]
 496 keptBest      -6.499    -6.499  [       460]
 497  Heredity     -6.254    -6.665  [  475  493]
 498  Heredity     -6.654    -6.730  [  483  482]
 499  Heredity     -4.592    -6.728  [  493  484]
 500  Heredity     -6.483    -6.736  [  494  482]
 501  Heredity     -6.378    -6.748  [  492  474]
 502  Heredity     -6.769    -6.771  [  479  492]
 503  Heredity     -5.667    -6.612  [  483  495]
 504  Heredity     -6.622    -6.720  [  493  481]
 505  Heredity     -6.731    -6.679  [  475  481]
 506  Heredity     -6.466    -6.889  [  482  492]
 507  Heredity     -6.174    -6.659  [  484  474]
 508  Heredity     -6.175    -6.574  [  474  496]
 509  Heredity     -5.413    -6.686  [  492  485]
 510  Heredity     -6.699    -6.786  [  482  481]
 511   Random      -6.695    -6.695  [         0]
 512   Random      -5.979    -5.979  [         0]
 513   Random      -2.897    -2.897  [         0]
 514 Permutate     -6.567    -6.604  [       474]
 515 Permutate     -6.779    -6.693  [       484]
 516 Permutate     -6.536    -6.631  [       475]
 517 Permutate     -6.816    -6.744  [       493]
 518 Permutate     -6.837    -6.833  [       482]
 519 Permutate     -6.749    -6.706  [       481]
 520 Permutate     -6.625    -6.706  [       481]
 521 softmutate    -4.166    -6.912  [       492]
 522 softmutate    -5.961    -6.912  [       492]
 523 softmutate    -5.677    -6.693  [       484]
 524 softmutate    -5.711    -6.693  [       484]
 525 softmutate    -5.367    -6.451  [       471]
 526 softmutate    -5.088    -6.451  [       471]
 527 keptBest      -6.912    -6.912  [       492]
 528 keptBest      -6.744    -6.744  [       493]
 529 keptBest      -6.693    -6.693  [       484]
 530 keptBest      -6.692    -6.692  [       494]
 531 keptBest      -6.499    -6.499  [       496]
 532  Heredity     -6.327    -6.726  [  498  515]
 533  Heredity     -6.496    -6.789  [  502  518]
 534  Heredity     -6.630    -6.860  [  527  517]
 535  Heredity     -6.458    -6.677  [  500  519]
 536  Heredity     -5.557    -6.799  [  511  518]
 537  Heredity     -6.358    -6.749  [  502  510]
 538  Heredity     -5.977    -6.616  [  511  516]
 539  Heredity     -6.859    -6.728  [  510  502]
 540  Heredity     -5.241    -6.817  [  519  527]
 541  Heredity     -6.404    -6.798  [  515  517]
 542  Heredity     -6.361    -6.709  [  515  498]
 543  Heredity     -6.141    -6.880  [  527  517]
 544  Heredity     -6.233    -6.869  [  527  528]
 545  Heredity     -6.297    -6.700  [  519  520]
 546  Heredity     -6.288    -6.764  [  510  517]
 547   Random      -6.343    -6.343  [         0]
 548   Random      -6.349    -6.349  [         0]
 549   Random      -5.890    -5.890  [         0]
 550 Permutate     -6.629    -6.912  [       527]
 551 Permutate     -6.369    -6.536  [       516]
 552 Permutate     -6.609    -6.695  [       511]
 553 Permutate     -6.742    -6.816  [       517]
 554 Permutate     -6.635    -6.744  [       528]
 555 Permutate     -6.700    -6.654  [       498]
 556 Permutate     -6.832    -6.769  [       502]
 557 softmutate    -6.303    -6.693  [       529]
 558 softmutate    -4.765    -6.693  [       529]
 559 softmutate    -6.641    -6.779  [       515]
 560 softmutate    -6.219    -6.779  [       515]
 561 softmutate    -6.539    -6.567  [       514]
 562 softmutate    -5.936    -6.567  [       514]
 563 keptBest      -6.912    -6.912  [       527]
 564 keptBest      -6.744    -6.744  [       528]
 565 keptBest      -6.693    -6.693  [       529]
 566 keptBest      -6.536    -6.536  [       516]
 567 keptBest      -6.499    -6.499  [       531]
 568  Heredity     -5.760    -6.725  [  564  565]
 569  Heredity     -4.817    -6.765  [  554  539]
 570  Heredity     -6.629    -6.641  [  564  541]
 571  Heredity     -5.770    -6.813  [  564  563]
 572  Heredity     -6.241    -6.681  [  555  559]
 573  Heredity     -4.790    -6.568  [  564  535]
 574  Heredity     -5.696    -6.339  [  557  541]
 575  Heredity     -6.160    -6.663  [  554  565]
 576  Heredity     -6.093    -6.749  [  563  554]
 577  Heredity     -6.698    -6.547  [  551  539]
 578  Heredity     -6.601    -6.670  [  561  539]
 579  Heredity     -6.480    -6.664  [  564  552]
 580  Heredity     -6.862    -6.794  [  556  565]
 581  Heredity     -6.289    -6.608  [  564  542]
 582  Heredity     -6.112    -6.565  [  555  532]
 583  Heredity     -5.535    -6.712  [  563  552]
 584   Random      -6.458    -6.458  [         0]
 585   Random      -4.441    -4.441  [         0]
 586   Random      -7.115    -7.115  [         0]
 587 Permutate     -6.547    -6.635  [       554]
 588 Permutate     -6.569    -6.744  [       564]
 589 Permutate     -6.471    -6.744  [       564]
 590 Permutate     -6.462    -6.369  [       551]
 591 Permutate     -6.831    -6.859  [       539]
 592 Permutate     -6.621    -6.744  [       564]
 593 softmutate    -6.675    -6.327  [       532]
 594 softmutate    -4.763    -6.327  [       532]
 595 softmutate    -5.090    -6.859  [       539]
 596 softmutate    -5.389    -6.859  [       539]
 597 softmutate    -6.257    -6.744  [       564]
 598 softmutate    -6.104    -6.744  [       564]
 599 keptBest      -6.912    -6.912  [       563]
 600 keptBest      -6.859    -6.859  [       539]
 601 keptBest      -6.693    -6.693  [       565]
 602 keptBest      -6.635    -6.635  [       554]
 603 keptBest      -6.499    -6.499  [       567]
 604  Heredity     -6.058    -6.740  [  600  577]
 605  Heredity     -5.688    -7.013  [  600  586]
 606  Heredity     -6.477    -6.765  [  599  577]
 607  Heredity     -6.305    -6.749  [  601  600]
 608  Heredity     -5.756    -6.724  [  570  599]
 609  Heredity     -6.586    -6.720  [  591  602]
 610  Heredity     -6.592    -6.855  [  591  599]
 611  Heredity     -6.367    -6.760  [  600  601]
 612  Heredity     -6.078    -6.754  [  591  577]
 613  Heredity     -6.641    -6.965  [  591  586]
 614  Heredity     -6.138    -6.985  [  602  586]
 615  Heredity     -5.772    -6.572  [  580  598]
 616  Heredity     -5.712    -6.946  [  586  580]
 617  Heredity     -6.377    -6.889  [  580  599]
 618  Heredity     -5.831    -6.760  [  580  602]
 619  Heredity     -6.363    -6.882  [  591  599]
 620   Random      -5.591    -5.591  [         0]
 621   Random      -4.893    -4.893  [         0]
 622   Random      -5.641    -5.641  [         0]
 623 Permutate     -6.519    -6.859  [       600]
 624 Permutate     -6.275    -6.675  [       593]
 625 Permutate     -6.798    -6.859  [       600]
 626 Permutate     -6.699    -6.675  [       593]
 627 Permutate     -6.749    -6.831  [       591]
 628 Permutate     -6.819    -6.569  [       588]
 629 softmutate    -6.343    -6.241  [       572]
 630 softmutate    -5.988    -6.241  [       572]
 631 softmutate    -5.028    -6.859  [       600]
 632 softmutate    -4.790    -6.859  [       600]
 633 softmutate    -5.690    -6.462  [       590]
 634 softmutate    -5.412    -6.462  [       590]
 635 keptBest      -7.115    -7.115  [       586]
 636 keptBest      -6.912    -6.912  [       599]
 637 keptBest      -6.859    -6.859  [       600]
 638 keptBest      -6.693    -6.693  [       601]
 639 keptBest      -6.635    -6.635  [       602]
 640  Heredity     -6.349    -6.436  [  629  639]
 641  Heredity     -6.521    -6.771  [  627  628]
 642  Heredity     -5.390    -6.823  [  637  625]
 643  Heredity     -6.086    -6.831  [  636  613]
 644  Heredity     -6.283    -6.728  [  610  637]
 645  Heredity     -5.390    -6.769  [  637  626]
 646  Heredity     -6.549    -6.821  [  639  636]
 647  Heredity     -6.242    -6.870  [  636  628]
 648  Heredity     -5.413    -6.986  [  635  625]
 649  Heredity     -6.330    -7.019  [  625  635]
 650  Heredity     -5.934    -7.005  [  637  635]
 651  Heredity     -6.083    -6.542  [  613  624]
 652  Heredity     -6.157    -6.770  [  636  606]
 653  Heredity     -5.883    -6.889  [  636  637]
 654  Heredity     -5.377    -6.937  [  635  637]
 655   Random      -5.389    -5.389  [         0]
 656   Random      -6.411    -6.411  [         0]
 657   Random      -5.909    -5.909  [         0]
 658 Permutate     -6.421    -6.699  [       626]
 659 Permutate     -6.397    -6.377  [       617]
 660 Permutate     -6.505    -6.477  [       606]
 661 Permutate     -6.560    -6.519  [       623]
 662 Permutate     -6.499    -6.477  [       606]
 663 Permutate     -6.685    -6.635  [       639]
 664 Permutate     -6.800    -6.859  [       637]
 665 softmutate    -4.808    -6.586  [       609]
 666 softmutate    -5.965    -6.586  [       609]
 667 softmutate    -5.111    -6.819  [       628]
 668 softmutate    -6.042    -6.819  [       628]
 669 softmutate    -5.367    -6.859  [       637]
 670 softmutate    -5.048    -6.859  [       637]
 671 keptBest      -7.115    -7.115  [       635]
 672 keptBest      -6.912    -6.912  [       636]
 673 keptBest      -6.859    -6.859  [       637]
 674 keptBest      -6.693    -6.693  [       638]
 675 keptBest      -6.635    -6.635  [       639]
 676  Heredity     -5.053    -6.406  [  640  661]
 677  Heredity     -6.318    -6.502  [  658  675]
 678  Heredity     -5.683    -6.600  [  675  641]
 679  Heredity     -5.410    -6.234  [  643  640]
 680  Heredity     -6.929    -6.784  [  674  673]
 681  Heredity     -5.865    -6.642  [  658  672]
 682  Heredity     -6.587    -6.457  [  647  672]
 683  Heredity     -6.368    -6.511  [  675  649]
 684  Heredity     -4.765    -6.896  [  673  672]
 685  Heredity     -6.523    -6.709  [  661  664]
 686  Heredity     -6.285    -6.304  [  661  652]
 687  Heredity     -6.739    -6.561  [  674  660]
 688  Heredity     -5.762    -6.513  [  660  641]
 689  Heredity     -6.775    -6.648  [  663  675]
 690  Heredity     -5.387    -6.692  [  641  673]
 691  Heredity     -6.220    -6.551  [  675  658]
 692   Random      -4.788    -4.788  [         0]
 693   Random      -6.241    -6.241  [         0]
 694   Random      -6.588    -6.588  [         0]
 695 Permutate     -6.715    -6.859  [       673]
 696 Permutate     -7.293    -7.115  [       671]
 697 Permutate     -6.265    -7.115  [       671]
 698 Permutate     -6.923    -6.859  [       673]
 699 Permutate     -6.737    -6.693  [       674]
 700 Permutate     -6.663    -6.693  [       674]
 701 Permutate     -6.883    -6.912  [       672]
 702 softmutate    -5.408    -6.635  [       675]
 703 softmutate    -5.090    -6.635  [       675]
 704 softmutate    -6.211    -6.421  [       658]
 705 softmutate    -5.062    -6.421  [       658]
 706 keptBest      -7.115    -7.115  [       671]
 707 keptBest      -6.912    -6.912  [       672]
 708 keptBest      -6.859    -6.859  [       673]
 709 keptBest      -6.693    -6.693  [       674]
 710 keptBest      -6.635    -6.635  [       675]
 711  Heredity     -5.917    -6.650  [  683  707]
 712  Heredity     -5.783    -6.588  [  694  682]
 713  Heredity     -6.163    -6.938  [  696  689]
 714  Heredity     -6.035    -7.110  [  696  708]
 715  Heredity     -6.363    -6.829  [  680  709]
 716  Heredity     -6.264    -6.898  [  701  680]
 717  Heredity     -6.725    -6.760  [  689  699]
 718  Heredity     -6.527    -6.715  [  689  710]
 719  Heredity     -6.490    -7.026  [  695  696]
 720  Heredity     -6.291    -7.003  [  687  706]
 721  Heredity     -6.218    -6.907  [  680  708]
 722  Heredity     -6.426    -6.809  [  707  700]
 723  Heredity     -6.248    -7.031  [  696  695]
 724  Heredity     -6.485    -6.859  [  707  699]
 725  Heredity     -6.536    -6.823  [  689  707]
 726   Random      -5.884    -5.884  [         0]
 727   Random      -4.464    -4.464  [         0]
 728   Random      -4.462    -4.462  [         0]
 729 Permutate     -6.681    -6.715  [       695]
 730 Permutate     -6.711    -6.635  [       710]
 731 Permutate     -6.759    -7.115  [       706]
 732 Permutate     -6.483    -6.588  [       694]
 733 Permutate     -6.439    -7.115  [       706]
 734 Permutate     -6.824    -6.859  [       708]
 735 Permutate     -6.894    -6.912  [       707]
 736 softmutate    -4.750    -6.737  [       699]
 737 softmutate    -6.547    -6.737  [       699]
 738 softmutate    -5.690    -7.115  [       706]
 739 softmutate    -5.633    -6.859  [       708]
 740 softmutate    -5.629    -6.859  [       708]
 741 keptBest      -7.293    -7.293  [       696]
 742 keptBest      -7.115    -7.115  [       706]
 743 keptBest      -6.929    -6.929  [       680]
 744 keptBest      -6.859    -6.859  [       708]
 745 keptBest      -6.693    -6.693  [       709]
 746  Heredity     -5.088    -6.791  [  744  730]
 747  Heredity     -6.680    -6.731  [  733  743]
 748  Heredity     -6.215    -6.609  [  745  718]
 749  Heredity     -6.254    -6.973  [  742  735]
 750  Heredity     -6.389    -6.371  [  716  732]
 751  Heredity     -6.541    -6.976  [  744  741]
 752  Heredity     -5.092    -6.974  [  731  741]
 753  Heredity     -6.453    -7.035  [  742  743]
 754  Heredity     -5.709    -7.194  [  742  741]
 755  Heredity     -6.339    -6.996  [  742  743]
 756  Heredity     -7.013    -7.219  [  741  742]
 757  Heredity     -6.397    -6.776  [  734  717]
 758  Heredity     -6.269    -6.870  [  741  715]
 759  Heredity     -6.423    -7.018  [  743  742]
 760  Heredity     -6.202    -6.811  [  743  745]
 761   Random      -4.179    -4.179  [         0]
 762   Random      -5.687    -5.687  [         0]
 763   Random      -4.789    -4.789  [         0]
 764 Permutate     -6.605    -6.693  [       745]
 765 Permutate     -6.647    -6.894  [       735]
 766 Permutate     -6.939    -7.115  [       742]
 767 Permutate     -6.827    -6.824  [       734]
 768 Permutate     -6.492    -6.693  [       745]
 769 Permutate     -6.968    -7.115  [       742]
 770 Permutate     -6.285    -7.115  [       742]
 771 Permutate     -6.889    -6.859  [       744]
 772 softmutate    -6.185    -6.859  [       744]
 773 softmutate    -5.031    -6.859  [       744]
 774 softmutate    -5.132    -6.859  [       744]
 775 softmutate    -5.651    -6.859  [       744]
 776 keptBest      -7.293    -7.293  [       741]
 777 keptBest      -7.115    -7.115  [       742]
 778 keptBest      -6.929    -6.929  [       743]
 779 keptBest      -6.759    -6.759  [       731]
 780 keptBest      -6.439    -6.439  [       733]
 781  Heredity     -6.529    -6.951  [  778  769]
 782  Heredity     -6.095    -6.995  [  777  765]
 783  Heredity     -6.751    -6.491  [  764  780]
 784  Heredity     -6.423    -6.942  [  779  756]
 785  Heredity     -5.968    -6.570  [  759  769]
 786  Heredity     -6.750    -6.849  [  779  756]
 787  Heredity     -6.914    -7.038  [  776  766]
 788  Heredity     -6.855    -7.018  [  779  776]
 789  Heredity     -6.396    -6.863  [  767  766]
 790  Heredity     -6.210    -6.903  [  777  765]
 791  Heredity     -6.304    -6.859  [  777  779]
 792  Heredity     -6.628    -6.553  [  747  759]
 793  Heredity     -5.673    -6.958  [  766  756]
 794  Heredity     -6.569    -6.725  [  765  771]
 795  Heredity     -5.932    -6.821  [  756  765]
 796   Random      -4.730    -4.730  [         0]
 797   Random      -5.401    -5.401  [         0]
 798   Random      -4.187    -4.187  [         0]
 799 Permutate     -7.179    -7.013  [       756]
 800 Permutate     -6.762    -6.929  [       778]
 801 Permutate     -6.731    -6.605  [       764]
 802 Permutate     -6.348    -6.423  [       759]
 803 Permutate     -6.990    -6.968  [       769]
 804 Permutate     -6.338    -6.541  [       751]
 805 Permutate     -7.289    -6.939  [       766]
 806 Permutate     -6.607    -6.680  [       747]
 807 softmutate    -5.637    -6.889  [       771]
 808 softmutate    -5.412    -6.889  [       771]
 809 softmutate    -6.397    -7.013  [       756]
 810 softmutate    -5.690    -7.013  [       756]
 811 keptBest      -7.293    -7.293  [       776]
 812 keptBest      -7.115    -7.115  [       777]
 813 keptBest      -6.939    -6.939  [       766]
 814 keptBest      -6.929    -6.929  [       778]
 815 keptBest      -6.759    -6.759  [       779]
 816  Heredity     -5.390    -6.837  [  815  813]
 817  Heredity     -6.704    -6.948  [  788  799]
 818  Heredity     -5.352    -6.822  [  814  800]
 819  Heredity     -5.617    -6.638  [  813  802]
 820  Heredity     -6.300    -6.975  [  800  799]
 821  Heredity     -6.409    -6.868  [  815  799]
 822  Heredity     -5.873    -6.790  [  788  815]
 823  Heredity     -5.986    -7.172  [  811  812]
 824  Heredity     -6.423    -6.957  [  799  788]
 825  Heredity     -7.225    -7.038  [  813  811]
 826  Heredity     -6.468    -7.137  [  787  811]
 827  Heredity     -6.447    -6.803  [  814  801]
 828  Heredity     -6.597    -7.076  [  799  803]
 829  Heredity     -6.343    -7.069  [  803  811]
 830  Heredity     -6.679    -6.935  [  813  814]
 831   Random      -4.756    -4.756  [         0]
 832   Random      -5.416    -5.416  [         0]
 833   Random      -6.531    -6.531  [         0]
 834 Permutate     -7.277    -7.115  [       812]
 835 Permutate     -7.122    -6.939  [       813]
 836 Permutate     -7.049    -6.759  [       815]
 837 Permutate     -6.860    -7.115  [       812]
 838 Permutate     -7.073    -6.914  [       787]
 839 Permutate     -6.931    -6.990  [       803]
 840 Permutate     -6.957    -6.929  [       814]
 841 Permutate     -6.132    -6.939  [       813]
 842 softmutate    -5.635    -7.293  [       811]
 843 softmutate    -5.388    -6.939  [       813]
 844 softmutate    -5.112    -6.929  [       814]
 845 softmutate    -5.068    -6.929  [       814]
 846 keptBest      -7.293    -7.293  [       811]
 847 keptBest      -7.115    -7.115  [       812]
 848 keptBest      -6.990    -6.990  [       803]
 849 keptBest      -6.939    -6.939  [       813]
 850 keptBest      -6.929    -6.929  [       814]
 851  Heredity     -7.133    -7.151  [  825  849]
 852  Heredity     -6.670    -7.194  [  847  846]
 853  Heredity     -6.207    -7.062  [  846  850]
 854  Heredity     -6.463    -7.103  [  846  830]
 855  Heredity     -6.451    -7.097  [  846  837]
 856  Heredity     -6.144    -7.194  [  846  848]
 857  Heredity     -7.000    -7.151  [  825  835]
 858  Heredity     -6.961    -7.164  [  846  847]
 859  Heredity     -6.490    -7.158  [  840  834]
 860  Heredity     -6.097    -6.826  [  835  817]
 861  Heredity     -7.185    -7.203  [  835  834]
 862  Heredity     -6.383    -6.972  [  830  838]
 863  Heredity     -6.100    -7.045  [  825  849]
 864  Heredity     -6.373    -6.895  [  817  825]
 865   Random      -4.310    -4.310  [         0]
 866   Random      -3.710    -3.710  [         0]
 867   Random      -2.897    -2.897  [         0]
 868 Permutate     -6.510    -6.990  [       848]
 869 Permutate     -7.241    -6.939  [       849]
 870 Permutate     -6.746    -6.990  [       848]
 871 Permutate     -7.101    -7.277  [       834]
 872 Permutate     -6.742    -6.990  [       848]
 873 Permutate     -7.136    -7.293  [       846]
 874 Permutate     -6.412    -6.423  [       824]
 875 Permutate     -6.758    -6.704  [       817]
 876 Permutate     -7.137    -7.049  [       836]
 877 softmutate    -6.938    -7.277  [       834]
 878 softmutate    -6.103    -7.277  [       834]
 879 softmutate    -5.389    -7.073  [       838]
 880 softmutate    -6.396    -7.277  [       834]
 881 keptBest      -7.293    -7.293  [       846]
 882 keptBest      -7.225    -7.225  [       825]
 883 keptBest      -7.122    -7.122  [       835]
 884 keptBest      -7.073    -7.073  [       838]
 885 keptBest      -6.990    -6.990  [       848]
 886  Heredity     -6.205    -7.124  [  858  881]
 887  Heredity     -5.811    -7.260  [  882  881]
 888  Heredity     -6.800    -7.046  [  881  877]
 889  Heredity     -5.988    -7.154  [  861  876]
 890  Heredity     -7.159    -7.204  [  873  869]
 891  Heredity     -6.332    -6.827  [  876  854]
 892  Heredity     -6.596    -7.178  [  885  881]
 893  Heredity     -7.292    -7.227  [  881  884]
 894  Heredity     -6.247    -7.236  [  869  882]
 895  Heredity     -6.090    -7.186  [  883  882]
 896  Heredity     -5.389    -7.218  [  881  861]
 897  Heredity     -7.128    -7.141  [  884  869]
 898  Heredity     -6.585    -7.104  [  857  861]
 899  Heredity     -7.070    -7.101  [  884  876]
 900   Random      -5.414    -5.414  [         0]
 901   Random      -5.792    -5.792  [         0]
 902   Random      -6.232    -6.232  [         0]
 903 Permutate     -7.199    -7.293  [       881]
 904 Permutate     -6.149    -6.990  [       885]
 905 Permutate     -7.246    -7.101  [       871]
 906 Permutate     -6.298    -6.510  [       868]
 907 Permutate     -6.451    -6.451  [       855]
 908 Permutate     -6.339    -6.746  [       870]
 909 Permutate     -7.028    -7.293  [       881]
 910 Permutate     -6.730    -7.225  [       882]
 911 Permutate     -7.208    -7.000  [       857]
 912 softmutate    -5.650    -7.122  [       883]
 913 softmutate    -6.959    -7.101  [       871]
 914 softmutate    -6.379    -7.101  [       871]
 915 softmutate    -6.364    -6.758  [       875]
 916 softmutate    -5.261    -6.758  [       875]
 917 keptBest      -7.293    -7.293  [       881]
 918 keptBest      -7.241    -7.241  [       869]
 919 keptBest      -7.137    -7.137  [       876]
 920 keptBest      -7.136    -7.136  [       873]
 921 keptBest      -7.122    -7.122  [       883]
 922  Heredity     -5.894    -7.258  [  890  917]
 923  Heredity     -6.289    -6.945  [  917  892]
 924  Heredity     -6.321    -7.180  [  903  919]
 925  Heredity     -6.418    -6.769  [  919  891]
 926  Heredity     -7.183    -6.771  [  908  911]
 927  Heredity     -6.680    -7.202  [  911  903]
 928  Heredity     -7.293    -7.143  [  903  921]
 929  Heredity     -6.367    -7.198  [  919  905]
 930  Heredity     -6.608    -7.073  [  905  913]
 931  Heredity     -5.654    -6.973  [  911  891]
 932  Heredity     -6.573    -6.907  [  921  888]
 933  Heredity     -6.703    -7.042  [  917  907]
 934  Heredity     -6.756    -7.204  [  920  917]
 935  Heredity     -6.313    -7.229  [  911  905]
 936   Random      -5.362    -5.362  [         0]
 937   Random      -6.406    -6.406  [         0]
 938   Random      -6.573    -6.573  [         0]
 939 Permutate     -7.003    -7.246  [       905]
 940 Permutate     -6.936    -7.246  [       905]
 941 Permutate     -6.285    -6.332  [       891]
 942 Permutate     -6.566    -6.585  [       898]
 943 Permutate     -7.153    -7.246  [       905]
 944 Permutate     -7.375    -7.246  [       905]
 945 Permutate     -7.067    -7.208  [       911]
 946 Permutate     -7.009    -7.070  [       899]
 947 softmutate    -6.692    -7.293  [       917]
 948 softmutate    -5.413    -7.136  [       920]
 949 softmutate    -6.470    -7.122  [       921]
 950 softmutate    -5.436    -7.293  [       917]
 951 softmutate    -7.145    -7.293  [       917]
 952 keptBest      -7.293    -7.293  [       917]
 953 keptBest      -7.246    -7.246  [       905]
 954 keptBest      -7.208    -7.208  [       911]
 955 keptBest      -7.136    -7.136  [       920]
 956 keptBest      -7.122    -7.122  [       921]
 957  Heredity     -5.384    -6.947  [  933  952]
 958  Heredity     -6.865    -6.827  [  933  926]
 959  Heredity     -5.923    -7.119  [  944  946]
 960  Heredity     -6.520    -7.082  [  945  956]
 961  Heredity     -6.573    -6.835  [  940  933]
 962  Heredity     -6.522    -6.959  [  926  949]
 963  Heredity     -6.315    -7.194  [  954  926]
 964  Heredity     -6.716    -7.224  [  946  944]
 965  Heredity     -6.665    -7.021  [  955  940]
 966  Heredity     -6.162    -7.226  [  953  926]
 967  Heredity     -5.988    -7.322  [  952  944]
 968  Heredity     -6.186    -6.719  [  949  954]
 969  Heredity     -6.177    -6.806  [  956  949]
 970  Heredity     -6.209    -6.932  [  939  934]
 971   Random      -4.461    -4.461  [         0]
 972   Random      -5.382    -5.382  [         0]
 973   Random      -5.682    -5.682  [         0]
 974 Permutate     -7.112    -7.375  [       944]
 975 Permutate     -6.634    -6.608  [       930]
 976 Permutate     -6.638    -6.692  [       947]
 977 Permutate     -6.977    -7.183  [       926]
 978 Permutate     -6.820    -7.246  [       953]
 979 Permutate     -7.129    -7.122  [       956]
 980 Permutate     -6.672    -6.703  [       933]
 981 Permutate     -7.050    -7.067  [       945]
 982 softmutate    -5.981    -7.208  [       954]
 983 softmutate    -6.802    -7.122  [       956]
 984 softmutate    -5.091    -6.756  [       934]
 985 softmutate    -6.187    -6.756  [       934]
 986 softmutate    -5.636    -6.936  [       940]
 987 keptBest      -7.375    -7.375  [       944]
 988 keptBest      -7.293    -7.293  [       952]
 989 keptBest      -7.208    -7.208  [       954]
 990 keptBest      -7.183    -7.183  [       926]
 991 keptBest      -7.153    -7.153  [       943]
 992  Heredity     -6.267    -7.054  [  980  990]
 993  Heredity     -6.922    -7.140  [  990  981]
 994  Heredity     -5.042    -7.011  [  983  988]
 995  Heredity     -6.855    -6.820  [  958  964]
 996  Heredity     -6.581    -6.697  [  961  981]
 997  Heredity     -5.188    -6.941  [  981  983]
 998  Heredity     -6.342    -7.070  [  977  989]
 999  Heredity     -6.434    -7.155  [  979  990]
1000  Heredity     -6.629    -6.994  [  991  965]
1001  Heredity     -6.559    -7.098  [  990  958]
1002  Heredity     -6.528    -6.807  [  965  977]
1003  Heredity     -6.726    -6.867  [  979  964]
1004  Heredity     -6.655    -7.243  [  988  990]
1005  Heredity     -6.341    -7.210  [  987  974]
1006  Heredity     -6.975    -7.070  [  974  981]
1007   Random      -6.266    -6.266  [         0]
1008   Random      -4.784    -4.784  [         0]
1009   Random      -4.865    -4.865  [         0]
1010 Permutate     -7.193    -7.208  [       989]
1011 Permutate     -6.522    -6.522  [       962]
1012 Permutate     -6.901    -7.153  [       991]
1013 Permutate     -6.021    -7.208  [       989]
1014 Permutate     -6.895    -7.129  [       979]
1015 Permutate     -6.699    -6.573  [       961]
1016 Permutate     -7.238    -7.183  [       990]
1017 softmutate    -6.232    -7.183  [       990]
1018 softmutate    -6.150    -7.183  [       990]
1019 softmutate    -6.148    -7.112  [       974]
1020 softmutate    -4.188    -7.183  [       990]
1021 softmutate    -5.983    -7.293  [       988]
1022 keptBest      -7.375    -7.375  [       987]
1023 keptBest      -7.293    -7.293  [       988]
1024 keptBest      -7.208    -7.208  [       989]
1025 keptBest      -7.183    -7.183  [       990]
1026 keptBest      -7.153    -7.153  [       991]
1027  Heredity     -6.350    -6.784  [1003  1014]
1028  Heredity     -6.381    -6.832  [1015  1010]
1029  Heredity     -6.550    -7.037  [1016  1014]
1030  Heredity     -7.166    -7.048  [1014  1022]
1031  Heredity     -5.680    -6.938  [1015  1023]
1032  Heredity     -6.332    -7.044  [1024  1014]
1033  Heredity     -6.527    -7.316  [1022  1023]
1034  Heredity     -6.565    -7.126  [1016  1014]
1035  Heredity     -6.461    -6.752  [ 995  1004]
1036  Heredity     -6.717    -6.904  [1014   993]
1037  Heredity     -6.321    -6.926  [1003  1023]
1038  Heredity     -5.989    -7.284  [1022  1026]
1039  Heredity     -6.642    -6.898  [1014  1012]
1040  Heredity     -5.434    -6.988  [1014  1026]
1041  Heredity     -5.620    -6.986  [1010  1012]
1042  Heredity     -6.378    -7.218  [1010  1016]
1043  Heredity     -5.974    -7.239  [1010  1022]
1044   Random      -4.186    -4.186  [         0]
1045   Random      -4.465    -4.465  [         0]
1046   Random      -6.576    -6.576  [         0]
1047 Permutate     -7.165    -7.375  [      1022]
1048 Permutate     -6.616    -6.629  [      1000]
1049 Permutate     -6.671    -7.153  [      1026]
1050 Permutate     -6.570    -6.655  [      1004]
1051 Permutate     -7.200    -7.293  [      1023]
1052 Permutate     -6.580    -6.655  [      1004]
1053 softmutate    -5.090    -7.375  [      1022]
1054 softmutate    -5.110    -7.153  [      1026]
1055 softmutate    -6.244    -6.975  [      1006]
1056 softmutate    -5.488    -6.975  [      1006]
1057 keptBest      -7.375    -7.375  [      1022]
1058 keptBest      -7.293    -7.293  [      1023]
1059 keptBest      -7.208    -7.208  [      1024]
1060 keptBest      -7.153    -7.153  [      1026]
1061 keptBest      -6.975    -6.975  [      1006]
1062  Heredity     -6.870    -6.835  [1030  1052]
1063  Heredity     -4.444    -6.910  [1048  1047]
1064  Heredity     -5.953    -7.196  [1047  1059]
1065  Heredity     -5.763    -7.083  [1029  1058]
1066  Heredity     -5.989    -7.047  [1039  1051]
1067  Heredity     -6.200    -7.251  [1059  1057]
1068  Heredity     -7.174    -7.195  [1030  1059]
1069  Heredity     -5.113    -6.563  [1029  1052]
1070  Heredity     -7.335    -7.203  [1051  1059]
1071  Heredity     -4.805    -6.678  [1033  1061]
1072  Heredity     -5.997    -6.973  [1052  1059]
1073  Heredity     -6.093    -6.518  [1048  1028]
1074  Heredity     -6.434    -7.343  [1058  1057]
1075  Heredity     -6.353    -7.233  [1058  1059]
1076  Heredity     -6.544    -7.115  [1030  1061]
1077  Heredity     -6.545    -6.965  [1034  1030]
1078  Heredity     -6.635    -7.248  [1057  1061]
1079  Heredity     -6.668    -7.166  [1047  1030]
1080   Random      -5.132    -5.132  [         0]
1081   Random      -6.786    -6.786  [         0]
1082   Random      -6.260    -6.260  [         0]
1083 Permutate     -7.287    -7.375  [      1057]
1084 Permutate     -6.513    -6.616  [      1048]
1085 Permutate     -7.011    -7.166  [      1030]
1086 Permutate     -6.755    -7.166  [      1030]
1087 Permutate     -7.336    -7.293  [      1058]
1088 softmutate    -4.811    -7.375  [      1057]
1089 softmutate    -6.700    -7.375  [      1057]
1090 softmutate    -5.653    -7.293  [      1058]
1091 softmutate    -5.639    -6.975  [      1061]
1092 softmutate    -6.804    -6.975  [      1061]
1093 keptBest      -7.375    -7.375  [      1057]
1094 keptBest      -7.293    -7.293  [      1058]
1095 keptBest      -7.208    -7.208  [      1059]
1096 keptBest      -7.166    -7.166  [      1030]
1097 keptBest      -6.975    -6.975  [      1061]
1098  Heredity     -6.025    -6.993  [1095  1092]
1099  Heredity     -6.142    -7.142  [1094  1085]
1100  Heredity     -7.091    -6.965  [1087  1092]
1101  Heredity     -6.644    -7.270  [1095  1070]
1102  Heredity     -6.232    -6.916  [1085  1089]
1103  Heredity     -6.277    -7.245  [1087  1068]
1104  Heredity     -5.381    -6.804  [1084  1097]
1105  Heredity     -6.562    -6.955  [1096  1062]
1106  Heredity     -6.174    -7.131  [1089  1070]
1107  Heredity     -6.116    -6.918  [1077  1096]
1108  Heredity     -5.135    -7.129  [1062  1093]
1109  Heredity     -5.066    -7.172  [1097  1087]
1110  Heredity     -5.802    -7.249  [1094  1095]
1111  Heredity     -5.386    -7.291  [1070  1068]
1112  Heredity     -5.372    -7.107  [1083  1062]
1113   Random      -4.785    -4.785  [         0]
1114   Random      -4.511    -4.511  [         0]
1115   Random      -6.429    -6.429  [         0]
1116 Permutate     -7.250    -7.335  [      1070]
1117 Permutate     -7.178    -7.174  [      1068]
1118 Permutate     -6.700    -6.870  [      1062]
1119 Permutate     -6.662    -7.011  [      1085]
1120 Permutate     -7.036    -7.166  [      1096]
1121 Permutate     -7.296    -7.375  [      1093]
1122 Permutate     -7.373    -7.375  [      1093]
1123 softmutate    -6.138    -7.335  [      1070]
1124 softmutate    -6.581    -7.335  [      1070]
1125 softmutate    -5.693    -7.375  [      1093]
1126 softmutate    -7.015    -6.804  [      1092]
1127 softmutate    -4.787    -6.804  [      1092]
1128 keptBest      -7.375    -7.375  [      1093]
1129 keptBest      -7.293    -7.293  [      1094]
1130 keptBest      -7.208    -7.208  [      1095]
1131 keptBest      -7.174    -7.174  [      1068]
1132 keptBest      -7.166    -7.166  [      1096]
1133  Heredity     -7.281    -7.280  [1128  1117]
1134  Heredity     -7.174    -7.276  [1121  1116]
1135  Heredity     -6.514    -7.002  [1121  1105]
1136  Heredity     -6.387    -7.093  [1120  1117]
1137  Heredity     -6.183    -7.123  [1126  1130]
1138  Heredity     -7.320    -7.235  [1117  1128]
1139  Heredity     -6.164    -6.927  [1118  1116]
1140  Heredity     -6.262    -6.824  [1119  1117]
1141  Heredity     -6.506    -6.512  [1115  1105]
1142  Heredity     -7.260    -7.237  [1121  1130]
1143  Heredity     -6.064    -6.864  [1103  1117]
1144  Heredity     -7.075    -7.075  [1120  1117]
1145  Heredity     -6.528    -6.631  [1119  1105]
1146  Heredity     -6.543    -6.784  [1117  1125]
1147  Heredity     -6.297    -6.538  [1115  1124]
1148  Heredity     -6.344    -7.249  [1121  1130]
1149   Random      -4.512    -4.512  [         0]
1150   Random      -3.836    -3.836  [         0]
1151   Random      -4.163    -4.163  [         0]
1152 Permutate     -7.253    -7.208  [      1130]
1153 Permutate     -7.380    -7.208  [      1130]
1154 Permutate     -7.003    -7.091  [      1100]
1155 Permutate     -7.046    -7.208  [      1130]
1156 Permutate     -7.253    -7.296  [      1121]
1157 Permutate     -7.124    -7.375  [      1128]
1158 softmutate    -6.137    -7.250  [      1116]
1159 softmutate    -5.688    -7.250  [      1116]
1160 softmutate    -7.045    -7.208  [      1130]
1161 softmutate    -4.789    -7.208  [      1130]
1162 softmutate    -6.527    -7.208  [      1130]
1163 keptBest      -7.375    -7.375  [      1128]
1164 keptBest      -7.208    -7.208  [      1130]
1165 keptBest      -7.178    -7.178  [      1117]
1166 keptBest      -7.091    -7.091  [      1100]
1167 keptBest      -7.036    -7.036  [      1120]
1168  Heredity     -6.895    -7.302  [1138  1133]
1169  Heredity     -7.311    -7.346  [1163  1138]
1170  Heredity     -7.289    -7.242  [1133  1165]
1171  Heredity     -6.859    -7.063  [1154  1157]
1172  Heredity     -7.364    -7.338  [1133  1163]
1173  Heredity     -6.216    -7.233  [1165  1152]
1174  Heredity     -5.743    -6.807  [1145  1152]
1175  Heredity     -6.111    -7.106  [1144  1157]
1176  Heredity     -6.794    -7.348  [1153  1138]
1177  Heredity     -6.331    -7.140  [1166  1134]
1178  Heredity     -5.365    -7.231  [1164  1152]
1179  Heredity     -5.689    -7.305  [1134  1163]
1180  Heredity     -6.289    -6.876  [1152  1145]
1181  Heredity     -7.379    -7.310  [1153  1133]
1182  Heredity     -6.784    -6.680  [1163  1140]
1183  Heredity     -6.181    -7.228  [1138  1134]
1184  Heredity     -6.044    -7.104  [1163  1145]
1185   Random      -4.162    -4.162  [         0]
1186   Random      -6.120    -6.120  [         0]
1187   Random      -6.084    -6.084  [         0]
1188 Permutate     -6.965    -7.281  [      1133]
1189 Permutate     -7.084    -7.003  [      1154]
1190 Permutate     -7.379    -7.046  [      1155]
1191 Permutate     -6.922    -7.260  [      1142]
1192 Permutate     -6.972    -7.178  [      1165]
1193 Permutate     -6.867    -7.208  [      1164]
1194 softmutate    -5.697    -7.320  [      1138]
1195 softmutate    -5.496    -7.320  [      1138]
1196 softmutate    -5.088    -7.003  [      1154]
1197 softmutate    -5.656    -7.003  [      1154]
1198 keptBest      -7.380    -7.380  [      1153]
1199 keptBest      -7.320    -7.320  [      1138]
1200 keptBest      -7.281    -7.281  [      1133]
1201 keptBest      -7.253    -7.253  [      1152]
1202 keptBest      -7.178    -7.178  [      1165]
1203  Heredity     -6.484    -7.297  [1198  1201]
1204  Heredity     -6.383    -7.290  [1201  1198]
1205  Heredity     -6.988    -7.161  [1201  1192]
1206  Heredity     -6.264    -6.970  [1189  1168]
1207  Heredity     -6.368    -7.379  [1198  1190]
1208  Heredity     -6.483    -7.254  [1198  1168]
1209  Heredity     -7.248    -7.334  [1199  1172]
1210  Heredity     -6.123    -7.107  [1181  1182]
1211  Heredity     -6.530    -7.351  [1199  1198]
1212  Heredity     -6.246    -7.211  [1201  1202]
1213  Heredity     -6.999    -7.128  [1192  1198]
1214  Heredity     -7.384    -7.305  [1172  1202]
1215  Heredity     -5.711    -7.076  [1191  1201]
1216  Heredity     -6.181    -7.353  [1170  1190]
1217  Heredity     -5.485    -7.222  [1172  1189]
1218  Heredity     -6.550    -7.232  [1202  1172]
1219  Heredity     -6.608    -7.201  [1198  1193]
1220   Random      -6.438    -6.438  [         0]
1221   Random      -5.681    -5.681  [         0]
1222   Random      -5.854    -5.854  [         0]
1223 Permutate     -7.325    -7.380  [      1198]
1224 Permutate     -7.384    -7.379  [      1181]
1225 Permutate     -7.299    -7.289  [      1170]
1226 Permutate     -7.081    -7.320  [      1199]
1227 Permutate     -7.327    -7.178  [      1202]
1228 Permutate     -6.610    -6.972  [      1192]
1229 softmutate    -6.874    -7.379  [      1181]
1230 softmutate    -6.443    -6.972  [      1192]
1231 softmutate    -4.788    -6.972  [      1192]
1232 softmutate    -6.544    -7.253  [      1201]
1233 keptBest      -7.380    -7.380  [      1198]
1234 keptBest      -7.320    -7.320  [      1199]
1235 keptBest      -7.253    -7.253  [      1201]
1236 keptBest      -7.178    -7.178  [      1202]
1237 keptBest      -6.972    -6.972  [      1192]
1238  Heredity     -5.215    -7.289  [1209  1234]
1239  Heredity     -6.631    -7.002  [1214  1232]
1240  Heredity     -6.660    -7.358  [1225  1233]
1241  Heredity     -6.221    -7.043  [1225  1229]
1242  Heredity     -5.486    -7.072  [1237  1209]
1243  Heredity     -6.242    -7.310  [1223  1225]
1244  Heredity     -6.687    -6.925  [1209  1228]
1245  Heredity     -7.351    -7.298  [1235  1223]
1246  Heredity     -6.195    -7.323  [1223  1234]
1247  Heredity     -6.448    -6.562  [1219  1211]
1248  Heredity     -6.875    -7.137  [1213  1223]
1249  Heredity     -7.201    -7.382  [1224  1233]
1250  Heredity     -6.162    -7.167  [1237  1225]
1251  Heredity     -6.507    -7.294  [1235  1234]
1252  Heredity     -6.226    -7.362  [1224  1223]
1253   Random      -5.748    -5.748  [         0]
1254   Random      -5.207    -5.207  [         0]
1255   Random      -6.348    -6.348  [         0]
1256 Permutate     -6.545    -6.988  [      1205]
1257 Permutate     -6.053    -6.988  [      1205]
1258 Permutate     -7.061    -7.380  [      1233]
1259 Permutate     -6.830    -7.327  [      1227]
1260 Permutate     -6.488    -6.484  [      1203]
1261 Permutate     -7.088    -7.320  [      1234]
1262 softmutate    -5.263    -7.327  [      1227]
1263 softmutate    -6.497    -7.320  [      1234]
1264 softmutate    -5.266    -7.320  [      1234]
1265 softmutate    -5.978    -7.327  [      1227]
1266 softmutate    -6.033    -7.327  [      1227]
1267 softmutate    -6.205    -7.384  [      1224]
1268 keptBest      -7.384    -7.384  [      1214]
1269 keptBest      -7.325    -7.325  [      1223]
1270 keptBest      -7.320    -7.320  [      1234]
1271 keptBest      -7.253    -7.253  [      1235]
1272 keptBest      -7.178    -7.178  [      1236]
1273  Heredity     -6.936    -7.314  [1245  1271]
1274  Heredity     -5.915    -6.841  [1249  1240]
1275  Heredity     -7.271    -7.339  [1245  1269]
1276  Heredity     -6.519    -7.364  [1245  1268]
1277  Heredity     -6.274    -7.160  [1271  1258]
1278  Heredity     -6.769    -7.342  [1268  1269]
1279  Heredity     -5.422    -6.764  [1239  1258]
1280  Heredity     -6.206    -7.159  [1269  1258]
1281  Heredity     -6.093    -7.059  [1259  1272]
1282  Heredity     -6.734    -7.298  [1271  1269]
1283  Heredity     -6.635    -6.891  [1272  1256]
1284  Heredity     -7.376    -7.168  [1245  1261]
1285  Heredity     -5.388    -6.722  [1268  1260]
1286  Heredity     -7.342    -7.355  [1268  1269]
1287  Heredity     -7.114    -7.244  [1268  1272]
1288  Heredity     -5.832    -7.228  [1248  1245]
1289  Heredity     -5.822    -6.833  [1249  1240]
1290   Random      -6.469    -6.469  [         0]
1291   Random      -6.595    -6.595  [         0]
1292   Random      -5.330    -5.330  [         0]
1293 Permutate     -7.098    -7.253  [      1271]
1294 Permutate     -6.749    -6.830  [      1259]
1295 Permutate     -7.363    -7.384  [      1268]
1296 Permutate     -7.034    -7.201  [      1249]
1297 Permutate     -7.089    -7.325  [      1269]
1298 softmutate    -6.546    -6.687  [      1244]
1299 softmutate    -6.138    -6.687  [      1244]
1300 softmutate    -6.730    -7.201  [      1249]
1301 softmutate    -5.635    -7.201  [      1249]
1302 softmutate    -6.668    -6.830  [      1259]
1303 softmutate    -6.515    -6.830  [      1259]
1304 keptBest      -7.384    -7.384  [      1268]
1305 keptBest      -7.351    -7.351  [      1245]
1306 keptBest      -7.320    -7.320  [      1270]
1307 keptBest      -7.253    -7.253  [      1271]
1308 keptBest      -7.178    -7.178  [      1272]
1309  Heredity     -6.327    -7.312  [1304  1293]
1310  Heredity     -6.799    -7.241  [1304  1308]
1311  Heredity     -5.962    -7.145  [1304  1302]
1312  Heredity     -6.665    -7.106  [1293  1287]
1313  Heredity     -6.782    -7.115  [1296  1286]
1314  Heredity     -6.150    -7.328  [1304  1275]
1315  Heredity     -7.152    -7.342  [1305  1306]
1316  Heredity     -6.147    -7.327  [1306  1286]
1317  Heredity     -6.290    -7.099  [1287  1297]
1318  Heredity     -6.357    -7.102  [1296  1275]
1319  Heredity     -6.720    -7.255  [1308  1306]
1320  Heredity     -6.314    -6.917  [1293  1282]
1321  Heredity     -6.286    -7.312  [1305  1275]
1322  Heredity     -7.154    -6.901  [1282  1295]
1323   Random      -5.984    -5.984  [         0]
1324   Random      -5.059    -5.059  [         0]
1325   Random      -5.410    -5.410  [         0]
1326 Permutate     -7.012    -7.271  [      1275]
1327 Permutate     -6.885    -7.253  [      1307]
1328 Permutate     -7.218    -7.320  [      1306]
1329 Permutate     -7.037    -7.384  [      1304]
1330 Permutate     -7.325    -7.271  [      1275]
1331 Permutate     -6.619    -6.668  [      1302]
1332 Permutate     -7.114    -7.363  [      1295]
1333 softmutate    -5.069    -6.635  [      1283]
1334 softmutate    -5.669    -6.635  [      1283]
1335 softmutate    -6.411    -6.936  [      1273]
1336 softmutate    -6.719    -7.271  [      1275]
1337 softmutate    -4.863    -7.384  [      1304]
1338 softmutate    -6.270    -7.384  [      1304]
1339 keptBest      -7.384    -7.384  [      1304]
1340 keptBest      -7.351    -7.351  [      1305]
1341 keptBest      -7.320    -7.320  [      1306]
1342 keptBest      -7.253    -7.253  [      1307]
1343 keptBest      -7.178    -7.178  [      1308]
1344  Heredity     -6.504    -7.303  [1340  1342]
1345  Heredity     -6.454    -7.218  [1342  1322]
1346  Heredity     -6.198    -7.018  [1339  1310]
1347  Heredity     -6.353    -7.350  [1339  1342]
1348  Heredity     -6.097    -6.929  [1315  1320]
1349  Heredity     -6.759    -6.980  [1332  1313]
1350  Heredity     -5.625    -6.660  [1319  1331]
1351  Heredity     -6.020    -7.350  [1339  1330]
1352  Heredity     -5.681    -7.050  [1328  1319]
1353  Heredity     -6.529    -7.259  [1332  1340]
1354  Heredity     -7.238    -7.161  [1343  1322]
1355  Heredity     -6.610    -7.086  [1332  1326]
1356  Heredity     -6.311    -7.137  [1342  1326]
1357  Heredity     -5.937    -6.605  [1309  1328]
1358  Heredity     -6.220    -7.272  [1330  1343]
1359  Heredity     -6.454    -7.051  [1343  1319]
1360   Random      -4.740    -4.740  [         0]
1361   Random      -5.067    -5.067  [         0]
1362   Random      -5.701    -5.701  [         0]
1363 Permutate     -7.370    -7.351  [      1340]
1364 Permutate     -7.367    -7.384  [      1339]
1365 Permutate     -7.260    -7.384  [      1339]
1366 Permutate     -7.240    -7.178  [      1343]
1367 Permutate     -7.226    -7.253  [      1342]
1368 Permutate     -7.241    -7.152  [      1315]
1369 Permutate     -7.347    -7.384  [      1339]
1370 softmutate    -5.631    -7.253  [      1342]
1371 softmutate    -5.670    -7.037  [      1329]
1372 softmutate    -5.263    -6.327  [      1309]
1373 softmutate    -5.087    -6.327  [      1309]
1374 keptBest      -7.384    -7.384  [      1339]
1375 keptBest      -7.351    -7.351  [      1340]
1376 keptBest      -7.253    -7.253  [      1342]
1377 keptBest      -7.218    -7.218  [      1328]
1378 keptBest      -7.178    -7.178  [      1343]
1379  Heredity     -6.137    -7.284  [1368  1375]
1380  Heredity     -6.191    -6.970  [1344  1369]
1381  Heredity     -6.659    -7.359  [1364  1375]
1382  Heredity     -5.979    -6.731  [1374  1344]
1383  Heredity     -6.900    -7.224  [1377  1354]
1384  Heredity     -6.401    -7.247  [1366  1365]
1385  Heredity     -5.069    -7.047  [1368  1355]
1386  Heredity     -6.363    -6.670  [1345  1349]
1387  Heredity     -6.562    -6.871  [1347  1369]
1388  Heredity     -7.129    -7.245  [1354  1365]
1389  Heredity     -5.089    -7.332  [1364  1354]
1390  Heredity     -6.375    -6.820  [1378  1353]
1391  Heredity     -7.326    -7.345  [1374  1354]
1392  Heredity     -6.405    -7.246  [1365  1368]
1393  Heredity     -6.823    -7.085  [1364  1349]
1394  Heredity     -6.518    -7.317  [1374  1368]
1395  Heredity     -6.889    -7.296  [1354  1369]
1396  Heredity     -5.933    -6.609  [1347  1364]
1397   Random      -5.081    -5.081  [         0]
1398   Random      -5.065    -5.065  [         0]
1399   Random      -6.167    -6.167  [         0]
1400 Permutate     -7.275    -7.178  [      1378]
1401 Permutate     -6.953    -7.240  [      1366]
1402 Permutate     -7.308    -7.241  [      1368]
1403 Permutate     -7.053    -7.178  [      1378]
1404 Permutate     -6.849    -7.351  [      1375]
1405 softmutate    -5.765    -6.610  [      1355]
1406 softmutate    -5.361    -6.610  [      1355]
1407 softmutate    -5.927    -7.351  [      1375]
1408 softmutate    -6.758    -7.351  [      1375]
1409 keptBest      -7.384    -7.384  [      1374]
1410 keptBest      -7.351    -7.351  [      1375]
1411 keptBest      -7.347    -7.347  [      1369]
1412 keptBest      -7.260    -7.260  [      1365]
1413 keptBest      -7.241    -7.241  [      1368]
1414  Heredity     -6.709    -7.070  [1400  1401]
1415  Heredity     -6.229    -6.698  [1386  1391]
1416  Heredity     -6.128    -7.030  [1388  1401]
1417  Heredity     -6.353    -7.313  [1402  1391]
1418  Heredity     -6.251    -7.143  [1401  1400]
1419  Heredity     -6.393    -6.823  [1408  1395]
1420  Heredity     -6.597    -7.287  [1410  1412]
1421  Heredity     -7.186    -7.311  [1409  1400]
1422  Heredity     -6.169    -6.801  [1394  1403]
1423  Heredity     -7.284    -7.366  [1409  1410]
1424  Heredity     -6.384    -7.288  [1402  1400]
1425  Heredity     -5.411    -6.883  [1402  1392]
1426  Heredity     -7.010    -7.370  [1409  1410]
1427  Heredity     -6.878    -7.169  [1412  1388]
1428  Heredity     -5.411    -6.905  [1388  1394]
1429  Heredity     -6.168    -6.474  [1386  1387]
1430   Random      -6.909    -6.909  [         0]
1431   Random      -5.641    -5.641  [         0]
1432   Random      -6.414    -6.414  [         0]
1433 Permutate     -7.225    -7.275  [      1400]
1434 Permutate     -6.637    -7.260  [      1412]
1435 Permutate     -6.404    -6.849  [      1404]
1436 Permutate     -7.285    -7.241  [      1413]
1437 Permutate     -7.056    -7.347  [      1411]
1438 Permutate     -6.787    -7.260  [      1412]
1439 Permutate     -6.937    -6.900  [      1383]
1440 softmutate    -5.540    -7.129  [      1388]
1441 softmutate    -6.360    -6.953  [      1401]
1442 softmutate    -5.990    -6.953  [      1401]
1443 softmutate    -6.941    -6.953  [      1401]
1444 keptBest      -7.384    -7.384  [      1409]
1445 keptBest      -7.351    -7.351  [      1410]
1446 keptBest      -7.347    -7.347  [      1411]
1447 keptBest      -7.326    -7.326  [      1391]
1448 keptBest      -7.275    -7.275  [      1400]
1449  Heredity     -6.621    -6.959  [1438  1423]
1450  Heredity     -6.679    -7.294  [1444  1433]
1451  Heredity     -5.411    -7.285  [1423  1436]
1452  Heredity     -5.388    -6.905  [1414  1426]
1453  Heredity     -6.489    -7.341  [1446  1447]
1454  Heredity     -6.574    -7.164  [1436  1426]
1455  Heredity     -7.246    -7.334  [1445  1447]
1456  Heredity     -4.766    -7.023  [1443  1437]
1457  Heredity     -6.070    -7.318  [1444  1433]
1458  Heredity     -5.819    -7.028  [1443  1423]
1459  Heredity     -7.373    -7.368  [1444  1445]
1460  Heredity     -6.810    -7.127  [1439  1447]
1461  Heredity     -6.096    -7.245  [1437  1445]
1462  Heredity     -6.707    -7.117  [1421  1443]
1463   Random      -6.350    -6.350  [         0]
1464   Random      -6.019    -6.019  [         0]
1465   Random      -5.710    -5.710  [         0]
1466 Permutate     -7.120    -7.351  [      1445]
1467 Permutate     -7.244    -7.225  [      1433]
1468 Permutate     -7.200    -7.384  [      1444]
1469 Permutate     -7.148    -7.384  [      1444]
1470 Permutate     -7.344    -7.384  [      1444]
1471 Permutate     -7.237    -7.284  [      1423]
1472 Permutate     -7.380    -7.384  [      1444]
1473 Permutate     -7.010    -7.010  [      1426]
1474 softmutate    -7.248    -7.186  [      1421]
1475 softmutate    -6.536    -7.347  [      1446]
1476 softmutate    -6.526    -7.284  [      1423]
1477 softmutate    -6.247    -7.284  [      1423]
1478 softmutate    -6.862    -7.225  [      1433]
1479 keptBest      -7.384    -7.384  [      1444]
1480 keptBest      -7.351    -7.351  [      1445]
1481 keptBest      -7.347    -7.347  [      1446]
1482 keptBest      -7.326    -7.326  [      1447]
1483 keptBest      -7.285    -7.285  [      1436]
1484  Heredity     -7.057    -7.379  [1479  1459]
1485  Heredity     -6.451    -7.169  [1483  1473]
1486  Heredity     -6.335    -6.836  [1454  1459]
1487  Heredity     -6.576    -7.314  [1481  1483]
1488  Heredity     -7.089    -7.224  [1474  1468]
1489  Heredity     -6.315    -7.144  [1482  1478]
1490  Heredity     -5.745    -7.362  [1480  1479]
1491  Heredity     -6.452    -7.304  [1474  1479]
1492  Heredity     -6.381    -7.312  [1480  1483]
1493  Heredity     -7.175    -7.338  [1481  1482]
1494  Heredity     -7.241    -7.271  [1468  1479]
1495  Heredity     -4.748    -7.342  [1480  1482]
1496  Heredity     -6.073    -7.170  [1466  1483]
1497  Heredity     -6.376    -6.888  [1459  1462]
1498  Heredity     -6.207    -7.074  [1478  1480]
1499   Random      -6.228    -6.228  [         0]
1500   Random      -4.742    -4.742  [         0]
1501   Random      -3.864    -3.864  [         0]
1502 Permutate     -7.173    -7.326  [      1482]
1503 Permutate     -7.334    -7.326  [      1482]
1504 Permutate     -7.368    -7.384  [      1479]
1505 Permutate     -7.236    -7.384  [      1479]
1506 softmutate    -6.260    -7.246  [      1455]
1507 softmutate    -6.799    -7.347  [      1481]
1508 softmutate    -6.531    -7.347  [      1481]
1509 softmutate    -6.482    -7.120  [      1466]
1510 softmutate    -5.939    -7.373  [      1459]
1511 softmutate    -7.162    -7.248  [      1474]
1512 softmutate    -6.542    -7.384  [      1479]
1513 softmutate    -4.897    -7.384  [      1479]
1514 keptBest      -7.384    -7.384  [      1479]
1515 keptBest      -7.351    -7.351  [      1480]
1516 keptBest      -7.347    -7.347  [      1481]
1517 keptBest      -7.326    -7.326  [      1482]
1518 keptBest      -7.285    -7.285  [      1483]
1519  Heredity     -6.028    -7.333  [1504  1494]
1520  Heredity     -5.089    -7.191  [1511  1494]
1521  Heredity     -6.276    -7.297  [1515  1493]
1522  Heredity     -5.067    -7.202  [1504  1488]
1523  Heredity     -7.158    -7.166  [1518  1484]
1524  Heredity     -5.215    -7.304  [1515  1493]
1525  Heredity     -6.827    -7.317  [1494  1515]
1526  Heredity     -5.973    -7.068  [1484  1488]
1527  Heredity     -6.265    -6.944  [1518  1487]
1528  Heredity     -7.346    -7.316  [1493  1504]
1529  Heredity     -6.969    -7.153  [1504  1507]
1530  Heredity     -6.098    -7.304  [1518  1515]
1531  Heredity     -7.280    -7.229  [1493  1504]
1532  Heredity     -5.669    -7.259  [1488  1503]
1533  Heredity     -6.269    -7.367  [1515  1514]
1534  Heredity     -7.223    -7.323  [1494  1514]
1535   Random      -6.303    -6.303  [         0]
1536   Random      -7.068    -7.068  [         0]
1537   Random      -4.565    -4.565  [         0]
1538 Permutate     -7.299    -7.236  [      1505]
1539 Permutate     -6.934    -7.162  [      1511]
1540 Permutate     -7.254    -7.285  [      1518]
1541 Permutate     -6.446    -6.482  [      1509]
1542 softmutate    -5.058    -6.531  [      1508]
1543 softmutate    -4.487    -6.531  [      1508]
1544 softmutate    -5.072    -6.542  [      1512]
1545 softmutate    -5.371    -6.542  [      1512]
1546 softmutate    -6.489    -7.241  [      1494]
1547 softmutate    -6.422    -7.368  [      1504]
1548 softmutate    -6.121    -7.241  [      1494]
1549 softmutate    -7.103    -7.241  [      1494]
1550 keptBest      -7.384    -7.384  [      1514]
1551 keptBest      -7.351    -7.351  [      1515]
1552 keptBest      -7.347    -7.347  [      1516]
1553 keptBest      -7.285    -7.285  [      1518]
1554 keptBest      -7.241    -7.241  [      1494]
1555  Heredity     -5.112    -7.373  [1551  1550]
1556  Heredity     -6.286    -7.234  [1539  1550]
1557  Heredity     -7.357    -7.291  [1534  1550]
1558  Heredity     -6.543    -7.326  [1538  1528]
1559  Heredity     -7.238    -7.260  [1528  1534]
1560  Heredity     -6.969    -7.370  [1550  1551]
1561  Heredity     -6.460    -7.285  [1538  1531]
1562  Heredity     -6.563    -7.302  [1528  1553]
1563  Heredity     -6.696    -7.361  [1550  1552]
1564  Heredity     -6.535    -7.268  [1553  1540]
1565  Heredity     -6.065    -7.333  [1538  1528]
1566  Heredity     -5.937    -7.141  [1539  1553]
1567  Heredity     -5.692    -7.267  [1551  1534]
1568   Random      -4.183    -4.183  [         0]
1569   Random      -4.804    -4.804  [         0]
1570   Random      -6.649    -6.649  [         0]
1571 Permutate     -7.324    -7.285  [      1553]
1572 Permutate     -6.935    -7.280  [      1531]
1573 Permutate     -7.127    -7.285  [      1553]
1574 Permutate     -7.211    -7.223  [      1534]
1575 Permutate     -7.348    -7.346  [      1528]
1576 Permutate     -7.316    -7.351  [      1551]
1577 Permutate     -6.945    -7.285  [      1553]
1578 softmutate    -5.957    -7.384  [      1550]
1579 softmutate    -6.836    -7.103  [      1549]
1580 softmutate    -6.840    -7.103  [      1549]
1581 softmutate    -5.411    -7.241  [      1554]
1582 softmutate    -5.113    -7.384  [      1550]
1583 softmutate    -6.018    -7.223  [      1534]
1584 softmutate    -5.090    -6.121  [      1548]
1585 softmutate    -5.156    -6.121  [      1548]
1586 keptBest      -7.384    -7.384  [      1550]
1587 keptBest      -7.351    -7.351  [      1551]
1588 keptBest      -7.347    -7.347  [      1552]
1589 keptBest      -7.285    -7.285  [      1553]
1590 keptBest      -7.241    -7.241  [      1554]
1591  Heredity     -5.622    -7.020  [1590  1561]
1592  Heredity     -6.216    -7.306  [1589  1557]
1593  Heredity     -6.780    -7.337  [1571  1588]
1594  Heredity     -7.339    -7.281  [1574  1575]
1595  Heredity     -6.983    -7.327  [1575  1576]
1596  Heredity     -6.115    -7.313  [1557  1589]
1597  Heredity     -6.052    -7.275  [1590  1588]
1598  Heredity     -6.390    -7.284  [1586  1573]
1599  Heredity     -6.587    -7.354  [1557  1587]
1600  Heredity     -4.465    -7.087  [1580  1575]
1601  Heredity     -6.544    -7.346  [1571  1557]
1602  Heredity     -7.308    -7.283  [1587  1590]
1603  Heredity     -6.209    -7.238  [1586  1577]
1604  Heredity     -6.521    -6.881  [1561  1588]
1605  Heredity     -6.909    -7.366  [1571  1586]
1606  Heredity     -5.989    -6.896  [1577  1580]
1607   Random      -6.042    -6.042  [         0]
1608   Random      -5.712    -5.712  [         0]
1609   Random      -5.646    -5.646  [         0]
1610 Permutate     -7.245    -7.324  [      1571]
1611 Permutate     -7.065    -7.324  [      1571]
1612 Permutate     -6.848    -6.840  [      1580]
1613 Permutate     -7.340    -7.211  [      1574]
1614 Permutate     -7.031    -7.211  [      1574]
1615 softmutate    -6.906    -7.384  [      1586]
1616 softmutate    -6.807    -7.384  [      1586]
1617 softmutate    -6.264    -7.351  [      1587]
1618 softmutate    -5.431    -7.347  [      1588]
1619 softmutate    -4.941    -7.348  [      1575]
1620 softmutate    -5.680    -7.241  [      1590]
1621 keptBest      -7.384    -7.384  [      1586]
1622 keptBest      -7.351    -7.351  [      1587]
1623 keptBest      -7.347    -7.347  [      1588]
1624 keptBest      -7.324    -7.324  [      1571]
1625 keptBest      -7.241    -7.241  [      1590]
1626  Heredity     -7.143    -7.171  [1611  1622]
1627  Heredity     -6.332    -7.028  [1599  1622]
1628  Heredity     -6.555    -6.880  [1595  1593]
1629  Heredity     -6.199    -7.164  [1624  1595]
1630  Heredity     -7.226    -7.372  [1621  1622]
1631  Heredity     -6.339    -7.341  [1594  1623]
1632  Heredity     -6.282    -7.288  [1621  1610]
1633  Heredity     -6.564    -7.330  [1624  1623]
1634  Heredity     -6.441    -7.187  [1614  1625]
1635  Heredity     -6.659    -7.358  [1602  1621]
1636  Heredity     -5.983    -6.967  [1611  1605]
1637  Heredity     -6.917    -7.301  [1622  1625]
1638  Heredity     -5.936    -6.870  [1616  1595]
1639  Heredity     -6.470    -6.830  [1623  1598]
1640  Heredity     -5.932    -7.272  [1624  1625]
1641  Heredity     -5.996    -6.715  [1605  1598]
1642   Random      -6.714    -6.714  [         0]
1643   Random      -7.286    -7.286  [         0]
1644   Random      -6.499    -6.499  [         0]
1645 Permutate     -7.254    -7.241  [      1625]
1646 Permutate     -7.296    -7.351  [      1622]
1647 Permutate     -7.352    -7.384  [      1621]
1648 Permutate     -6.927    -6.983  [      1595]
1649 Permutate     -7.263    -7.351  [      1622]
1650 Permutate     -7.091    -7.245  [      1610]
1651 softmutate    -6.400    -7.245  [      1610]
1652 softmutate    -4.790    -7.245  [      1610]
1653 softmutate    -4.485    -6.848  [      1612]
1654 softmutate    -4.789    -6.848  [      1612]
1655 softmutate    -5.978    -7.065  [      1611]
1656 keptBest      -7.384    -7.384  [      1621]
1657 keptBest      -7.351    -7.351  [      1622]
1658 keptBest      -7.347    -7.347  [      1623]
1659 keptBest      -7.324    -7.324  [      1624]
1660 keptBest      -7.241    -7.241  [      1625]
1661  Heredity     -5.460    -7.187  [1656  1642]
1662  Heredity     -6.996    -7.319  [1643  1657]
1663  Heredity     -6.585    -7.273  [1646  1649]
1664  Heredity     -5.036    -7.110  [1659  1648]
1665  Heredity     -6.985    -7.334  [1659  1657]
1666  Heredity     -4.768    -7.351  [1647  1657]
1667  Heredity     -6.518    -7.310  [1649  1656]
1668  Heredity     -5.691    -7.042  [1659  1644]
1669  Heredity     -6.853    -7.118  [1650  1626]
1670  Heredity     -5.112    -7.255  [1657  1626]
1671  Heredity     -6.548    -7.288  [1647  1626]
1672  Heredity     -7.073    -7.274  [1646  1645]
1673  Heredity     -5.985    -7.351  [1657  1647]
1674  Heredity     -6.066    -7.011  [1626  1648]
1675  Heredity     -5.951    -7.313  [1657  1649]
1676  Heredity     -6.665    -7.265  [1646  1645]
1677   Random      -3.838    -3.838  [         0]
1678   Random      -6.355    -6.355  [         0]
1679   Random      -6.186    -6.186  [         0]
1680   Random      -5.709    -5.709  [         0]
1681 Permutate     -7.095    -7.352  [      1647]
1682 Permutate     -7.049    -7.352  [      1647]
1683 Permutate     -7.071    -7.143  [      1626]
1684 Permutate     -7.048    -7.286  [      1643]
1685 Permutate     -7.297    -7.352  [      1647]
1686 softmutate    -6.383    -7.352  [      1647]
1687 softmutate    -5.239    -7.352  [      1647]
1688 softmutate    -5.054    -7.296  [      1646]
1689 softmutate    -5.941    -6.499  [      1644]
1690 softmutate    -4.811    -6.499  [      1644]
1691 keptBest      -7.384    -7.384  [      1656]
1692 keptBest      -7.351    -7.351  [      1657]
1693 keptBest      -7.324    -7.324  [      1659]
1694 keptBest      -7.296    -7.296  [      1646]
1695 keptBest      -7.286    -7.286  [      1643]
1696  Heredity     -6.640    -7.072  [1683  1672]
1697  Heredity     -5.938    -7.164  [1693  1682]
1698  Heredity     -6.506    -7.315  [1685  1692]
1699  Heredity     -6.435    -6.940  [1669  1683]
1700  Heredity     -4.831    -7.166  [1662  1693]
1701  Heredity     -6.832    -7.346  [1685  1691]
1702  Heredity     -6.524    -7.092  [1662  1693]
1703  Heredity     -6.468    -7.118  [1669  1693]
1704  Heredity     -6.396    -7.108  [1692  1669]
1705  Heredity     -7.073    -7.249  [1681  1691]
1706  Heredity     -6.555    -7.219  [1692  1672]
1707  Heredity     -5.534    -7.312  [1685  1692]
1708  Heredity     -5.342    -7.309  [1695  1692]
1709  Heredity     -7.149    -7.214  [1693  1681]
1710  Heredity     -6.365    -7.041  [1662  1672]
1711   Random      -6.782    -6.782  [         0]
1712   Random      -6.217    -6.217  [         0]
1713   Random      -5.584    -5.584  [         0]
1714   Random      -5.344    -5.344  [         0]
1715 Permutate     -7.251    -7.384  [      1691]
1716 Permutate     -7.374    -7.384  [      1691]
1717 Permutate     -7.067    -7.324  [      1693]
1718 Permutate     -7.083    -7.324  [      1693]
1719 Permutate     -6.714    -7.049  [      1682]
1720 Permutate     -6.911    -7.073  [      1672]
1721 softmutate    -6.634    -7.073  [      1672]
1722 softmutate    -6.664    -7.073  [      1672]
1723 softmutate    -5.643    -7.095  [      1681]
1724 softmutate    -6.226    -7.286  [      1695]
1725 softmutate    -5.908    -7.351  [      1692]
1726 keptBest      -7.384    -7.384  [      1691]
1727 keptBest      -7.351    -7.351  [      1692]
1728 keptBest      -7.324    -7.324  [      1693]
1729 keptBest      -7.286    -7.286  [      1695]
1730 keptBest      -7.095    -7.095  [      1681]
1731  Heredity     -7.070    -7.249  [1728  1709]
1732  Heredity     -6.472    -6.874  [1726  1696]
1733  Heredity     -6.042    -7.218  [1727  1709]
1734  Heredity     -6.504    -7.346  [1728  1726]
1735  Heredity     -6.001    -7.160  [1705  1727]
1736  Heredity     -5.686    -6.970  [1701  1718]
1737  Heredity     -4.916    -6.576  [1702  1722]
1738  Heredity     -6.672    -7.309  [1729  1728]
1739  Heredity     -5.408    -7.199  [1730  1715]
1740  Heredity     -6.490    -7.295  [1727  1715]
1741  Heredity     -6.057    -6.803  [1702  1727]
1742  Heredity     -7.041    -7.203  [1709  1728]
1743  Heredity     -6.604    -7.145  [1728  1705]
1744  Heredity     -6.193    -7.218  [1728  1705]
1745  Heredity     -6.152    -7.159  [1729  1730]
1746   Random      -6.488    -6.488  [         0]
1747   Random      -6.768    -6.768  [         0]
1748   Random      -6.195    -6.195  [         0]
1749 Permutate     -6.556    -6.555  [      1706]
1750 Permutate     -6.855    -6.714  [      1719]
1751 Permutate     -7.250    -7.324  [      1728]
1752 Permutate     -6.963    -7.351  [      1727]
1753 Permutate     -6.710    -7.286  [      1729]
1754 Permutate     -7.359    -7.251  [      1715]
1755 Permutate     -7.357    -7.384  [      1726]
1756 softmutate    -5.979    -7.149  [      1709]
1757 softmutate    -6.527    -7.149  [      1709]
1758 softmutate    -5.390    -6.555  [      1706]
1759 softmutate    -5.367    -6.555  [      1706]
1760 softmutate    -7.317    -7.324  [      1728]
1761 softmutate    -6.825    -7.324  [      1728]
1762 keptBest      -7.384    -7.384  [      1726]
1763 keptBest      -7.351    -7.351  [      1727]
1764 keptBest      -7.324    -7.324  [      1728]
1765 keptBest      -7.286    -7.286  [      1729]
1766 keptBest      -7.095    -7.095  [      1730]
