Gen   ID    Origin   Composition    Enthalpy   Volume  Density   Fitness   KPOINTS  SYMM  Q_entr A_order S_order
                                      (eV)     (A^3)  (g/cm^3)
  1  173   Random    [    10  0  ]   -85.893   175.020   9.103      0.000 [ 1  1  1]  11  0.000  4.529  4.533
  1  155   Random    [     0 12  ]  -103.072    26.253   8.206     -0.000 [ 1  1  1] 194  0.000  3.017  3.027
  1   88   Random    [    12  4  ]  -142.155   214.101   9.265      0.026 [ 1  1  1]   1  0.026  3.127  2.701
  1  200   Random    [     2  6  ]   -75.119    44.737   9.530      0.000 [ 1  1  1] 194  0.000  2.434  2.141
  2  274  Heredity   [     8  0  ]   -68.715   140.016   9.103      0.000 [ 1  1  1]  59  0.000  4.529  4.533
  2  264 convexHull  [     0 12  ]  -103.072    26.253   8.206     -0.000 [ 1  1  1] 194  0.000  3.017  3.027
  2  278 softmutate  [     2  6  ]   -75.119    44.740   9.529      0.000 [ 1  1  1] 194  0.000  2.437  2.144
  2  231 convexHull  [    12  4  ]  -142.155   214.101   9.265      0.026 [ 1  1  1]   1  0.026  3.127  2.701
  3  360 convexHull  [     8  0  ]   -68.715   140.016   9.103      0.000 [ 1  1  1]  59  0.000  4.529  4.533
  3  342 convexHull  [     0 12  ]  -103.072    26.253   8.206     -0.000 [ 1  1  1] 194  0.000  3.017  3.027
  3  358 softmutate  [     6  2  ]   -71.107   107.027   9.267      0.023 [ 1  1  1]  11  0.036  3.184  2.723
  3  361 convexHull  [     2  6  ]   -75.119    44.740   9.529      0.000 [ 1  1  1] 194  0.000  2.437  2.144
  4  444 convexHull  [     8  0  ]   -68.715   140.016   9.103      0.000 [ 1  1  1]  59  0.000  4.529  4.533
  4  423 convexHull  [     0 12  ]  -103.072    26.253   8.206     -0.000 [ 1  1  1] 194  0.000  3.017  3.027
  4  419   Random    [     4  8  ]  -112.674    82.023   9.520      0.025 [ 1  1  1] 141  0.000  2.812  2.675
  4  446 convexHull  [     2  6  ]   -75.119    44.740   9.529      0.000 [ 1  1  1] 194  0.000  2.437  2.144
  5  527 convexHull  [     8  0  ]   -68.715   140.016   9.103      0.000 [ 1  1  1]  59  0.000  4.529  4.533
  5  504 convexHull  [     0 12  ]  -103.072    26.253   8.206     -0.000 [ 1  1  1] 194  0.000  3.017  3.027
  5  505 convexHull  [     4  8  ]  -112.674    82.023   9.520      0.025 [ 1  1  1] 141  0.000  2.812  2.675
  5  518 TransMutate [     2  6  ]   -75.119    44.737   9.530      0.000 [ 1  1  1] 194  0.000  2.445  2.151
  5  524 softmutate  [     4  4  ]   -73.865    74.982   9.456      0.000 [ 1  1  1] 166  0.000  3.080  2.867
  6  618 convexHull  [     8  0  ]   -68.715   140.016   9.103      0.000 [ 1  1  1]  59  0.000  4.529  4.533
  6  588 convexHull  [     0 12  ]  -103.072    26.253   8.206     -0.000 [ 1  1  1] 194  0.000  3.017  3.027
  6  589 convexHull  [     4  8  ]  -112.674    82.023   9.520      0.025 [ 1  1  1] 141  0.000  2.812  2.675
  6  613 softmutate  [     4  4  ]   -73.865    74.981   9.456      0.000 [ 1  1  1] 166  0.000  3.081  2.867
  6  619 convexHull  [     2  6  ]   -75.119    44.737   9.530      0.000 [ 1  1  1] 194  0.000  2.445  2.151
  7  702 convexHull  [     8  0  ]   -68.715   140.016   9.103      0.000 [ 1  1  1]  59  0.000  4.529  4.533
  7  677 convexHull  [     0 12  ]  -103.072    26.253   8.206     -0.000 [ 1  1  1] 194  0.000  3.017  3.027
  7  636 TransMutate [     1 16  ]  -149.763    52.097   8.571      0.128 [ 1  1  1]   5  0.018  3.004  2.856
  7  678 convexHull  [     4  8  ]  -112.674    82.023   9.520      0.025 [ 1  1  1] 141  0.000  2.812  2.675
  7  703 convexHull  [     4  4  ]   -73.865    74.981   9.456      0.000 [ 1  1  1] 166  0.000  3.081  2.867
  7  704 convexHull  [     2  6  ]   -75.119    44.737   9.530      0.000 [ 1  1  1] 194  0.000  2.445  2.151
  8  791 convexHull  [     8  0  ]   -68.715   140.016   9.103      0.000 [ 1  1  1]  59  0.000  4.529  4.533
  8  762 convexHull  [     0 12  ]  -103.072    26.253   8.206     -0.000 [ 1  1  1] 194  0.000  3.017  3.027
  8  722 convexHull  [     1 16  ]  -149.763    52.097   8.571      0.128 [ 1  1  1]   5  0.018  3.004  2.856
  8  763 convexHull  [     4  8  ]  -112.674    82.023   9.520      0.025 [ 1  1  1] 141  0.000  2.812  2.675
  8  792 convexHull  [     4  4  ]   -73.865    74.981   9.456      0.000 [ 1  1  1] 166  0.000  3.081  2.867
  8  793 convexHull  [     2  6  ]   -75.119    44.737   9.530      0.000 [ 1  1  1] 194  0.000  2.445  2.151
  9  878 convexHull  [     8  0  ]   -68.715   140.016   9.103      0.000 [ 1  1  1]  59  0.000  4.529  4.533
  9  850 convexHull  [     0 12  ]  -103.072    26.253   8.206     -0.000 [ 1  1  1] 194  0.000  3.017  3.027
  9  851 convexHull  [     4  8  ]  -112.674    82.023   9.520      0.025 [ 1  1  1] 141  0.000  2.812  2.675
  9  820 convexHull  [     1 16  ]  -149.763    52.097   8.571      0.128 [ 1  1  1]   5  0.018  3.004  2.856
  9  879 convexHull  [     4  4  ]   -73.865    74.981   9.456      0.000 [ 1  1  1] 166  0.000  3.081  2.867
  9  880 convexHull  [     2  6  ]   -75.119    44.737   9.530      0.000 [ 1  1  1] 194  0.000  2.445  2.151
 10  961 convexHull  [     8  0  ]   -68.715   140.016   9.103      0.000 [ 1  1  1]  59  0.000  4.529  4.533
 10  943   Random    [     0 10  ]   -85.893    21.877   8.206     -0.000 [ 1  1  1] 194  0.000  3.016  3.026
 10  900 convexHull  [     1 16  ]  -149.763    52.097   8.571      0.128 [ 1  1  1]   5  0.018  3.004  2.856
 10  931 convexHull  [     4  8  ]  -112.674    82.023   9.520      0.025 [ 1  1  1] 141  0.000  2.812  2.675
 10  962 convexHull  [     4  4  ]   -73.865    74.981   9.456      0.000 [ 1  1  1] 166  0.000  3.081  2.867
 10  963 convexHull  [     2  6  ]   -75.119    44.737   9.530      0.000 [ 1  1  1] 194  0.000  2.445  2.151
 11 1046 convexHull  [     8  0  ]   -68.715   140.016   9.103      0.000 [ 1  1  1]  59  0.000  4.529  4.533
 11 1022 convexHull  [     0 10  ]   -85.893    21.877   8.206     -0.000 [ 1  1  1] 194  0.000  3.016  3.026
 11  983 convexHull  [     1 16  ]  -149.763    52.097   8.571      0.128 [ 1  1  1]   5  0.018  3.004  2.856
 11 1004   Random    [     4  8  ]  -112.975    81.693   9.559      0.000 [ 1  1  1] 191  0.000  2.986  2.783
 11 1047 convexHull  [     4  4  ]   -73.865    74.981   9.456      0.000 [ 1  1  1] 166  0.000  3.081  2.867
 11 1048 convexHull  [     2  6  ]   -75.119    44.737   9.530      0.000 [ 1  1  1] 194  0.000  2.445  2.151
 12 1132 convexHull  [     8  0  ]   -68.715   140.016   9.103      0.000 [ 1  1  1]  59  0.000  4.529  4.533
 12 1117 convexHull  [     0 10  ]   -85.893    21.877   8.206     -0.000 [ 1  1  1] 194  0.000  3.016  3.026
 12 1075 convexHull  [     1 16  ]  -149.763    52.097   8.571      0.128 [ 1  1  1]   5  0.018  3.004  2.856
 12 1097   Random    [     4  8  ]  -112.975    81.692   9.559      0.000 [ 1  1  1] 191  0.000  2.986  2.783
 12 1118  Heredity   [     1  8  ]   -80.783    34.048   8.897      0.106 [ 1  1  1]  12  0.071  2.116  1.760
 12 1133 convexHull  [     4  4  ]   -73.865    74.981   9.456      0.000 [ 1  1  1] 166  0.000  3.081  2.867
 12 1134 convexHull  [     2  6  ]   -75.119    44.737   9.530      0.000 [ 1  1  1] 194  0.000  2.445  2.151
 13 1219 convexHull  [     8  0  ]   -68.715   140.016   9.103      0.000 [ 1  1  1]  59  0.000  4.529  4.533
 13 1201 convexHull  [     0 10  ]   -85.893    21.877   8.206     -0.000 [ 1  1  1] 194  0.000  3.016  3.026
 13 1148 convexHull  [     1 16  ]  -149.763    52.097   8.571      0.128 [ 1  1  1]   5  0.018  3.004  2.856
 13 1184 convexHull  [     4  8  ]  -112.975    81.692   9.559      0.000 [ 1  1  1] 191  0.000  2.986  2.783
 13 1207 convexHull  [     1  8  ]   -80.783    34.048   8.897      0.106 [ 1  1  1]  12  0.071  2.116  1.760
 13 1220 convexHull  [     4  4  ]   -73.865    74.981   9.456      0.000 [ 1  1  1] 166  0.000  3.081  2.867
 13 1221 convexHull  [     2  6  ]   -75.119    44.737   9.530      0.000 [ 1  1  1] 194  0.000  2.445  2.151
 14 1309 convexHull  [     8  0  ]   -68.715   140.016   9.103      0.000 [ 1  1  1]  59  0.000  4.529  4.533
 14 1290 convexHull  [     0 10  ]   -85.893    21.877   8.206     -0.000 [ 1  1  1] 194  0.000  3.016  3.026
 14 1229 convexHull  [     1 16  ]  -149.763    52.097   8.571      0.128 [ 1  1  1]   5  0.018  3.004  2.856
 14 1269 convexHull  [     4  8  ]  -112.975    81.692   9.559      0.000 [ 1  1  1] 191  0.000  2.986  2.783
 14 1294 softmutate  [     1  8  ]   -80.784    34.053   8.896      0.106 [ 1  1  1]  12  0.069  2.123  1.769
 14 1311 convexHull  [     2  6  ]   -75.119    44.737   9.530      0.000 [ 1  1  1] 194  0.000  2.445  2.151
 14 1310 convexHull  [     4  4  ]   -73.865    74.981   9.456      0.000 [ 1  1  1] 166  0.000  3.081  2.867
 15 1389 convexHull  [     8  0  ]   -68.715   140.016   9.103      0.000 [ 1  1  1]  59  0.000  4.529  4.533
 15 1366 convexHull  [     0 10  ]   -85.893    21.877   8.206     -0.000 [ 1  1  1] 194  0.000  3.016  3.026
 15 1326 convexHull  [     1 16  ]  -149.763    52.097   8.571      0.128 [ 1  1  1]   5  0.018  3.004  2.856
 15 1353 convexHull  [     4  8  ]  -112.975    81.692   9.559      0.000 [ 1  1  1] 191  0.000  2.986  2.783
 15 1376 convexHull  [     1  8  ]   -80.784    34.053   8.896      0.106 [ 1  1  1]  12  0.069  2.123  1.769
 15 1391 convexHull  [     4  4  ]   -73.865    74.981   9.456      0.000 [ 1  1  1] 166  0.000  3.081  2.867
 15 1390 convexHull  [     2  6  ]   -75.119    44.737   9.530      0.000 [ 1  1  1] 194  0.000  2.445  2.151
 16 1481 convexHull  [     8  0  ]   -68.715   140.016   9.103      0.000 [ 1  1  1]  59  0.000  4.529  4.533
 16 1470 convexHull  [     0 10  ]   -85.893    21.877   8.206     -0.000 [ 1  1  1] 194  0.000  3.016  3.026
 16 1418 convexHull  [     1 16  ]  -149.763    52.097   8.571      0.128 [ 1  1  1]   5  0.018  3.004  2.856
 16 1458 convexHull  [     4  8  ]  -112.975    81.692   9.559      0.000 [ 1  1  1] 191  0.000  2.986  2.783
 16 1476 convexHull  [     1  8  ]   -80.784    34.053   8.896      0.106 [ 1  1  1]  12  0.069  2.123  1.769
 16 1482 convexHull  [     4  4  ]   -73.865    74.981   9.456      0.000 [ 1  1  1] 166  0.000  3.081  2.867
 16 1483 convexHull  [     2  6  ]   -75.119    44.737   9.530      0.000 [ 1  1  1] 194  0.000  2.445  2.151
 17 1569 convexHull  [     8  0  ]   -68.715   140.016   9.103      0.000 [ 1  1  1]  59  0.000  4.529  4.533
 17 1552 convexHull  [     0 10  ]   -85.893    21.877   8.206     -0.000 [ 1  1  1] 194  0.000  3.016  3.026
 17 1498 convexHull  [     1 16  ]  -149.763    52.097   8.571      0.128 [ 1  1  1]   5  0.018  3.004  2.856
 17 1570 convexHull  [     4  4  ]   -73.865    74.981   9.456      0.000 [ 1  1  1] 166  0.000  3.081  2.867
 17 1538 convexHull  [     4  8  ]  -112.975    81.692   9.559      0.000 [ 1  1  1] 191  0.000  2.986  2.783
 17 1556 convexHull  [     1  8  ]   -80.784    34.053   8.896      0.106 [ 1  1  1]  12  0.069  2.123  1.769
 17 1571 convexHull  [     2  6  ]   -75.119    44.737   9.530      0.000 [ 1  1  1] 194  0.000  2.445  2.151
 18 1654 convexHull  [     8  0  ]   -68.715   140.016   9.103      0.000 [ 1  1  1]  59  0.000  4.529  4.533
 18 1638 convexHull  [     0 10  ]   -85.893    21.877   8.206     -0.000 [ 1  1  1] 194  0.000  3.016  3.026
 18 1588 convexHull  [     1 16  ]  -149.763    52.097   8.571      0.128 [ 1  1  1]   5  0.018  3.004  2.856
 18 1622 convexHull  [     4  8  ]  -112.975    81.692   9.559      0.000 [ 1  1  1] 191  0.000  2.986  2.783
 18 1642 convexHull  [     1  8  ]   -80.784    34.053   8.896      0.106 [ 1  1  1]  12  0.069  2.123  1.769
 18 1656 convexHull  [     2  6  ]   -75.119    44.737   9.530      0.000 [ 1  1  1] 194  0.000  2.445  2.151
 18 1655 convexHull  [     4  4  ]   -73.865    74.981   9.456      0.000 [ 1  1  1] 166  0.000  3.081  2.867
 19 1743 convexHull  [     8  0  ]   -68.715   140.016   9.103      0.000 [ 1  1  1]  59  0.000  4.529  4.533
 19 1740 TransMutate [     0  8  ]   -68.715    17.502   8.206      0.000 [ 1  1  1] 194  0.000  3.017  3.027
 19 1676 convexHull  [     1 16  ]  -149.763    52.097   8.571      0.128 [ 1  1  1]   5  0.018  3.004  2.856
 19 1706 convexHull  [     4  8  ]  -112.975    81.692   9.559      0.000 [ 1  1  1] 191  0.000  2.986  2.783
 19 1734 convexHull  [     1  8  ]   -80.784    34.053   8.896      0.106 [ 1  1  1]  12  0.069  2.123  1.769
 19 1744 convexHull  [     2  6  ]   -75.119    44.737   9.530      0.000 [ 1  1  1] 194  0.000  2.445  2.151
 19 1745 convexHull  [     4  4  ]   -73.865    74.981   9.456      0.000 [ 1  1  1] 166  0.000  3.081  2.867
 20 1825 convexHull  [     8  0  ]   -68.715   140.016   9.103      0.000 [ 1  1  1]  59  0.000  4.529  4.533
 20 1826 convexHull  [     0  8  ]   -68.715    17.502   8.206      0.000 [ 1  1  1] 194  0.000  3.017  3.027
 20 1767  Heredity   [     1 14  ]  -134.754    47.231   8.694      0.000 [ 1  1  1] 164  0.018  2.855  2.622
 20 1799 convexHull  [     4  8  ]  -112.975    81.692   9.559      0.000 [ 1  1  1] 191  0.000  2.986  2.783
 20 1827 convexHull  [     2  6  ]   -75.119    44.737   9.530      0.000 [ 1  1  1] 194  0.000  2.445  2.151
 20 1828 convexHull  [     4  4  ]   -73.865    74.981   9.456      0.000 [ 1  1  1] 166  0.000  3.081  2.867
 21 1913 convexHull  [     8  0  ]   -68.715   140.016   9.103      0.000 [ 1  1  1]  59  0.000  4.529  4.533
 21 1914 convexHull  [     0  8  ]   -68.715    17.502   8.206      0.000 [ 1  1  1] 194  0.000  3.017  3.027
 21 1850 convexHull  [     1 14  ]  -134.754    47.231   8.694      0.000 [ 1  1  1] 164  0.018  2.855  2.622
 21 1872 softmutate  [     4  8  ]  -112.975    81.693   9.559      0.000 [ 1  1  1] 191  0.000  2.986  2.783
 21 1915 convexHull  [     2  6  ]   -75.119    44.737   9.530      0.000 [ 1  1  1] 194  0.000  2.445  2.151
 21 1916 convexHull  [     4  4  ]   -73.865    74.981   9.456      0.000 [ 1  1  1] 166  0.000  3.081  2.867
 22 2003 convexHull  [     8  0  ]   -68.715   140.016   9.103      0.000 [ 1  1  1]  59  0.000  4.529  4.533
 22 2004 convexHull  [     0  8  ]   -68.715    17.502   8.206      0.000 [ 1  1  1] 194  0.000  3.017  3.027
 22 1938 convexHull  [     1 14  ]  -134.754    47.231   8.694      0.000 [ 1  1  1] 164  0.018  2.855  2.622
 22 1962 convexHull  [     4  8  ]  -112.975    81.693   9.559      0.000 [ 1  1  1] 191  0.000  2.986  2.783
 22 2005 convexHull  [     2  6  ]   -75.119    44.737   9.530      0.000 [ 1  1  1] 194  0.000  2.445  2.151
 22 2006 convexHull  [     4  4  ]   -73.865    74.981   9.456      0.000 [ 1  1  1] 166  0.000  3.081  2.867
 23 2085 convexHull  [     8  0  ]   -68.715   140.016   9.103      0.000 [ 1  1  1]  59  0.000  4.529  4.533
 23 2086 convexHull  [     0  8  ]   -68.715    17.502   8.206      0.000 [ 1  1  1] 194  0.000  3.017  3.027
 23 2027 convexHull  [     1 14  ]  -134.754    47.231   8.694      0.000 [ 1  1  1] 164  0.018  2.855  2.622
 23 2050 convexHull  [     4  8  ]  -112.975    81.693   9.559      0.000 [ 1  1  1] 191  0.000  2.986  2.783
 23 2087 convexHull  [     2  6  ]   -75.119    44.737   9.530      0.000 [ 1  1  1] 194  0.000  2.445  2.151
 23 2088 convexHull  [     4  4  ]   -73.865    74.981   9.456      0.000 [ 1  1  1] 166  0.000  3.081  2.867
 24 2181  Heredity   [     4  0  ]   -34.357    70.008   9.103      0.000 [ 1  1  1] 194  0.000  4.529  4.533
 24 2170 convexHull  [     0  8  ]   -68.715    17.502   8.206      0.000 [ 1  1  1] 194  0.000  3.017  3.027
 24 2110 convexHull  [     1 14  ]  -134.754    47.231   8.694      0.000 [ 1  1  1] 164  0.018  2.855  2.622
 24 2143 convexHull  [     4  8  ]  -112.975    81.693   9.559      0.000 [ 1  1  1] 191  0.000  2.986  2.783
 24 2171 convexHull  [     2  6  ]   -75.119    44.737   9.530      0.000 [ 1  1  1] 194  0.000  2.445  2.151
 24 2172 convexHull  [     4  4  ]   -73.865    74.981   9.456      0.000 [ 1  1  1] 166  0.000  3.081  2.867
 25 2265 convexHull  [     4  0  ]   -34.357    70.008   9.103      0.000 [ 1  1  1] 194  0.000  4.529  4.533
 25 2256 convexHull  [     0  8  ]   -68.715    17.502   8.206      0.000 [ 1  1  1] 194  0.000  3.017  3.027
 25 2195 convexHull  [     1 14  ]  -134.754    47.231   8.694      0.000 [ 1  1  1] 164  0.018  2.855  2.622
 25 2212   Random    [     4  8  ]  -112.975    81.692   9.559      0.000 [ 1  1  1]  12  0.000  2.986  2.783
 25 2257 convexHull  [     2  6  ]   -75.119    44.737   9.530      0.000 [ 1  1  1] 194  0.000  2.445  2.151
 25 2258 convexHull  [     4  4  ]   -73.865    74.981   9.456      0.000 [ 1  1  1] 166  0.000  3.081  2.867
 26 2353 convexHull  [     4  0  ]   -34.357    70.008   9.103      0.000 [ 1  1  1] 194  0.000  4.529  4.533
 26 2339 convexHull  [     0  8  ]   -68.715    17.502   8.206      0.000 [ 1  1  1] 194  0.000  3.017  3.027
 26 2285 softmutate  [     1 14  ]  -134.754    47.230   8.694      0.000 [ 1  1  1] 164  0.018  2.855  2.622
 26 2312 convexHull  [     4  8  ]  -112.975    81.692   9.559      0.000 [ 1  1  1]  12  0.000  2.986  2.783
 26 2340 convexHull  [     2  6  ]   -75.119    44.737   9.530      0.000 [ 1  1  1] 194  0.000  2.445  2.151
 26 2341 convexHull  [     4  4  ]   -73.865    74.981   9.456      0.000 [ 1  1  1] 166  0.000  3.081  2.867
 27 2440 convexHull  [     4  0  ]   -34.357    70.008   9.103      0.000 [ 1  1  1] 194  0.000  4.529  4.533
 27 2426 convexHull  [     0  8  ]   -68.715    17.502   8.206      0.000 [ 1  1  1] 194  0.000  3.017  3.027
 27 2366 convexHull  [     1 14  ]  -134.754    47.230   8.694      0.000 [ 1  1  1] 164  0.018  2.855  2.622
 27 2398 convexHull  [     4  8  ]  -112.975    81.692   9.559      0.000 [ 1  1  1]  12  0.000  2.986  2.783
 27 2427 convexHull  [     2  6  ]   -75.119    44.737   9.530      0.000 [ 1  1  1] 194  0.000  2.445  2.151
 27 2428 convexHull  [     4  4  ]   -73.865    74.981   9.456      0.000 [ 1  1  1] 166  0.000  3.081  2.867
 28 2524 convexHull  [     4  0  ]   -34.357    70.008   9.103      0.000 [ 1  1  1] 194  0.000  4.529  4.533
 28 2510 convexHull  [     0  8  ]   -68.715    17.502   8.206      0.000 [ 1  1  1] 194  0.000  3.017  3.027
 28 2453 convexHull  [     1 14  ]  -134.754    47.230   8.694      0.000 [ 1  1  1] 164  0.018  2.855  2.622
 28 2472 convexHull  [     4  8  ]  -112.975    81.692   9.559      0.000 [ 1  1  1]  12  0.000  2.986  2.783
 28 2511 convexHull  [     2  6  ]   -75.119    44.737   9.530      0.000 [ 1  1  1] 194  0.000  2.445  2.151
 28 2512 convexHull  [     4  4  ]   -73.865    74.981   9.456      0.000 [ 1  1  1] 166  0.000  3.081  2.867
 29 2610 convexHull  [     4  0  ]   -34.357    70.008   9.103      0.000 [ 1  1  1] 194  0.000  4.529  4.533
 29 2597 convexHull  [     0  8  ]   -68.715    17.502   8.206      0.000 [ 1  1  1] 194  0.000  3.017  3.027
 29 2540 convexHull  [     1 14  ]  -134.754    47.230   8.694      0.000 [ 1  1  1] 164  0.018  2.855  2.622
 29 2553 convexHull  [     4  8  ]  -112.975    81.692   9.559      0.000 [ 1  1  1]  12  0.000  2.986  2.783
 29 2598 convexHull  [     2  6  ]   -75.119    44.737   9.530      0.000 [ 1  1  1] 194  0.000  2.445  2.151
 29 2599 convexHull  [     4  4  ]   -73.865    74.981   9.456      0.000 [ 1  1  1] 166  0.000  3.081  2.867
 30 2696 convexHull  [     4  0  ]   -34.357    70.008   9.103      0.000 [ 1  1  1] 194  0.000  4.529  4.533
 30 2683 convexHull  [     0  8  ]   -68.715    17.502   8.206      0.000 [ 1  1  1] 194  0.000  3.017  3.027
 30 2627 convexHull  [     1 14  ]  -134.754    47.230   8.694      0.000 [ 1  1  1] 164  0.018  2.855  2.622
 30 2642 convexHull  [     4  8  ]  -112.975    81.692   9.559      0.000 [ 1  1  1]  12  0.000  2.986  2.783
 30 2684 convexHull  [     2  6  ]   -75.119    44.737   9.530      0.000 [ 1  1  1] 194  0.000  2.445  2.151
 30 2685 convexHull  [     4  4  ]   -73.865    74.981   9.456      0.000 [ 1  1  1] 166  0.000  3.081  2.867
 31 2782 convexHull  [     4  0  ]   -34.357    70.008   9.103      0.000 [ 1  1  1] 194  0.000  4.529  4.533
 31 2767 convexHull  [     0  8  ]   -68.715    17.502   8.206      0.000 [ 1  1  1] 194  0.000  3.017  3.027
 31 2711 convexHull  [     1 14  ]  -134.754    47.230   8.694      0.000 [ 1  1  1] 164  0.018  2.855  2.622
 31 2728 convexHull  [     4  8  ]  -112.975    81.692   9.559      0.000 [ 1  1  1]  12  0.000  2.986  2.783
 31 2768 convexHull  [     2  6  ]   -75.119    44.737   9.530      0.000 [ 1  1  1] 194  0.000  2.445  2.151
 31 2769 convexHull  [     4  4  ]   -73.865    74.981   9.456      0.000 [ 1  1  1] 166  0.000  3.081  2.867
 32 2869 convexHull  [     4  0  ]   -34.357    70.008   9.103      0.000 [ 1  1  1] 194  0.000  4.529  4.533
 32 2852 convexHull  [     0  8  ]   -68.715    17.502   8.206      0.000 [ 1  1  1] 194  0.000  3.017  3.027
 32 2789 softmutate  [     1 14  ]  -134.754    47.231   8.694      0.000 [ 1  1  1] 164  0.018  2.855  2.622
 32 2812 convexHull  [     4  8  ]  -112.975    81.692   9.559      0.000 [ 1  1  1]  12  0.000  2.986  2.783
 32 2853 convexHull  [     2  6  ]   -75.119    44.737   9.530      0.000 [ 1  1  1] 194  0.000  2.445  2.151
 32 2854 convexHull  [     4  4  ]   -73.865    74.981   9.456      0.000 [ 1  1  1] 166  0.000  3.081  2.867
 33 2955 convexHull  [     4  0  ]   -34.357    70.008   9.103      0.000 [ 1  1  1] 194  0.000  4.529  4.533
 33 2944 convexHull  [     0  8  ]   -68.715    17.502   8.206      0.000 [ 1  1  1] 194  0.000  3.017  3.027
 33 2888 convexHull  [     1 14  ]  -134.754    47.231   8.694      0.000 [ 1  1  1] 164  0.018  2.855  2.622
 33 2901 convexHull  [     4  8  ]  -112.975    81.692   9.559      0.000 [ 1  1  1]  12  0.000  2.986  2.783
 33 2945 convexHull  [     2  6  ]   -75.119    44.737   9.530      0.000 [ 1  1  1] 194  0.000  2.445  2.151
 33 2946 convexHull  [     4  4  ]   -73.865    74.981   9.456      0.000 [ 1  1  1] 166  0.000  3.081  2.867
 34 3042 convexHull  [     4  0  ]   -34.357    70.008   9.103      0.000 [ 1  1  1] 194  0.000  4.529  4.533
 34 3023 convexHull  [     0  8  ]   -68.715    17.502   8.206      0.000 [ 1  1  1] 194  0.000  3.017  3.027
 34 2966 convexHull  [     1 14  ]  -134.754    47.231   8.694      0.000 [ 1  1  1] 164  0.018  2.855  2.622
 34 2983 convexHull  [     4  8  ]  -112.975    81.692   9.559      0.000 [ 1  1  1]  12  0.000  2.986  2.783
 34 3024 convexHull  [     2  6  ]   -75.119    44.737   9.530      0.000 [ 1  1  1] 194  0.000  2.445  2.151
 34 3025 convexHull  [     4  4  ]   -73.865    74.981   9.456      0.000 [ 1  1  1] 166  0.000  3.081  2.867
 35 3129 convexHull  [     4  0  ]   -34.357    70.008   9.103      0.000 [ 1  1  1] 194  0.000  4.529  4.533
 35 3113 convexHull  [     0  8  ]   -68.715    17.502   8.206      0.000 [ 1  1  1] 194  0.000  3.017  3.027
 35 3058 convexHull  [     1 14  ]  -134.754    47.231   8.694      0.000 [ 1  1  1] 164  0.018  2.855  2.622
 35 3078 convexHull  [     4  8  ]  -112.975    81.692   9.559      0.000 [ 1  1  1]  12  0.000  2.986  2.783
 35 3114 convexHull  [     2  6  ]   -75.119    44.737   9.530      0.000 [ 1  1  1] 194  0.000  2.445  2.151
 35 3115 convexHull  [     4  4  ]   -73.865    74.981   9.456      0.000 [ 1  1  1] 166  0.000  3.081  2.867
 36 3217 convexHull  [     4  0  ]   -34.357    70.008   9.103      0.000 [ 1  1  1] 194  0.000  4.529  4.533
 36 3197 convexHull  [     0  8  ]   -68.715    17.502   8.206      0.000 [ 1  1  1] 194  0.000  3.017  3.027
 36 3143 convexHull  [     1 14  ]  -134.754    47.231   8.694      0.000 [ 1  1  1] 164  0.018  2.855  2.622
 36 3159 convexHull  [     4  8  ]  -112.975    81.692   9.559      0.000 [ 1  1  1]  12  0.000  2.986  2.783
 36 3198 convexHull  [     2  6  ]   -75.119    44.737   9.530      0.000 [ 1  1  1] 194  0.000  2.445  2.151
 36 3199 convexHull  [     4  4  ]   -73.865    74.981   9.456      0.000 [ 1  1  1] 166  0.000  3.081  2.867
 37 3303 convexHull  [     4  0  ]   -34.357    70.008   9.103      0.000 [ 1  1  1] 194  0.000  4.529  4.533
 37 3283 convexHull  [     0  8  ]   -68.715    17.502   8.206      0.000 [ 1  1  1] 194  0.000  3.017  3.027
 37 3230 convexHull  [     1 14  ]  -134.754    47.231   8.694      0.000 [ 1  1  1] 164  0.018  2.855  2.622
 37 3246 convexHull  [     4  8  ]  -112.975    81.692   9.559      0.000 [ 1  1  1]  12  0.000  2.986  2.783
 37 3284 convexHull  [     2  6  ]   -75.119    44.737   9.530      0.000 [ 1  1  1] 194  0.000  2.445  2.151
 37 3285 convexHull  [     4  4  ]   -73.865    74.981   9.456      0.000 [ 1  1  1] 166  0.000  3.081  2.867
 38 3390 convexHull  [     4  0  ]   -34.357    70.008   9.103      0.000 [ 1  1  1] 194  0.000  4.529  4.533
 38 3371 convexHull  [     0  8  ]   -68.715    17.502   8.206      0.000 [ 1  1  1] 194  0.000  3.017  3.027
 38 3311 convexHull  [     1 14  ]  -134.754    47.231   8.694      0.000 [ 1  1  1] 164  0.018  2.855  2.622
 38 3333 convexHull  [     4  8  ]  -112.975    81.692   9.559      0.000 [ 1  1  1]  12  0.000  2.986  2.783
 38 3373 convexHull  [     4  4  ]   -73.865    74.981   9.456      0.000 [ 1  1  1] 166  0.000  3.081  2.867
 38 3372 convexHull  [     2  6  ]   -75.119    44.737   9.530      0.000 [ 1  1  1] 194  0.000  2.445  2.151
 39 3476 convexHull  [     4  0  ]   -34.357    70.008   9.103      0.000 [ 1  1  1] 194  0.000  4.529  4.533
 39 3453 convexHull  [     0  8  ]   -68.715    17.502   8.206      0.000 [ 1  1  1] 194  0.000  3.017  3.027
 39 3403 convexHull  [     1 14  ]  -134.754    47.231   8.694      0.000 [ 1  1  1] 164  0.018  2.855  2.622
 39 3423 convexHull  [     4  8  ]  -112.975    81.692   9.559      0.000 [ 1  1  1]  12  0.000  2.986  2.783
 39 3454 convexHull  [     4  4  ]   -73.865    74.981   9.456      0.000 [ 1  1  1] 166  0.000  3.081  2.867
 39 3455 convexHull  [     2  6  ]   -75.119    44.737   9.530      0.000 [ 1  1  1] 194  0.000  2.445  2.151
 40 3562 convexHull  [     4  0  ]   -34.357    70.008   9.103      0.000 [ 1  1  1] 194  0.000  4.529  4.533
 40 3542 convexHull  [     0  8  ]   -68.715    17.502   8.206      0.000 [ 1  1  1] 194  0.000  3.017  3.027
 40 3481 convexHull  [     1 14  ]  -134.754    47.231   8.694      0.000 [ 1  1  1] 164  0.018  2.855  2.622
 40 3504 convexHull  [     4  8  ]  -112.975    81.692   9.559      0.000 [ 1  1  1]  12  0.000  2.986  2.783
 40 3543 convexHull  [     4  4  ]   -73.865    74.981   9.456      0.000 [ 1  1  1] 166  0.000  3.081  2.867
 40 3544 convexHull  [     2  6  ]   -75.119    44.737   9.530      0.000 [ 1  1  1] 194  0.000  2.445  2.151
 41 3648 convexHull  [     4  0  ]   -34.357    70.008   9.103      0.000 [ 1  1  1] 194  0.000  4.529  4.533
 41 3629 convexHull  [     0  8  ]   -68.715    17.502   8.206      0.000 [ 1  1  1] 194  0.000  3.017  3.027
 41 3576 convexHull  [     1 14  ]  -134.754    47.231   8.694      0.000 [ 1  1  1] 164  0.018  2.855  2.622
 41 3593 convexHull  [     4  8  ]  -112.975    81.692   9.559      0.000 [ 1  1  1]  12  0.000  2.986  2.783
 41 3630 convexHull  [     4  4  ]   -73.865    74.981   9.456      0.000 [ 1  1  1] 166  0.000  3.081  2.867
 41 3631 convexHull  [     2  6  ]   -75.119    44.737   9.530      0.000 [ 1  1  1] 194  0.000  2.445  2.151
 42 3735 convexHull  [     4  0  ]   -34.357    70.008   9.103      0.000 [ 1  1  1] 194  0.000  4.529  4.533
 42 3712 convexHull  [     0  8  ]   -68.715    17.502   8.206      0.000 [ 1  1  1] 194  0.000  3.017  3.027
 42 3660 convexHull  [     1 14  ]  -134.754    47.231   8.694      0.000 [ 1  1  1] 164  0.018  2.855  2.622
 42 3672 convexHull  [     4  8  ]  -112.975    81.692   9.559      0.000 [ 1  1  1]  12  0.000  2.986  2.783
 42 3713 convexHull  [     4  4  ]   -73.865    74.981   9.456      0.000 [ 1  1  1] 166  0.000  3.081  2.867
 42 3714 convexHull  [     2  6  ]   -75.119    44.737   9.530      0.000 [ 1  1  1] 194  0.000  2.445  2.151
 43 3822 convexHull  [     4  0  ]   -34.357    70.008   9.103      0.000 [ 1  1  1] 194  0.000  4.529  4.533
 43 3798 convexHull  [     0  8  ]   -68.715    17.502   8.206      0.000 [ 1  1  1] 194  0.000  3.017  3.027
 43 3747 convexHull  [     1 14  ]  -134.754    47.231   8.694      0.000 [ 1  1  1] 164  0.018  2.855  2.622
 43 3762 convexHull  [     4  8  ]  -112.975    81.692   9.559      0.000 [ 1  1  1]  12  0.000  2.986  2.783
 43 3799 convexHull  [     4  4  ]   -73.865    74.981   9.456      0.000 [ 1  1  1] 166  0.000  3.081  2.867
 43 3800 convexHull  [     2  6  ]   -75.119    44.737   9.530      0.000 [ 1  1  1] 194  0.000  2.445  2.151
 44 3907 convexHull  [     4  0  ]   -34.357    70.008   9.103      0.000 [ 1  1  1] 194  0.000  4.529  4.533
 44 3886 convexHull  [     0  8  ]   -68.715    17.502   8.206      0.000 [ 1  1  1] 194  0.000  3.017  3.027
 44 3831 convexHull  [     1 14  ]  -134.754    47.231   8.694      0.000 [ 1  1  1] 164  0.018  2.855  2.622
 44 3852 convexHull  [     4  8  ]  -112.975    81.692   9.559      0.000 [ 1  1  1]  12  0.000  2.986  2.783
 44 3887 convexHull  [     4  4  ]   -73.865    74.981   9.456      0.000 [ 1  1  1] 166  0.000  3.081  2.867
 44 3888 convexHull  [     2  6  ]   -75.119    44.737   9.530      0.000 [ 1  1  1] 194  0.000  2.445  2.151
 45 3994 convexHull  [     4  0  ]   -34.357    70.008   9.103      0.000 [ 1  1  1] 194  0.000  4.529  4.533
 45 3977 convexHull  [     0  8  ]   -68.715    17.502   8.206      0.000 [ 1  1  1] 194  0.000  3.017  3.027
 45 3925 convexHull  [     1 14  ]  -134.754    47.231   8.694      0.000 [ 1  1  1] 164  0.018  2.855  2.622
 45 3943 convexHull  [     4  8  ]  -112.975    81.692   9.559      0.000 [ 1  1  1]  12  0.000  2.986  2.783
 45 3978 convexHull  [     4  4  ]   -73.865    74.981   9.456      0.000 [ 1  1  1] 166  0.000  3.081  2.867
 45 3979 convexHull  [     2  6  ]   -75.119    44.737   9.530      0.000 [ 1  1  1] 194  0.000  2.445  2.151
 46 4079 convexHull  [     4  0  ]   -34.357    70.008   9.103      0.000 [ 1  1  1] 194  0.000  4.529  4.533
 46 4062 convexHull  [     0  8  ]   -68.715    17.502   8.206      0.000 [ 1  1  1] 194  0.000  3.017  3.027
 46 4010 convexHull  [     1 14  ]  -134.754    47.231   8.694      0.000 [ 1  1  1] 164  0.018  2.855  2.622
 46 4026 convexHull  [     4  8  ]  -112.975    81.692   9.559      0.000 [ 1  1  1]  12  0.000  2.986  2.783
 46 4063 convexHull  [     4  4  ]   -73.865    74.981   9.456      0.000 [ 1  1  1] 166  0.000  3.081  2.867
 46 4064 convexHull  [     2  6  ]   -75.119    44.737   9.530      0.000 [ 1  1  1] 194  0.000  2.445  2.151
 47 4166 convexHull  [     4  0  ]   -34.357    70.008   9.103      0.000 [ 1  1  1] 194  0.000  4.529  4.533
 47 4139 convexHull  [     0  8  ]   -68.715    17.502   8.206      0.000 [ 1  1  1] 194  0.000  3.017  3.027
 47 4087 convexHull  [     1 14  ]  -134.754    47.231   8.694      0.000 [ 1  1  1] 164  0.018  2.855  2.622
 47 4101 convexHull  [     4  8  ]  -112.975    81.692   9.559      0.000 [ 1  1  1]  12  0.000  2.986  2.783
 47 4140 convexHull  [     4  4  ]   -73.865    74.981   9.456      0.000 [ 1  1  1] 166  0.000  3.081  2.867
 47 4141 convexHull  [     2  6  ]   -75.119    44.737   9.530      0.000 [ 1  1  1] 194  0.000  2.445  2.151
 48 4250 convexHull  [     4  0  ]   -34.357    70.008   9.103      0.000 [ 1  1  1] 194  0.000  4.529  4.533
 48 4230 convexHull  [     0  8  ]   -68.715    17.502   8.206      0.000 [ 1  1  1] 194  0.000  3.017  3.027
 48 4172 convexHull  [     1 14  ]  -134.754    47.231   8.694      0.000 [ 1  1  1] 164  0.018  2.855  2.622
 48 4200 convexHull  [     4  8  ]  -112.975    81.692   9.559      0.000 [ 1  1  1]  12  0.000  2.986  2.783
 48 4231 convexHull  [     4  4  ]   -73.865    74.981   9.456      0.000 [ 1  1  1] 166  0.000  3.081  2.867
 48 4232 convexHull  [     2  6  ]   -75.119    44.737   9.530      0.000 [ 1  1  1] 194  0.000  2.445  2.151
 49 4338 convexHull  [     4  0  ]   -34.357    70.008   9.103      0.000 [ 1  1  1] 194  0.000  4.529  4.533
 49 4313 convexHull  [     0  8  ]   -68.715    17.502   8.206      0.000 [ 1  1  1] 194  0.000  3.017  3.027
 49 4261 convexHull  [     1 14  ]  -134.754    47.231   8.694      0.000 [ 1  1  1] 164  0.018  2.855  2.622
 49 4276 convexHull  [     4  8  ]  -112.975    81.692   9.559      0.000 [ 1  1  1]  12  0.000  2.986  2.783
 49 4314 convexHull  [     4  4  ]   -73.865    74.981   9.456      0.000 [ 1  1  1] 166  0.000  3.081  2.867
 49 4315 convexHull  [     2  6  ]   -75.119    44.737   9.530      0.000 [ 1  1  1] 194  0.000  2.445  2.151
 50 4423 convexHull  [     4  0  ]   -34.357    70.008   9.103      0.000 [ 1  1  1] 194  0.000  4.529  4.533
 50 4401 convexHull  [     0  8  ]   -68.715    17.502   8.206      0.000 [ 1  1  1] 194  0.000  3.017  3.027
 50 4350 convexHull  [     1 14  ]  -134.754    47.231   8.694      0.000 [ 1  1  1] 164  0.018  2.855  2.622
 50 4369 convexHull  [     4  8  ]  -112.975    81.692   9.559      0.000 [ 1  1  1]  12  0.000  2.986  2.783
 50 4402 convexHull  [     4  4  ]   -73.865    74.981   9.456      0.000 [ 1  1  1] 166  0.000  3.081  2.867
 50 4403 convexHull  [     2  6  ]   -75.119    44.737   9.530      0.000 [ 1  1  1] 194  0.000  2.445  2.151
 51 4510 convexHull  [     4  0  ]   -34.357    70.008   9.103      0.000 [ 1  1  1] 194  0.000  4.529  4.533
 51 4497 convexHull  [     0  8  ]   -68.715    17.502   8.206      0.000 [ 1  1  1] 194  0.000  3.017  3.027
 51 4444 convexHull  [     1 14  ]  -134.754    47.231   8.694      0.000 [ 1  1  1] 164  0.018  2.855  2.622
 51 4455 convexHull  [     4  8  ]  -112.975    81.692   9.559      0.000 [ 1  1  1]  12  0.000  2.986  2.783
 51 4498 convexHull  [     4  4  ]   -73.865    74.981   9.456      0.000 [ 1  1  1] 166  0.000  3.081  2.867
 51 4499 convexHull  [     2  6  ]   -75.119    44.737   9.530      0.000 [ 1  1  1] 194  0.000  2.445  2.151
 52 4595 convexHull  [     4  0  ]   -34.357    70.008   9.103      0.000 [ 1  1  1] 194  0.000  4.529  4.533
 52 4581 convexHull  [     0  8  ]   -68.715    17.502   8.206      0.000 [ 1  1  1] 194  0.000  3.017  3.027
 52 4527 convexHull  [     1 14  ]  -134.754    47.231   8.694      0.000 [ 1  1  1] 164  0.018  2.855  2.622
 52 4551 convexHull  [     4  8  ]  -112.975    81.692   9.559      0.000 [ 1  1  1]  12  0.000  2.986  2.783
 52 4582 convexHull  [     4  4  ]   -73.865    74.981   9.456      0.000 [ 1  1  1] 166  0.000  3.081  2.867
 52 4583 convexHull  [     2  6  ]   -75.119    44.737   9.530      0.000 [ 1  1  1] 194  0.000  2.445  2.151
 53 4681 convexHull  [     4  0  ]   -34.357    70.008   9.103      0.000 [ 1  1  1] 194  0.000  4.529  4.533
 53 4656 convexHull  [     0  8  ]   -68.715    17.502   8.206      0.000 [ 1  1  1] 194  0.000  3.017  3.027
 53 4612 convexHull  [     1 14  ]  -134.754    47.231   8.694      0.000 [ 1  1  1] 164  0.018  2.855  2.622
 53 4632 convexHull  [     4  8  ]  -112.975    81.692   9.559      0.000 [ 1  1  1]  12  0.000  2.986  2.783
 53 4657 convexHull  [     4  4  ]   -73.865    74.981   9.456      0.000 [ 1  1  1] 166  0.000  3.081  2.867
 53 4658 convexHull  [     2  6  ]   -75.119    44.737   9.530      0.000 [ 1  1  1] 194  0.000  2.445  2.151
 54 4767 convexHull  [     4  0  ]   -34.357    70.008   9.103      0.000 [ 1  1  1] 194  0.000  4.529  4.533
 54 4749 convexHull  [     0  8  ]   -68.715    17.502   8.206      0.000 [ 1  1  1] 194  0.000  3.017  3.027
 54 4700 convexHull  [     1 14  ]  -134.754    47.231   8.694      0.000 [ 1  1  1] 164  0.018  2.855  2.622
 54 4719 convexHull  [     4  8  ]  -112.975    81.692   9.559      0.000 [ 1  1  1]  12  0.000  2.986  2.783
 54 4750 convexHull  [     4  4  ]   -73.865    74.981   9.456      0.000 [ 1  1  1] 166  0.000  3.081  2.867
 54 4751 convexHull  [     2  6  ]   -75.119    44.737   9.530      0.000 [ 1  1  1] 194  0.000  2.445  2.151
 55 4854 convexHull  [     4  0  ]   -34.357    70.008   9.103      0.000 [ 1  1  1] 194  0.000  4.529  4.533
 55 4831 convexHull  [     0  8  ]   -68.715    17.502   8.206      0.000 [ 1  1  1] 194  0.000  3.017  3.027
 55 4780 convexHull  [     1 14  ]  -134.754    47.231   8.694      0.000 [ 1  1  1] 164  0.018  2.855  2.622
 55 4805 convexHull  [     4  8  ]  -112.975    81.692   9.559      0.000 [ 1  1  1]  12  0.000  2.986  2.783
 55 4832 convexHull  [     4  4  ]   -73.865    74.981   9.456      0.000 [ 1  1  1] 166  0.000  3.081  2.867
 55 4833 convexHull  [     2  6  ]   -75.119    44.737   9.530      0.000 [ 1  1  1] 194  0.000  2.445  2.151
 56 4940 convexHull  [     4  0  ]   -34.357    70.008   9.103      0.000 [ 1  1  1] 194  0.000  4.529  4.533
 56 4925 convexHull  [     0  8  ]   -68.715    17.502   8.206      0.000 [ 1  1  1] 194  0.000  3.017  3.027
 56 4869 convexHull  [     1 14  ]  -134.754    47.231   8.694      0.000 [ 1  1  1] 164  0.018  2.855  2.622
 56 4894 convexHull  [     4  8  ]  -112.975    81.692   9.559      0.000 [ 1  1  1]  12  0.000  2.986  2.783
 56 4926 convexHull  [     4  4  ]   -73.865    74.981   9.456      0.000 [ 1  1  1] 166  0.000  3.081  2.867
 56 4927 convexHull  [     2  6  ]   -75.119    44.737   9.530      0.000 [ 1  1  1] 194  0.000  2.445  2.151
 57 5026 convexHull  [     4  0  ]   -34.357    70.008   9.103      0.000 [ 1  1  1] 194  0.000  4.529  4.533
 57 5006 convexHull  [     0  8  ]   -68.715    17.502   8.206      0.000 [ 1  1  1] 194  0.000  3.017  3.027
 57 4958 convexHull  [     1 14  ]  -134.754    47.231   8.694      0.000 [ 1  1  1] 164  0.018  2.855  2.622
 57 4974 convexHull  [     4  8  ]  -112.975    81.692   9.559      0.000 [ 1  1  1]  12  0.000  2.986  2.783
 57 5007 convexHull  [     4  4  ]   -73.865    74.981   9.456      0.000 [ 1  1  1] 166  0.000  3.081  2.867
 57 5008 convexHull  [     2  6  ]   -75.119    44.737   9.530      0.000 [ 1  1  1] 194  0.000  2.445  2.151
 58 5112 convexHull  [     4  0  ]   -34.357    70.008   9.103      0.000 [ 1  1  1] 194  0.000  4.529  4.533
 58 5099 convexHull  [     0  8  ]   -68.715    17.502   8.206      0.000 [ 1  1  1] 194  0.000  3.017  3.027
 58 5045 convexHull  [     1 14  ]  -134.754    47.231   8.694      0.000 [ 1  1  1] 164  0.018  2.855  2.622
 58 5071 convexHull  [     4  8  ]  -112.975    81.692   9.559      0.000 [ 1  1  1]  12  0.000  2.986  2.783
 58 5100 convexHull  [     4  4  ]   -73.865    74.981   9.456      0.000 [ 1  1  1] 166  0.000  3.081  2.867
 58 5101 convexHull  [     2  6  ]   -75.119    44.737   9.530      0.000 [ 1  1  1] 194  0.000  2.445  2.151
 59 5200 convexHull  [     4  0  ]   -34.357    70.008   9.103      0.000 [ 1  1  1] 194  0.000  4.529  4.533
 59 5187 convexHull  [     0  8  ]   -68.715    17.502   8.206      0.000 [ 1  1  1] 194  0.000  3.017  3.027
 59 5130 convexHull  [     1 14  ]  -134.754    47.231   8.694      0.000 [ 1  1  1] 164  0.018  2.855  2.622
 59 5165 convexHull  [     4  8  ]  -112.975    81.692   9.559      0.000 [ 1  1  1]  12  0.000  2.986  2.783
 59 5188 convexHull  [     4  4  ]   -73.865    74.981   9.456      0.000 [ 1  1  1] 166  0.000  3.081  2.867
 59 5189 convexHull  [     2  6  ]   -75.119    44.737   9.530      0.000 [ 1  1  1] 194  0.000  2.445  2.151
 60 5287 convexHull  [     4  0  ]   -34.357    70.008   9.103      0.000 [ 1  1  1] 194  0.000  4.529  4.533
 60 5277 convexHull  [     0  8  ]   -68.715    17.502   8.206      0.000 [ 1  1  1] 194  0.000  3.017  3.027
 60 5217 convexHull  [     1 14  ]  -134.754    47.231   8.694      0.000 [ 1  1  1] 164  0.018  2.855  2.622
 60 5245 convexHull  [     4  8  ]  -112.975    81.692   9.559      0.000 [ 1  1  1]  12  0.000  2.986  2.783
 60 5278 convexHull  [     4  4  ]   -73.865    74.981   9.456      0.000 [ 1  1  1] 166  0.000  3.081  2.867
 60 5279 convexHull  [     2  6  ]   -75.119    44.737   9.530      0.000 [ 1  1  1] 194  0.000  2.445  2.151
