       Comp/Ratio        Total     Random Heredity Mutation Seeds  COPEX  Best/Convex
 [  0.0000  1.0000  ]  146(205)      58      22      66       0       0      59
        0     8         12( 53)       5       0       7       0       0      41
        0     9          8(  8)       6       0       2       0       0       0
        0    10         15( 24)       7       2       6       0       0       9
        0    11          2(  2)       2       0       0       0       0       0
        0    12         17( 26)      10       3       4       0       0       9
        0    13          7(  7)       5       1       1       0       0       0
        0    14         14( 14)       6       6       2       0       0       0
        0    15          8(  8)       4       2       2       0       0       0
        0    16         30( 30)       9       1      20       0       0       0
        0    17          3(  3)       0       1       2       0       0       0
        0    18         17( 17)       4       1      12       0       0       0
        0    19          2(  2)       0       2       0       0       0       0
        0    20          1(  1)       0       1       0       0       0       0
        0     7          7(  7)       0       1       6       0       0       0
        0     4          1(  1)       0       1       0       0       0       0
        0     5          2(  2)       0       0       2       0       0       0
 [  0.1250  0.8750  ]   40( 40)       6       7      27       0       0       0
        1     7         25( 25)       1       2      22       0       0       0
        2    14         15( 15)       5       5       5       0       0       0
 [  0.1111  0.8889  ]   37( 45)       6       6      25       0       0       8
        1     8         23( 31)       2       3      18       0       0       8
        2    16         14( 14)       4       3       7       0       0       0
 [  0.1000  0.9000  ]   29( 29)       3       6      20       0       0       0
        1     9         28( 28)       3       5      20       0       0       0
        2    18          1(  1)       0       1       0       0       0       0
 [  0.0909  0.9091  ]   12( 12)       2       4       6       0       0       0
        1    10         12( 12)       2       4       6       0       0       0
 [  0.0833  0.9167  ]   31( 31)       7      13      11       0       0       0
        1    11         31( 31)       7      13      11       0       0       0
 [  0.0769  0.9231  ]   46( 46)      22       5      19       0       0       0
        1    12         46( 46)      22       5      19       0       0       0
 [  0.0714  0.9286  ]   11( 11)       1       8       2       0       0       0
        1    13         11( 11)       1       8       2       0       0       0
 [  0.0667  0.9333  ]   34( 74)       0      11      23       0       0      40
        1    14         34( 74)       0      11      23       0       0      40
 [  0.0625  0.9375  ]   13( 13)       1       6       6       0       0       0
        1    15         13( 13)       1       6       6       0       0       0
 [  0.0588  0.9412  ]   20( 33)       1       1      18       0       0      13
        1    16         20( 33)       1       1      18       0       0      13
 [  0.0556  0.9444  ]    7(  7)       0       3       4       0       0       0
        1    17          7(  7)       0       3       4       0       0       0
 [  0.2500  0.7500  ]   89(148)      26      26      37       0       0      59
        2     6         49(108)       7      11      31       0       0      59
        3     9         18( 18)       7      10       1       0       0       0
        4    12         20( 20)      12       3       5       0       0       0
        1     3          2(  2)       0       2       0       0       0       0
 [  0.2222  0.7778  ]   31( 31)       9       9      13       0       0       0
        2     7         20( 20)       0       8      12       0       0       0
        4    14         11( 11)       9       1       1       0       0       0
 [  0.2000  0.8000  ]   67( 67)       6      25      36       0       0       0
        2     8         51( 51)       5      18      28       0       0       0
        3    12         11( 11)       1       4       6       0       0       0
        4    16          1(  1)       0       1       0       0       0       0
        1     4          4(  4)       0       2       2       0       0       0
 [  0.1818  0.8182  ]   18( 18)       1      14       3       0       0       0
        2     9         18( 18)       1      14       3       0       0       0
 [  0.1667  0.8333  ]   72( 72)      16      19      37       0       0       0
        2    10         64( 64)      14      15      35       0       0       0
        3    15          3(  3)       2       0       1       0       0       0
        1     5          5(  5)       0       4       1       0       0       0
 [  0.1538  0.8462  ]   26( 26)       5      12       9       0       0       0
        2    11         26( 26)       5      12       9       0       0       0
 [  0.1429  0.8571  ]   53( 53)       9      14      30       0       0       0
        2    12         36( 36)       9      12      15       0       0       0
        1     6         17( 17)       0       2      15       0       0       0
 [  0.1333  0.8667  ]    7(  7)       3       4       0       0       0       0
        2    13          7(  7)       3       4       0       0       0       0
 [  0.1176  0.8824  ]   55( 55)      19       3      33       0       0       0
        2    15         55( 55)      19       3      33       0       0       0
 [  0.3750  0.6250  ]   43( 43)       9      18      16       0       0       0
        3     5         26( 26)       1      14      11       0       0       0
        6    10         17( 17)       8       4       5       0       0       0
 [  0.3333  0.6667  ]  114(170)      20      47      47       0       0      56
        3     6         34( 34)       0      23      11       0       0       0
        4     8         47(103)      10       9      28       0       0      56
        5    10         11( 11)       0       6       5       0       0       0
        6    12         12( 12)      10       1       1       0       0       0
        2     4          8(  8)       0       6       2       0       0       0
        1     2          2(  2)       0       2       0       0       0       0
 [  0.3000  0.7000  ]   36( 36)       2      20      14       0       0       0
        3     7         35( 35)       2      19      14       0       0       0
        6    14          1(  1)       0       1       0       0       0       0
 [  0.2727  0.7273  ]   18( 18)       2       8       8       0       0       0
        3     8         18( 18)       2       8       8       0       0       0
 [  0.2308  0.7692  ]   22( 22)       3       8      11       0       0       0
        3    10         22( 22)       3       8      11       0       0       0
 [  0.2143  0.7857  ]   14( 14)       5       6       3       0       0       0
        3    11         14( 14)       5       6       3       0       0       0
 [  0.1875  0.8125  ]   11( 11)       5       2       4       0       0       0
        3    13         11( 11)       5       2       4       0       0       0
 [  0.1765  0.8235  ]   12( 12)       4       1       7       0       0       0
        3    14         12( 12)       4       1       7       0       0       0
 [  0.5000  0.5000  ]  185(240)      25      79      81       0       0      55
        4     4         79(134)       6      24      49       0       0      55
        5     5         30( 30)       1      16      13       0       0       0
        6     6         27( 27)       7      12       8       0       0       0
        7     7          9(  9)       2       1       6       0       0       0
        8     8         16( 16)       8       5       3       0       0       0
        9     9          3(  3)       1       1       1       0       0       0
       10    10          1(  1)       0       0       1       0       0       0
        3     3         14( 14)       0      14       0       0       0       0
        2     2          4(  4)       0       4       0       0       0       0
        1     1          2(  2)       0       2       0       0       0       0
 [  0.4444  0.5556  ]   67( 67)      34      23      10       0       0       0
        4     5         32( 32)       1      22       9       0       0       0
        8    10         35( 35)      33       1       1       0       0       0
 [  0.4000  0.6000  ]   77( 77)      13      34      30       0       0       0
        4     6         56( 56)      10      21      25       0       0       0
        6     9         15( 15)       3       7       5       0       0       0
        2     3          6(  6)       0       6       0       0       0       0
 [  0.3636  0.6364  ]   38( 38)       4      15      19       0       0       0
        4     7         38( 38)       4      15      19       0       0       0
 [  0.3077  0.6923  ]   15( 15)       3       6       6       0       0       0
        4     9         15( 15)       3       6       6       0       0       0
 [  0.2857  0.7143  ]   71( 71)      38      10      23       0       0       0
        4    10         60( 60)      38       7      15       0       0       0
        2     5         11( 11)       0       3       8       0       0       0
 [  0.2667  0.7333  ]   21( 21)       7       7       7       0       0       0
        4    11         21( 21)       7       7       7       0       0       0
 [  0.2353  0.7647  ]   25( 25)      23       0       2       0       0       0
        4    13         25( 25)      23       0       2       0       0       0
 [  0.6250  0.3750  ]   81( 81)      31      29      21       0       0       0
        5     3         37( 37)       2      22      13       0       0       0
       10     6         44( 44)      29       7       8       0       0       0
 [  0.5556  0.4444  ]   59( 59)      12      35      12       0       0       0
        5     4         43( 43)       1      32      10       0       0       0
       10     8         16( 16)      11       3       2       0       0       0
 [  0.4545  0.5455  ]   32( 32)       5      22       5       0       0       0
        5     6         32( 32)       5      22       5       0       0       0
 [  0.4167  0.5833  ]   21( 21)       5       9       7       0       0       0
        5     7         21( 21)       5       9       7       0       0       0
 [  0.3846  0.6154  ]   20( 20)       9       4       7       0       0       0
        5     8         20( 20)       9       4       7       0       0       0
 [  0.3571  0.6429  ]   20( 20)       1       8      11       0       0       0
        5     9         20( 20)       1       8      11       0       0       0
 [  0.3125  0.6875  ]    8(  8)       2       2       4       0       0       0
        5    11          8(  8)       2       2       4       0       0       0
 [  0.2941  0.7059  ]    9(  9)       2       1       6       0       0       0
        5    12          9(  9)       2       1       6       0       0       0
 [  0.2778  0.7222  ]    2(  2)       1       0       1       0       0       0
        5    13          2(  2)       1       0       1       0       0       0
 [  0.7500  0.2500  ]  129(132)      23      70      36       0       0       3
        6     2         76( 77)       4      52      20       0       0       1
        9     3         26( 26)       9       9       8       0       0       0
       12     4         19( 21)      10       1       8       0       0       2
        3     1          8(  8)       0       8       0       0       0       0
 [  0.6667  0.3333  ]  165(165)      41      90      34       0       0       0
        6     3         41( 41)       3      33       5       0       0       0
        8     4         50( 50)      19      14      17       0       0       0
       10     5          8(  8)       2       4       2       0       0       0
       12     6         20( 20)      17       1       2       0       0       0
        4     2         37( 37)       0      29       8       0       0       0
        2     1          9(  9)       0       9       0       0       0       0
 [  0.6000  0.4000  ]  138(138)      18      54      66       0       0       0
        6     4         90( 90)      14      34      42       0       0       0
        9     6         11( 11)       4       5       2       0       0       0
        3     2         37( 37)       0      15      22       0       0       0
 [  0.5455  0.4545  ]   26( 26)       7      13       6       0       0       0
        6     5         26( 26)       7      13       6       0       0       0
 [  0.4615  0.5385  ]   13( 13)       3       6       4       0       0       0
        6     7         13( 13)       3       6       4       0       0       0
 [  0.4286  0.5714  ]  124(124)      41      36      47       0       0       0
        6     8         66( 66)      41      10      15       0       0       0
        3     4         58( 58)       0      26      32       0       0       0
 [  0.3529  0.6471  ]   11( 11)       5       0       6       0       0       0
        6    11         11( 11)       5       0       6       0       0       0
 [  0.8750  0.1250  ]  177(177)      51      51      75       0       0       0
        7     1         85( 85)       7      50      28       0       0       0
       14     2         92( 92)      44       1      47       0       0       0
 [  0.7778  0.2222  ]  153(153)      48      48      57       0       0       0
        7     2        105(105)       2      48      55       0       0       0
       14     4         48( 48)      46       0       2       0       0       0
 [  0.7000  0.3000  ]   42( 42)       4      21      17       0       0       0
        7     3         42( 42)       4      21      17       0       0       0
 [  0.6364  0.3636  ]   31( 31)       2      22       7       0       0       0
        7     4         31( 31)       2      22       7       0       0       0
 [  0.5833  0.4167  ]   19( 19)       2      13       4       0       0       0
        7     5         19( 19)       2      13       4       0       0       0
 [  0.5385  0.4615  ]   22( 22)       7       7       8       0       0       0
        7     6         22( 22)       7       7       8       0       0       0
 [  0.4667  0.5333  ]    7(  7)       3       2       2       0       0       0
        7     8          7(  7)       3       2       2       0       0       0
 [  0.4375  0.5625  ]   12( 12)       4       4       4       0       0       0
        7     9         12( 12)       4       4       4       0       0       0
 [  0.4118  0.5882  ]    7(  7)       2       0       5       0       0       0
        7    10          7(  7)       2       0       5       0       0       0
 [  0.3889  0.6111  ]    6(  6)       3       0       3       0       0       0
        7    11          6(  6)       3       0       3       0       0       0
 [  1.0000  0.0000  ]  367(426)      63     247      57       0       0      59
        8     0         45( 67)       6      33       6       0       0      22
        9     0         34( 34)       1      30       3       0       0       0
       10     0         57( 58)       9      30      18       0       0       1
       11     0         19( 19)       4      14       1       0       0       0
       12     0         14( 14)       6       7       1       0       0       0
       13     0         12( 12)       3       3       6       0       0       0
       14     0         19( 19)       9       2       8       0       0       0
       15     0          6(  6)       3       0       3       0       0       0
       16     0         16( 16)      15       1       0       0       0       0
       17     0          6(  6)       3       0       3       0       0       0
       18     0          5(  5)       4       0       1       0       0       0
        5     0         35( 35)       0      34       1       0       0       0
        6     0         37( 37)       0      37       0       0       0       0
        2     0          3(  3)       0       3       0       0       0       0
        7     0         39( 39)       0      33       6       0       0       0
        4     0         17( 53)       0      17       0       0       0      36
        3     0          3(  3)       0       3       0       0       0       0
 [  0.8889  0.1111  ]  108(108)      22      54      32       0       0       0
        8     1         70( 70)       6      54      10       0       0       0
       16     2         38( 38)      16       0      22       0       0       0
 [  0.8000  0.2000  ]  196(196)      43      61      92       0       0       0
        8     2        134(134)      34      33      67       0       0       0
       12     3         34( 34)       9       3      22       0       0       0
        4     1         28( 28)       0      25       3       0       0       0
 [  0.7273  0.2727  ]   46( 46)       2      25      19       0       0       0
        8     3         46( 46)       2      25      19       0       0       0
 [  0.6154  0.3846  ]   18( 18)       1       9       8       0       0       0
        8     5         18( 18)       1       9       8       0       0       0
 [  0.5714  0.4286  ]   51( 51)       4      24      23       0       0       0
        8     6         16( 16)       4       2      10       0       0       0
        4     3         35( 35)       0      22      13       0       0       0
 [  0.5333  0.4667  ]   18( 18)       9       8       1       0       0       0
        8     7         18( 18)       9       8       1       0       0       0
 [  0.4706  0.5294  ]   16( 16)       8       0       8       0       0       0
        8     9         16( 16)       8       0       8       0       0       0
 [  0.9000  0.1000  ]  131(131)       1      54      76       0       0       0
        9     1        131(131)       1      54      76       0       0       0
 [  0.8182  0.1818  ]   75( 75)       3      23      49       0       0       0
        9     2         75( 75)       3      23      49       0       0       0
 [  0.6923  0.3077  ]   41( 41)       7      14      20       0       0       0
        9     4         41( 41)       7      14      20       0       0       0
 [  0.6429  0.3571  ]   12( 12)       4       4       4       0       0       0
        9     5         12( 12)       4       4       4       0       0       0
 [  0.5625  0.4375  ]   32( 32)      23       3       6       0       0       0
        9     7         32( 32)      23       3       6       0       0       0
 [  0.5294  0.4706  ]   10( 10)       1       3       6       0       0       0
        9     8         10( 10)       1       3       6       0       0       0
 [  0.9091  0.0909  ]   52( 52)       0      36      16       0       0       0
       10     1         52( 52)       0      36      16       0       0       0
 [  0.8333  0.1667  ]   78( 78)       9      62       7       0       0       0
       10     2         28( 28)       8      15       5       0       0       0
       15     3          2(  2)       1       0       1       0       0       0
        5     1         48( 48)       0      47       1       0       0       0
 [  0.7692  0.2308  ]   29( 29)       0      13      16       0       0       0
       10     3         29( 29)       0      13      16       0       0       0
 [  0.7143  0.2857  ]  136(136)      36      58      42       0       0       0
       10     4         51( 51)      36       6       9       0       0       0
        5     2         85( 85)       0      52      33       0       0       0
 [  0.5882  0.4118  ]   11( 11)       3       6       2       0       0       0
       10     7         11( 11)       3       6       2       0       0       0
 [  0.9167  0.0833  ]   34( 34)       1      18      15       0       0       0
       11     1         34( 34)       1      18      15       0       0       0
 [  0.8462  0.1538  ]   21( 21)       0       6      15       0       0       0
       11     2         21( 21)       0       6      15       0       0       0
 [  0.7857  0.2143  ]   13( 13)       7       3       3       0       0       0
       11     3         13( 13)       7       3       3       0       0       0
 [  0.7333  0.2667  ]   10( 10)       3       3       4       0       0       0
       11     4         10( 10)       3       3       4       0       0       0
 [  0.6875  0.3125  ]   10( 10)       4       4       2       0       0       0
       11     5         10( 10)       4       4       2       0       0       0
 [  0.6471  0.3529  ]    7(  7)       2       1       4       0       0       0
       11     6          7(  7)       2       1       4       0       0       0
 [  0.6111  0.3889  ]   21( 21)      19       0       2       0       0       0
       11     7         21( 21)      19       0       2       0       0       0
 [  0.9231  0.0769  ]  137(137)       7      13     117       0       0       0
       12     1        137(137)       7      13     117       0       0       0
 [  0.8571  0.1429  ]  170(170)      40      59      71       0       0       0
       12     2         79( 79)      40       8      31       0       0       0
        6     1         91( 91)       0      51      40       0       0       0
 [  0.7059  0.2941  ]   11( 11)       4       1       6       0       0       0
       12     5         11( 11)       4       1       6       0       0       0
 [  0.9286  0.0714  ]   10( 10)       0       3       7       0       0       0
       13     1         10( 10)       0       3       7       0       0       0
 [  0.8667  0.1333  ]   10( 10)       1       1       8       0       0       0
       13     2         10( 10)       1       1       8       0       0       0
 [  0.8125  0.1875  ]   23( 23)      11       2      10       0       0       0
       13     3         23( 23)      11       2      10       0       0       0
 [  0.7647  0.2353  ]    5(  5)       3       0       2       0       0       0
       13     4          5(  5)       3       0       2       0       0       0
 [  0.7222  0.2778  ]    2(  2)       2       0       0       0       0       0
       13     5          2(  2)       2       0       0       0       0       0
 [  0.9333  0.0667  ]   28( 28)       0       2      26       0       0       0
       14     1         28( 28)       0       2      26       0       0       0
 [  0.8235  0.1765  ]    7(  7)       6       0       1       0       0       0
       14     3          7(  7)       6       0       1       0       0       0
 [  0.9375  0.0625  ]   10( 10)       1       2       7       0       0       0
       15     1         10( 10)       1       2       7       0       0       0
 [  0.8824  0.1176  ]    6(  6)       0       1       5       0       0       0
       15     2          6(  6)       0       1       5       0       0       0
 [  0.9412  0.0588  ]   17( 17)       0       0      17       0       0       0
       16     1         17( 17)       0       0      17       0       0       0
 [  0.9444  0.0556  ]    4(  4)       0       0       4       0       0       0
       17     1          4(  4)       0       0       4       0       0       0
 [  0.5789  0.4211  ]    2(  2)       0       2       0       0       0       0
       11     8          2(  2)       0       2       0       0       0       0
 [  0.0500  0.9500  ]    3(  3)       0       1       2       0       0       0
        1    19          3(  3)       0       1       2       0       0       0
