---- generation  1 ----
  10   0     -8.5893
   0  12     -8.5893
  12   4     -8.8847
   2   6     -9.3898
---- generation  2 ----
   8   0     -8.5893
   0  12     -8.5893
   2   6     -9.3899
  12   4     -8.8847
---- generation  3 ----
   8   0     -8.5893
   0  12     -8.5893
   6   2     -8.8884
   2   6     -9.3899
---- generation  4 ----
   8   0     -8.5893
   0  12     -8.5893
   4   8     -9.3895
   2   6     -9.3899
---- generation  5 ----
   8   0     -8.5893
   0  12     -8.5893
   4   8     -9.3895
   2   6     -9.3899
   4   4     -9.2331
---- generation  6 ----
   8   0     -8.5893
   0  12     -8.5893
   4   8     -9.3895
   4   4     -9.2331
   2   6     -9.3899
---- generation  7 ----
   8   0     -8.5893
   0  12     -8.5893
   1  16     -8.8096
   4   8     -9.3895
   4   4     -9.2331
   2   6     -9.3899
---- generation  8 ----
   8   0     -8.5893
   0  12     -8.5893
   1  16     -8.8096
   4   8     -9.3895
   4   4     -9.2331
   2   6     -9.3899
---- generation  9 ----
   8   0     -8.5893
   0  12     -8.5893
   4   8     -9.3895
   1  16     -8.8096
   4   4     -9.2331
   2   6     -9.3899
---- generation 10 ----
   8   0     -8.5893
   0  10     -8.5893
   1  16     -8.8096
   4   8     -9.3895
   4   4     -9.2331
   2   6     -9.3899
---- generation 11 ----
   8   0     -8.5893
   0  10     -8.5893
   1  16     -8.8096
   4   8     -9.4146
   4   4     -9.2331
   2   6     -9.3899
---- generation 12 ----
   8   0     -8.5893
   0  10     -8.5893
   1  16     -8.8096
   4   8     -9.4146
   1   8     -8.9759
   4   4     -9.2331
   2   6     -9.3899
---- generation 13 ----
   8   0     -8.5893
   0  10     -8.5893
   1  16     -8.8096
   4   8     -9.4146
   1   8     -8.9759
   4   4     -9.2331
   2   6     -9.3899
---- generation 14 ----
   8   0     -8.5893
   0  10     -8.5893
   1  16     -8.8096
   4   8     -9.4146
   1   8     -8.9760
   2   6     -9.3899
   4   4     -9.2331
---- generation 15 ----
   8   0     -8.5893
   0  10     -8.5893
   1  16     -8.8096
   4   8     -9.4146
   1   8     -8.9760
   4   4     -9.2331
   2   6     -9.3899
---- generation 16 ----
   8   0     -8.5893
   0  10     -8.5893
   1  16     -8.8096
   4   8     -9.4146
   1   8     -8.9760
   4   4     -9.2331
   2   6     -9.3899
---- generation 17 ----
   8   0     -8.5893
   0  10     -8.5893
   1  16     -8.8096
   4   4     -9.2331
   4   8     -9.4146
   1   8     -8.9760
   2   6     -9.3899
---- generation 18 ----
   8   0     -8.5893
   0  10     -8.5893
   1  16     -8.8096
   4   8     -9.4146
   1   8     -8.9760
   2   6     -9.3899
   4   4     -9.2331
---- generation 19 ----
   8   0     -8.5893
   0   8     -8.5893
   1  16     -8.8096
   4   8     -9.4146
   1   8     -8.9760
   2   6     -9.3899
   4   4     -9.2331
---- generation 20 ----
   8   0     -8.5893
   0   8     -8.5893
   1  14     -8.9836
   4   8     -9.4146
   2   6     -9.3899
   4   4     -9.2331
---- generation 21 ----
   8   0     -8.5893
   0   8     -8.5893
   1  14     -8.9836
   4   8     -9.4146
   2   6     -9.3899
   4   4     -9.2331
---- generation 22 ----
   8   0     -8.5893
   0   8     -8.5893
   1  14     -8.9836
   4   8     -9.4146
   2   6     -9.3899
   4   4     -9.2331
---- generation 23 ----
   8   0     -8.5893
   0   8     -8.5893
   1  14     -8.9836
   4   8     -9.4146
   2   6     -9.3899
   4   4     -9.2331
---- generation 24 ----
   4   0     -8.5893
   0   8     -8.5893
   1  14     -8.9836
   4   8     -9.4146
   2   6     -9.3899
   4   4     -9.2331
---- generation 25 ----
   4   0     -8.5893
   0   8     -8.5893
   1  14     -8.9836
   4   8     -9.4146
   2   6     -9.3899
   4   4     -9.2331
---- generation 26 ----
   4   0     -8.5893
   0   8     -8.5893
   1  14     -8.9836
   4   8     -9.4146
   2   6     -9.3899
   4   4     -9.2331
---- generation 27 ----
   4   0     -8.5893
   0   8     -8.5893
   1  14     -8.9836
   4   8     -9.4146
   2   6     -9.3899
   4   4     -9.2331
---- generation 28 ----
   4   0     -8.5893
   0   8     -8.5893
   1  14     -8.9836
   4   8     -9.4146
   2   6     -9.3899
   4   4     -9.2331
---- generation 29 ----
   4   0     -8.5893
   0   8     -8.5893
   1  14     -8.9836
   4   8     -9.4146
   2   6     -9.3899
   4   4     -9.2331
---- generation 30 ----
   4   0     -8.5893
   0   8     -8.5893
   1  14     -8.9836
   4   8     -9.4146
   2   6     -9.3899
   4   4     -9.2331
---- generation 31 ----
   4   0     -8.5893
   0   8     -8.5893
   1  14     -8.9836
   4   8     -9.4146
   2   6     -9.3899
   4   4     -9.2331
---- generation 32 ----
   4   0     -8.5893
   0   8     -8.5893
   1  14     -8.9836
   4   8     -9.4146
   2   6     -9.3899
   4   4     -9.2331
---- generation 33 ----
   4   0     -8.5893
   0   8     -8.5893
   1  14     -8.9836
   4   8     -9.4146
   2   6     -9.3899
   4   4     -9.2331
---- generation 34 ----
   4   0     -8.5893
   0   8     -8.5893
   1  14     -8.9836
   4   8     -9.4146
   2   6     -9.3899
   4   4     -9.2331
---- generation 35 ----
   4   0     -8.5893
   0   8     -8.5893
   1  14     -8.9836
   4   8     -9.4146
   2   6     -9.3899
   4   4     -9.2331
---- generation 36 ----
   4   0     -8.5893
   0   8     -8.5893
   1  14     -8.9836
   4   8     -9.4146
   2   6     -9.3899
   4   4     -9.2331
---- generation 37 ----
   4   0     -8.5893
   0   8     -8.5893
   1  14     -8.9836
   4   8     -9.4146
   2   6     -9.3899
   4   4     -9.2331
---- generation 38 ----
   4   0     -8.5893
   0   8     -8.5893
   1  14     -8.9836
   4   8     -9.4146
   4   4     -9.2331
   2   6     -9.3899
---- generation 39 ----
   4   0     -8.5893
   0   8     -8.5893
   1  14     -8.9836
   4   8     -9.4146
   4   4     -9.2331
   2   6     -9.3899
---- generation 40 ----
   4   0     -8.5893
   0   8     -8.5893
   1  14     -8.9836
   4   8     -9.4146
   4   4     -9.2331
   2   6     -9.3899
---- generation 41 ----
   4   0     -8.5893
   0   8     -8.5893
   1  14     -8.9836
   4   8     -9.4146
   4   4     -9.2331
   2   6     -9.3899
---- generation 42 ----
   4   0     -8.5893
   0   8     -8.5893
   1  14     -8.9836
   4   8     -9.4146
   4   4     -9.2331
   2   6     -9.3899
---- generation 43 ----
   4   0     -8.5893
   0   8     -8.5893
   1  14     -8.9836
   4   8     -9.4146
   4   4     -9.2331
   2   6     -9.3899
---- generation 44 ----
   4   0     -8.5893
   0   8     -8.5893
   1  14     -8.9836
   4   8     -9.4146
   4   4     -9.2331
   2   6     -9.3899
---- generation 45 ----
   4   0     -8.5893
   0   8     -8.5893
   1  14     -8.9836
   4   8     -9.4146
   4   4     -9.2331
   2   6     -9.3899
---- generation 46 ----
   4   0     -8.5893
   0   8     -8.5893
   1  14     -8.9836
   4   8     -9.4146
   4   4     -9.2331
   2   6     -9.3899
---- generation 47 ----
   4   0     -8.5893
   0   8     -8.5893
   1  14     -8.9836
   4   8     -9.4146
   4   4     -9.2331
   2   6     -9.3899
---- generation 48 ----
   4   0     -8.5893
   0   8     -8.5893
   1  14     -8.9836
   4   8     -9.4146
   4   4     -9.2331
   2   6     -9.3899
---- generation 49 ----
   4   0     -8.5893
   0   8     -8.5893
   1  14     -8.9836
   4   8     -9.4146
   4   4     -9.2331
   2   6     -9.3899
---- generation 50 ----
   4   0     -8.5893
   0   8     -8.5893
   1  14     -8.9836
   4   8     -9.4146
   4   4     -9.2331
   2   6     -9.3899
---- generation 51 ----
   4   0     -8.5893
   0   8     -8.5893
   1  14     -8.9836
   4   8     -9.4146
   4   4     -9.2331
   2   6     -9.3899
---- generation 52 ----
   4   0     -8.5893
   0   8     -8.5893
   1  14     -8.9836
   4   8     -9.4146
   4   4     -9.2331
   2   6     -9.3899
---- generation 53 ----
   4   0     -8.5893
   0   8     -8.5893
   1  14     -8.9836
   4   8     -9.4146
   4   4     -9.2331
   2   6     -9.3899
---- generation 54 ----
   4   0     -8.5893
   0   8     -8.5893
   1  14     -8.9836
   4   8     -9.4146
   4   4     -9.2331
   2   6     -9.3899
---- generation 55 ----
   4   0     -8.5893
   0   8     -8.5893
   1  14     -8.9836
   4   8     -9.4146
   4   4     -9.2331
   2   6     -9.3899
---- generation 56 ----
   4   0     -8.5893
   0   8     -8.5893
   1  14     -8.9836
   4   8     -9.4146
   4   4     -9.2331
   2   6     -9.3899
---- generation 57 ----
   4   0     -8.5893
   0   8     -8.5893
   1  14     -8.9836
   4   8     -9.4146
   4   4     -9.2331
   2   6     -9.3899
---- generation 58 ----
   4   0     -8.5893
   0   8     -8.5893
   1  14     -8.9836
   4   8     -9.4146
   4   4     -9.2331
   2   6     -9.3899
---- generation 59 ----
   4   0     -8.5893
   0   8     -8.5893
   1  14     -8.9836
   4   8     -9.4146
   4   4     -9.2331
   2   6     -9.3899
---- generation 60 ----
   4   0     -8.5893
   0   8     -8.5893
   1  14     -8.9836
   4   8     -9.4146
   4   4     -9.2331
   2   6     -9.3899
