# It contains the all the information in extendedConvexHull.pdf
# X axis: X = y/(x+y) 
# Y axis: Y = (E(AxBy)-x*E(A)-y*E(B))/(x+y)
# Fitness: its distance to the convex hull (eV/block)
  ID   Compositions    Enthalpies     Volumes     Fitness   SYMM    X        Y     
                       (eV/atom)    (A^3/atom)   (eV/block)              (eV/atom) 
  74  [     0 16  ]     -8.5893       2.1877     -0.0000    194   1.000  -0.0000
 173  [    10  0  ]     -8.5893      17.5020      0.0000     11   0.000   0.0000
 518  [     2  6  ]     -9.3899       5.5922      0.0000    194   0.750  -0.8005
 524  [     4  4  ]     -9.2331       9.3728      0.0000    166   0.500  -0.6437
1004  [     4  8  ]     -9.4146       6.8077      0.0000    191   0.667  -0.8252
1767  [     1 14  ]     -8.9836       3.1487      0.0000    164   0.933  -0.3942
1408  [     0 18  ]     -8.5892       2.1878      0.0002    166   1.000   0.0002
4740  [     8  0  ]     -8.5891      17.5020      0.0003    166   0.000   0.0003
  85  [     0 16  ]     -8.5889       2.1878      0.0004    225   1.000   0.0004
 119  [    14  0  ]     -8.5889      17.5020      0.0004     10   0.000   0.0004
1061  [     0 18  ]     -8.5890       2.1878      0.0004    194   1.000   0.0004
2147  [     6  4  ]     -9.0978      10.9690      0.0065    187   0.400  -0.5084
2833  [     8  2  ]     -8.8273      14.1981      0.0196     12   0.200  -0.2379
2054  [     9  2  ]     -8.8020      14.4931      0.0214      1   0.182  -0.2126
2499  [     3  6  ]     -9.3922       6.8318      0.0224      1   0.667  -0.8029
 358  [     6  2  ]     -8.8884      13.3783      0.0228     11   0.250  -0.2990
 419  [     4  8  ]     -9.3895       6.8353      0.0251    141   0.667  -0.8002
1105  [     8  4  ]     -8.9922      12.0221      0.0263     12   0.333  -0.4029
3381  [     3  4  ]     -9.2832       8.2692      0.0276      1   0.571  -0.6939
3698  [     6  4  ]     -9.0722      10.9604      0.0321     36   0.400  -0.4829
5096  [     6  2  ]     -8.8783      13.4038      0.0329     63   0.250  -0.2889
2949  [     4  2  ]     -8.9781      12.0522      0.0404     63   0.333  -0.3887
1131  [     4  4  ]     -9.1921       9.3851      0.0410     62   0.500  -0.6027
2439  [     3  2  ]     -9.0599      10.9742      0.0444     65   0.400  -0.4705
3119  [     3  4  ]     -9.2619       8.2845      0.0490    115   0.571  -0.6725
2484  [     8  2  ]     -8.7799      14.2296      0.0669     12   0.200  -0.1906
3429  [     9  2  ]     -8.7524      14.5302      0.0710     10   0.182  -0.1631
2083  [     4  4  ]     -9.1609       9.4325      0.0721     12   0.500  -0.5716
3626  [     6  2  ]     -8.8310      13.4143      0.0802     12   0.250  -0.2417
3867  [     8  2  ]     -8.7648      14.2380      0.0820     12   0.200  -0.1755
4811  [     8  2  ]     -8.7644      14.2487      0.0825     12   0.200  -0.1750
3620  [     7  2  ]     -8.7867      13.8872      0.0887     10   0.222  -0.1974
2332  [     7  2  ]     -8.7840      13.8813      0.0914      1   0.222  -0.1947
 954  [     6  2  ]     -8.8148      13.4261      0.0964     12   0.250  -0.2254
1294  [     1  8  ]     -8.9760       3.7837      0.1061     12   0.889  -0.3867
1658  [     4  2  ]     -8.9084      12.0735      0.1101     12   0.333  -0.3190
 641  [    16  1  ]     -8.5539      16.7079      0.1112      2   0.059   0.0355
2687  [     5  2  ]     -8.8434      12.8639      0.1138     12   0.286  -0.2541
1077  [    15  1  ]     -8.5552      16.6505      0.1146      2   0.062   0.0342
2187  [    16  1  ]     -8.5504      16.7163      0.1147     12   0.059   0.0389
1918  [     5  2  ]     -8.8398      12.8976      0.1174     65   0.286  -0.2504
1018  [     2  8  ]     -9.1598       5.0325      0.1193     59   0.800  -0.5704
1209  [     4  4  ]     -9.1135       9.4704      0.1195     63   0.500  -0.5242
 734  [    14  1  ]     -8.5537      16.5922      0.1215      2   0.067   0.0357
2401  [     9  2  ]     -8.7016      14.5368      0.1218     12   0.182  -0.1123
5149  [    11  2  ]     -8.6656      14.9967      0.1218     12   0.154  -0.0762
 315  [    14  1  ]     -8.5508      16.5971      0.1244      2   0.067   0.0385
 832  [     2 12  ]     -9.0279       4.2128      0.1246     12   0.857  -0.4385
 636  [     1 16  ]     -8.8096       3.0646      0.1276      5   0.941  -0.2202
4789  [     4 10  ]     -9.2703       6.2306      0.1302    160   0.714  -0.6810
4173  [    13  1  ]     -8.5465      16.5381      0.1348      2   0.071   0.0428
4890  [    12  1  ]     -8.5511      16.4360      0.1373      1   0.077   0.0382
3486  [     6  8  ]     -9.1731       8.2761      0.1378    140   0.571  -0.5838
1934  [    12  3  ]     -8.7083      14.3380      0.1385      1   0.200  -0.1190
2898  [    12  1  ]     -8.5474      16.4544      0.1410      2   0.077   0.0420
1471  [     5  4  ]     -9.0198      10.2939      0.1418     12   0.444  -0.4304
4365  [    12  1  ]     -8.5460      16.4521      0.1424      6   0.077   0.0434
5235  [    12  1  ]     -8.5452      16.4565      0.1431     10   0.077   0.0441
2723  [    12  1  ]     -8.5424      16.4641      0.1460      2   0.077   0.0469
2581  [     7  2  ]     -8.7257      13.8835      0.1498     12   0.222  -0.1363
3607  [     8  2  ]     -8.6969      14.2488      0.1499     11   0.200  -0.1076
 499  [    11  1  ]     -8.5459      16.3623      0.1507      2   0.083   0.0434
3082  [     9  2  ]     -8.6701      14.5774      0.1533     12   0.182  -0.0808
4207  [     6  4  ]     -8.9505      11.0675      0.1538     15   0.400  -0.3612
2351  [     3  2  ]     -8.9499      11.0575      0.1544     71   0.400  -0.3606
2629  [    13  1  ]     -8.5228      16.4794      0.1585      8   0.071   0.0665
1956  [     2 10  ]     -9.0460       4.5467      0.1592      2   0.833  -0.4566
3415  [    12  1  ]     -8.5287      16.4954      0.1597     12   0.077   0.0607
3676  [    10  1  ]     -8.5452      16.2513      0.1612      2   0.091   0.0442
1465  [     4  6  ]     -9.1791       7.9506      0.1629    166   0.600  -0.5898
4456  [    10  1  ]     -8.5429      16.2489      0.1634     12   0.091   0.0464
5238  [    12  1  ]     -8.5246      16.3995      0.1638      8   0.077   0.0648
4092  [     2 12  ]     -8.9879       4.2786      0.1646      2   0.857  -0.3985
1881  [    10  1  ]     -8.5387      16.2635      0.1677      2   0.091   0.0506
 995  [    10  3  ]     -8.7182      13.8710      0.1682      6   0.231  -0.1289
1293  [     3  6  ]     -9.2459       6.8554      0.1687     65   0.667  -0.6565
 674  [    11  1  ]     -8.5255      16.4077      0.1712     12   0.083   0.0639
  50  [     2 15  ]     -8.9233       3.8847      0.1733      2   0.882  -0.3339
1776  [     5  9  ]     -9.2154       7.3205      0.1733      5   0.643  -0.6260
4973  [    12  1  ]     -8.5145      16.4317      0.1739      8   0.077   0.0749
2915  [     9  1  ]     -8.5435      16.1133      0.1746     12   0.100   0.0459
1887  [     9  1  ]     -8.5427      16.1226      0.1754    148   0.100   0.0467
2238  [     9  1  ]     -8.5379      16.1329      0.1802      8   0.100   0.0515
4202  [    10  1  ]     -8.5260      16.2868      0.1803     47   0.091   0.0633
2142  [    11  1  ]     -8.5157      16.3324      0.1809      8   0.083   0.0736
3824  [    14  2  ]     -8.5672      15.7026      0.1830     63   0.125   0.0221
2473  [     8  3  ]     -8.7554      13.1949      0.1851      1   0.273  -0.1660
4528  [    12  2  ]     -8.5880      15.3935      0.1852      8   0.143   0.0013
1710  [     2  8  ]     -9.0911       5.0282      0.1880     70   0.800  -0.5018
3849  [    12  1  ]     -8.4971      16.5645      0.1912    123   0.077   0.0922
4587  [     1  6  ]     -8.9610       4.2405      0.1915    183   0.857  -0.3716
2577  [     2  8  ]     -9.0868       5.0296      0.1922    139   0.800  -0.4975
5168  [     8  3  ]     -8.7480      13.2374      0.1925      8   0.273  -0.1587
  22  [    16  2  ]     -8.5393      15.9621      0.1931      2   0.111   0.0500
2068  [     8  1  ]     -8.5391      15.9578      0.1933     12   0.111   0.0503
3616  [     8  1  ]     -8.5378      15.9568      0.1946     10   0.111   0.0515
5255  [     9  1  ]     -8.5234      16.0517      0.1947      8   0.100   0.0660
4468  [     0 10  ]     -8.3937       2.2258      0.1956     12   1.000   0.1956
3594  [    10  1  ]     -8.5104      16.2231      0.1960      1   0.091   0.0789
1884  [     6  4  ]     -8.9075      11.0538      0.1968     11   0.400  -0.3182
2710  [    12  3  ]     -8.6493      14.3718      0.1976      1   0.200  -0.0599
4474  [     9  1  ]     -8.5201      16.0621      0.1980     38   0.100   0.0693
2483  [     4  6  ]     -9.1437       7.9063      0.1983     12   0.600  -0.5544
5246  [    10  1  ]     -8.5080      16.3347      0.1984     12   0.091   0.0813
2604  [     5  2  ]     -8.7577      12.8640      0.1995     12   0.286  -0.1683
4880  [     4 10  ]     -9.1992       6.2200      0.2013     63   0.714  -0.6098
2839  [     8  1  ]     -8.5309      15.9811      0.2015     12   0.111   0.0585
4944  [     3 14  ]     -9.0252       4.7428      0.2018     12   0.824  -0.4358
3619  [     8  1  ]     -8.5297      15.9801      0.2026      6   0.111   0.0596
3878  [     7  2  ]     -8.6722      13.9341      0.2032     12   0.222  -0.0829
4695  [    14  2  ]     -8.5451      15.7434      0.2052      1   0.125   0.0443
4881  [     9  4  ]     -8.7797      12.6607      0.2057      6   0.308  -0.1904
2497  [     3  6  ]     -9.2070       7.0238      0.2076     71   0.667  -0.6177
3508  [     4  7  ]     -9.1731       7.4559      0.2085     42   0.636  -0.5838
3583  [    12  2  ]     -8.5641      15.4408      0.2092     51   0.143   0.0253
5033  [    13  3  ]     -8.6210      14.6597      0.2097      8   0.188  -0.0317
2960  [    10  6  ]     -8.8610      11.6433      0.2111      2   0.375  -0.2717
 766  [     9  2  ]     -8.6113      14.7891      0.2122      8   0.182  -0.0219
 290  [    16  2  ]     -8.5194      16.0054      0.2130     12   0.111   0.0699
3771  [     9  1  ]     -8.5050      16.2063      0.2131     12   0.100   0.0844
4303  [     8  1  ]     -8.5174      16.0079      0.2150     12   0.111   0.0719
 325  [     8  6  ]     -8.9252      10.6371      0.2159    167   0.429  -0.3359
2881  [    14  2  ]     -8.5341      15.7664      0.2162      2   0.125   0.0553
3089  [     9  1  ]     -8.5016      16.0982      0.2165      8   0.100   0.0878
3452  [     7  1  ]     -8.5335      15.7633      0.2168     12   0.125   0.0559
4569  [     8  1  ]     -8.5155      16.0012      0.2169     47   0.111   0.0738
4641  [     8  2  ]     -8.6299      14.3598      0.2170     12   0.200  -0.0405
 434  [     8  2  ]     -8.6294      14.4392      0.2174     12   0.200  -0.0401
4875  [    12  2  ]     -8.5547      15.4100      0.2186      2   0.143   0.0346
1086  [     2 12  ]     -8.9332       4.1827      0.2192     11   0.857  -0.3438
3963  [     8  1  ]     -8.5128      15.8953      0.2196     38   0.111   0.0766
1115  [     2  8  ]     -9.0587       5.0932      0.2204    129   0.800  -0.4694
 978  [    15  2  ]     -8.5201      15.9040      0.2207      1   0.118   0.0692
2654  [     9  1  ]     -8.4968      16.0676      0.2213     38   0.100   0.0926
4635  [    10  1  ]     -8.4847      16.3848      0.2216     65   0.091   0.1046
1529  [     2 10  ]     -8.9811       4.6059      0.2241     42   0.833  -0.3917
1942  [    10  3  ]     -8.6619      13.8980      0.2245      1   0.231  -0.0726
5232  [    11  2  ]     -8.5623      15.2804      0.2252      6   0.154   0.0271
 606  [     2  6  ]     -9.1646       5.7904      0.2253    160   0.750  -0.5752
5039  [    14  2  ]     -8.5249      15.6967      0.2254      1   0.125   0.0644
4005  [    14  2  ]     -8.5238      15.7867      0.2265     20   0.125   0.0656
 442  [     1  7  ]     -8.8851       3.9905      0.2278     71   0.875  -0.2957
3085  [     4  7  ]     -9.1531       7.4736      0.2285      5   0.636  -0.5638
1406  [     2 16  ]     -8.8526       3.7892      0.2295      2   0.889  -0.2632
2708  [    13  2  ]     -8.5312      15.6509      0.2298      2   0.133   0.0581
 185  [     8  1  ]     -8.5024      16.0492      0.2300      1   0.111   0.0870
5055  [    12  2  ]     -8.5421      15.4408      0.2312      2   0.143   0.0473
2237  [     8  2  ]     -8.6155      14.5437      0.2313     12   0.200  -0.0261
3959  [     9  1  ]     -8.4866      16.2390      0.2315    139   0.100   0.1028
5157  [    12  1  ]     -8.4568      16.5126      0.2316      1   0.077   0.1325
2817  [     9  2  ]     -8.5894      14.7652      0.2340      6   0.182  -0.0001
2963  [    14  2  ]     -8.5163      15.8061      0.2340      2   0.125   0.0730
4045  [     9  1  ]     -8.4841      16.1276      0.2340      8   0.100   0.1053
5177  [     8  1  ]     -8.4980      15.9124      0.2344      8   0.111   0.0914
5179  [     8  1  ]     -8.4977      15.9362      0.2347      8   0.111   0.0917
4558  [     8  2  ]     -8.6117      14.4583      0.2351      8   0.200  -0.0224
  68  [     2 15  ]     -8.8613       3.8868      0.2353     12   0.882  -0.2719
3015  [     6  3  ]     -8.7822      12.2894      0.2363      6   0.333  -0.1928
4807  [     8  3  ]     -8.7039      13.2650      0.2366      6   0.273  -0.1145
2651  [     9  2  ]     -8.5861      14.8263      0.2374      8   0.182   0.0033
5242  [     9  4  ]     -8.7480      12.6721      0.2375      8   0.308  -0.1587
1167  [     2 12  ]     -8.9144       4.2275      0.2380      4   0.857  -0.3251
3791  [     7  1  ]     -8.5102      15.8151      0.2401     71   0.125   0.0791
1869  [     2 10  ]     -8.9645       4.6203      0.2407      2   0.833  -0.3752
4983  [     8  1  ]     -8.4917      15.9091      0.2407      8   0.111   0.0976
4538  [    10  3  ]     -8.6455      13.9008      0.2410      8   0.231  -0.0561
2065  [     6  3  ]     -8.7766      12.2683      0.2418      6   0.333  -0.1873
 785  [     3  5  ]     -9.1269       7.5405      0.2423     38   0.625  -0.5376
3866  [    10  0  ]     -8.3466      17.8221      0.2427     12   0.000   0.2427
1727  [     6  3  ]     -8.7752      12.2734      0.2433      8   0.333  -0.1858
4960  [    12  2  ]     -8.5291      15.5129      0.2441     15   0.143   0.0602
1291  [     8  1  ]     -8.4878      16.0800      0.2446    123   0.111   0.1016
2196  [    10  4  ]     -8.7126      13.0776      0.2446     12   0.286  -0.1232
3684  [     8  3  ]     -8.6952      13.2295      0.2453      1   0.273  -0.1059
3005  [     7  3  ]     -8.7300      12.8191      0.2456      8   0.300  -0.1407
5011  [     6  1  ]     -8.5270      15.5119      0.2462     12   0.143   0.0623
1497  [     2 15  ]     -8.8495       3.8975      0.2471      2   0.882  -0.2602
2345  [     6  1  ]     -8.5258      15.5076      0.2475     12   0.143   0.0636
2208  [    12  1  ]     -8.4407      16.5469      0.2477     44   0.077   0.1487
4747  [     7  1  ]     -8.5015      15.6966      0.2487      8   0.125   0.0878
5247  [     6  5  ]     -8.9247      10.3436      0.2498      8   0.455  -0.3354
3253  [     9  2  ]     -8.5735      14.7284      0.2500     10   0.182   0.0159
2261  [     6  1  ]     -8.5230      15.5244      0.2502    148   0.143   0.0663
1460  [     2  9  ]     -8.9856       4.8626      0.2531     12   0.818  -0.3963
 671  [     2 10  ]     -8.9519       4.5905      0.2533      2   0.833  -0.3626
2119  [     8  5  ]     -8.8304      11.4352      0.2541      1   0.385  -0.2411
1543  [     2  8  ]     -9.0242       5.1552      0.2548      2   0.800  -0.4349
 777  [     8  2  ]     -8.5915      14.5239      0.2553     12   0.200  -0.0022
1334  [     8  6  ]     -8.8852      10.7727      0.2560      2   0.429  -0.2958
4002  [    14  2  ]     -8.4943      15.7577      0.2560      8   0.125   0.0950
4114  [     7  3  ]     -8.7195      12.8624      0.2561      8   0.300  -0.1301
2558  [     1 10  ]     -8.7810       3.5518      0.2563      1   0.909  -0.1916
4396  [     7  2  ]     -8.6174      14.1781      0.2581     12   0.222  -0.0280
3528  [     9  1  ]     -8.4598      16.1508      0.2583      8   0.100   0.1296
3724  [     6  1  ]     -8.5141      15.5417      0.2592      8   0.143   0.0753
 174  [     8  2  ]     -8.5854      14.4296      0.2615     12   0.200   0.0040
2382  [    13  0  ]     -8.3269      17.8448      0.2625     10   0.000   0.2625
2837  [     4  5  ]     -9.0307       8.7558      0.2629     10   0.556  -0.4413
2978  [     6  6  ]     -8.9691       9.4979      0.2640     12   0.500  -0.3798
2583  [     8  1  ]     -8.4680      16.1225      0.2644    123   0.111   0.1213
3806  [     6  1  ]     -8.5076      15.5602      0.2656    162   0.143   0.0817
5166  [    10  1  ]     -8.4408      16.3251      0.2656      6   0.091   0.1485
2478  [     3  7  ]     -9.1389       6.3950      0.2658     12   0.700  -0.5495
5140  [    12  2  ]     -8.5067      15.5649      0.2665      2   0.143   0.0826
4633  [     8  3  ]     -8.6735      13.2491      0.2670      8   0.273  -0.0841
1341  [    11  2  ]     -8.5203      15.3651      0.2671      2   0.154   0.0690
2343  [     6  1  ]     -8.5060      15.5629      0.2673     12   0.143   0.0833
1169  [    11  2  ]     -8.5189      15.3724      0.2685      2   0.154   0.0705
4434  [    13  3  ]     -8.5612      14.7742      0.2695      8   0.188   0.0281
1781  [     2 12  ]     -8.8825       4.2949      0.2699      1   0.857  -0.2931
 577  [    10  2  ]     -8.5340      15.0856      0.2700      2   0.167   0.0554
4312  [     7  1  ]     -8.4801      15.7080      0.2702      8   0.125   0.1092
2575  [     2  8  ]     -9.0078       5.1693      0.2713    160   0.800  -0.4184
4055  [     7  1  ]     -8.4775      15.7533      0.2728      8   0.125   0.1119
3288  [     6  1  ]     -8.4998      15.5727      0.2735     47   0.143   0.0895
3596  [     6  5  ]     -8.9009      10.3577      0.2737      8   0.455  -0.3115
5244  [    10  2  ]     -8.5298      15.1503      0.2741     12   0.167   0.0595
1281  [     2  8  ]     -9.0048       5.1666      0.2743     36   0.800  -0.4155
3312  [    12  2  ]     -8.4989      15.5764      0.2744      2   0.143   0.0904
2848  [     7  1  ]     -8.4757      15.7097      0.2746     44   0.125   0.1136
2334  [     8  1  ]     -8.4562      15.9843      0.2762      6   0.111   0.1331
2909  [     8  3  ]     -8.6643      13.2773      0.2762      6   0.273  -0.0750
1521  [     2 12  ]     -8.8759       4.2845      0.2765      8   0.857  -0.2865
1369  [     9  0  ]     -8.3109      17.9464      0.2785     12   0.000   0.2785
2308  [    10  2  ]     -8.5254      15.1041      0.2785      2   0.167   0.0639
4982  [     5  5  ]     -8.9544       9.5573      0.2787      8   0.500  -0.3650
 774  [     6  4  ]     -8.8249      11.3137      0.2794      8   0.400  -0.2356
3262  [     1  9  ]     -8.7775       3.5988      0.2799    191   0.900  -0.1882
1674  [    16  1  ]     -8.3847      16.8975      0.2804      1   0.059   0.2046
3169  [     2  8  ]     -8.9987       5.1105      0.2804      2   0.800  -0.4093
4651  [     6  2  ]     -8.6300      13.7541      0.2812      8   0.250  -0.0406
4932  [     6  1  ]     -8.4915      15.4434      0.2817     38   0.143   0.0978
1227  [     1 16  ]     -8.6546       3.0404      0.2826      2   0.941  -0.0652
4773  [    12  4  ]     -8.6282      13.6035      0.2830      8   0.250  -0.0388
4397  [     5  3  ]     -8.7887      11.6191      0.2834     44   0.375  -0.1994
1489  [     0 18  ]     -8.3057       2.2443      0.2837     65   1.000   0.2837
2989  [     5  6  ]     -8.9983       8.8090      0.2842     65   0.545  -0.4090
1425  [    16  0  ]     -8.3051      17.8735      0.2843    198   0.000   0.2843
 453  [     4 14  ]     -9.0439       5.3862      0.2844    127   0.778  -0.4546
4124  [     8  2  ]     -8.5601      14.5819      0.2867     11   0.200   0.0292
1601  [    12  2  ]     -8.4857      15.4587      0.2876     11   0.143   0.1037
4003  [     3 13  ]     -8.9632       4.8945      0.2881      1   0.812  -0.3739
 980  [     2 15  ]     -8.8076       3.9308      0.2889      2   0.882  -0.2183
1879  [     9  2  ]     -8.5343      14.8876      0.2891     12   0.182   0.0551
4879  [     4 10  ]     -9.1112       6.3395      0.2893    183   0.714  -0.5219
 871  [     3  5  ]     -9.0798       7.7012      0.2894     38   0.625  -0.4904
4277  [    10  1  ]     -8.4170      16.3134      0.2894      8   0.091   0.1724
 940  [     4  6  ]     -9.0520       7.9759      0.2899     12   0.600  -0.4627
4406  [     6  1  ]     -8.4823      15.4732      0.2909     38   0.143   0.1070
3368  [     6  2  ]     -8.6201      13.6194      0.2911     12   0.250  -0.0308
4666  [     4  3  ]     -8.8499      10.8363      0.2912     44   0.429  -0.2606
3351  [     8  2  ]     -8.5554      14.6144      0.2914     51   0.200   0.0339
2304  [     2 10  ]     -8.9135       4.6020      0.2917     11   0.833  -0.3241
 574  [    11  2  ]     -8.4946      15.4258      0.2928     12   0.154   0.0948
4774  [    13  3  ]     -8.5376      14.6778      0.2932      8   0.188   0.0518
2489  [     8  2  ]     -8.5523      14.5797      0.2945    166   0.200   0.0370
3099  [     8  2  ]     -8.5522      14.6456      0.2946     12   0.200   0.0371
3431  [     9  2  ]     -8.5283      14.8086      0.2951     12   0.182   0.0611
1168  [     2 12  ]     -8.8568       4.2388      0.2956      4   0.857  -0.2675
4336  [     4  1  ]     -8.5512      14.5797      0.2956    156   0.200   0.0381
2272  [    14  3  ]     -8.5206      15.0266      0.2959      1   0.176   0.0687
 371  [     2 16  ]     -8.7859       3.8590      0.2962      2   0.889  -0.1965
3088  [     9  2  ]     -8.5272      14.9192      0.2962      8   0.182   0.0621
4987  [     8  1  ]     -8.4361      16.0106      0.2963      1   0.111   0.1533
4906  [     8  1  ]     -8.4359      16.0210      0.2965      1   0.111   0.1535
1098  [    10  2  ]     -8.5072      15.2003      0.2968      2   0.167   0.0822
4893  [    10  2  ]     -8.5071      15.1973      0.2969     12   0.167   0.0823
1099  [    10  2  ]     -8.5063      15.2004      0.2976     12   0.167   0.0830
2755  [     6  3  ]     -8.7208      12.3211      0.2977     12   0.333  -0.1315
2987  [     7  4  ]     -8.7588      11.7803      0.2987     12   0.364  -0.1695
4237  [     4  3  ]     -8.8421      10.8358      0.2991     25   0.429  -0.2527
 395  [     3 12  ]     -8.9789       5.1109      0.3002      1   0.800  -0.3896
2796  [     2 12  ]     -8.8510       4.3278      0.3014     12   0.857  -0.2616
4273  [    12  1  ]     -8.3856      16.6236      0.3028      6   0.077   0.2037
4391  [     6  3  ]     -8.7151      12.3514      0.3034      8   0.333  -0.1258
5073  [     3  8  ]     -9.0923       6.1051      0.3043     71   0.727  -0.5030
3206  [     6  1  ]     -8.4689      15.4529      0.3044      8   0.143   0.1204
1043  [     6  2  ]     -8.6066      13.8061      0.3046     65   0.250  -0.0173
1713  [     4  6  ]     -9.0371       8.1798      0.3048     12   0.600  -0.4478
2680  [     3  5  ]     -9.0637       7.7060      0.3055     38   0.625  -0.4744
2580  [     5  4  ]     -8.8559      10.4671      0.3057     12   0.444  -0.2665
  64  [     2 15  ]     -8.7907       3.9266      0.3059      1   0.882  -0.2013
 300  [     2 15  ]     -8.7907       3.9747      0.3059      1   0.882  -0.2013
3739  [     8 10  ]     -8.9868       8.7587      0.3068     38   0.556  -0.3974
1519  [     3 11  ]     -9.0033       5.3303      0.3075     44   0.786  -0.4139
4294  [    10  0  ]     -8.2805      17.9736      0.3088      1   0.000   0.3088
3550  [     4  3  ]     -8.8320      10.8116      0.3091      6   0.429  -0.2427
1066  [     1 16  ]     -8.6279       3.1013      0.3093      2   0.941  -0.0385
2020  [    14  1  ]     -8.3655      16.8098      0.3097      1   0.067   0.2239
 795  [     1  6  ]     -8.8419       4.3118      0.3105     83   0.857  -0.2526
4383  [     2  8  ]     -8.9680       5.1371      0.3111     12   0.800  -0.3787
4728  [     8  2  ]     -8.5353      14.6225      0.3115     12   0.200   0.0540
 693  [     7  1  ]     -8.4387      15.7974      0.3116      8   0.125   0.1507
 612  [     5  3  ]     -8.7594      11.6729      0.3128     10   0.375  -0.1700
2559  [     9  2  ]     -8.5102      14.9680      0.3132     12   0.182   0.0792
2589  [     3  6  ]     -9.1013       6.9590      0.3133     38   0.667  -0.5119
3422  [     2 10  ]     -8.8917       4.6081      0.3135     11   0.833  -0.3024
4544  [    12  1  ]     -8.3748      16.6531      0.3136      8   0.077   0.2146
2535  [     4 11  ]     -9.0809       5.9780      0.3139     12   0.733  -0.4916
 235  [    15  0  ]     -8.2753      17.9086      0.3140      1   0.000   0.3140
2808  [     2 10  ]     -8.8905       4.5634      0.3146      1   0.833  -0.3012
3374  [     4  3  ]     -8.8254      10.8028      0.3157     12   0.429  -0.2361
1135  [     4  3  ]     -8.8247      10.8498      0.3164     12   0.429  -0.2354
4409  [     4  3  ]     -8.8248      10.8050      0.3164     44   0.429  -0.2354
3577  [    12  2  ]     -8.4561      15.6060      0.3171     11   0.143   0.1332
 109  [    12  3  ]     -8.5292      14.5992      0.3176      1   0.200   0.0601
1919  [     6  0  ]     -8.2717      17.9827      0.3176     12   0.000   0.3176
4643  [     2  8  ]     -8.9612       5.1849      0.3179      8   0.800  -0.3719
4776  [    14  1  ]     -8.3569      16.8142      0.3183      5   0.067   0.2325
 624  [     2 16  ]     -8.7633       3.9417      0.3188     11   0.889  -0.1740
4876  [    12  2  ]     -8.4544      15.4710      0.3189      8   0.143   0.1349
4254  [    13  3  ]     -8.5114      14.8803      0.3193      1   0.188   0.0779
2197  [     2 12  ]     -8.8330       4.3303      0.3194     12   0.857  -0.2437
 680  [     9  2  ]     -8.5024      14.9852      0.3210     12   0.182   0.0870
3706  [     8  1  ]     -8.4110      16.0607      0.3214     38   0.111   0.1784
2980  [     2 10  ]     -8.8835       4.6111      0.3216      2   0.833  -0.2942
3517  [     8  2  ]     -8.5248      14.6163      0.3220      8   0.200   0.0646
3910  [    14  4  ]     -8.5534      14.2755      0.3221     11   0.222   0.0360
2246  [     1  8  ]     -8.7595       3.8707      0.3225     71   0.889  -0.1702
3147  [     9  4  ]     -8.6630      12.7697      0.3225      1   0.308  -0.0736
3753  [     2 12  ]     -8.8292       4.2390      0.3232      2   0.857  -0.2398
4858  [     3 14  ]     -8.9038       4.7900      0.3232     12   0.824  -0.3144
 862  [     8  2  ]     -8.5235      14.6021      0.3233      2   0.200   0.0658
1346  [    10  2  ]     -8.4798      15.2649      0.3241     12   0.167   0.1095
1728  [     5  4  ]     -8.8366      10.5299      0.3249      8   0.444  -0.2473
1831  [     3  4  ]     -8.9859       8.4106      0.3250     12   0.571  -0.3965
 640  [     2 15  ]     -8.7710       3.8908      0.3255      5   0.882  -0.1817
 914  [     4 11  ]     -9.0692       6.1054      0.3256     38   0.733  -0.4799
1742  [     6  2  ]     -8.5856      13.8333      0.3256      8   0.250   0.0037
1804  [     2  9  ]     -8.9132       4.9164      0.3256     12   0.818  -0.3239
2638  [     2 10  ]     -8.8791       4.6220      0.3261      2   0.833  -0.2898
 253  [     1 12  ]     -8.6801       3.3065      0.3262      2   0.923  -0.0907
2816  [    11  0  ]     -8.2626      17.9679      0.3268     12   0.000   0.3268
1487  [     1 19  ]     -8.5580       2.9919      0.3270      8   0.950   0.0313
3851  [     6  6  ]     -8.9057       9.7106      0.3274      1   0.500  -0.3164
4224  [     7  2  ]     -8.5477      14.2996      0.3277      6   0.222   0.0416
1500  [     6 10  ]     -9.0410       7.6489      0.3282      2   0.625  -0.4516
2621  [     2 13  ]     -8.8031       4.1473      0.3282      2   0.867  -0.2137
4243  [     5  1  ]     -8.4757      15.0997      0.3282     38   0.167   0.1136
2560  [     9  2  ]     -8.4941      14.8918      0.3293     12   0.182   0.0953
1275  [     9  2  ]     -8.4937      15.0015      0.3297     12   0.182   0.0956
 482  [     3 12  ]     -8.9482       5.1384      0.3308      1   0.800  -0.3589
1596  [     1 14  ]     -8.6515       3.1985      0.3321      8   0.933  -0.0622
4535  [    10  3  ]     -8.5541      14.0692      0.3323      8   0.231   0.0352
1355  [     2  9  ]     -8.9064       4.8106      0.3324      2   0.818  -0.3170
4167  [    10  6  ]     -8.7397      11.6080      0.3324      1   0.375  -0.1504
5234  [     2 11  ]     -8.8430       4.4236      0.3338      5   0.846  -0.2536
1432  [     1 14  ]     -8.6495       3.1882      0.3341      2   0.933  -0.0602
5121  [    13  3  ]     -8.4958      14.9050      0.3349    146   0.188   0.0935
1512  [    14  1  ]     -8.3394      16.8464      0.3357      1   0.067   0.2499
2485  [     5  5  ]     -8.8970       9.4979      0.3361      8   0.500  -0.3076
4438  [     1 15  ]     -8.6219       3.1499      0.3371      2   0.938  -0.0325
3695  [     6  4  ]     -8.7668      11.3540      0.3375     12   0.400  -0.1775
4100  [    10  2  ]     -8.4663      15.1601      0.3376      8   0.167   0.1231
 519  [     1  7  ]     -8.7750       4.0834      0.3378     65   0.875  -0.1857
3592  [     2 10  ]     -8.8674       4.6702      0.3378      2   0.833  -0.2781
 451  [     4  1  ]     -8.5087      14.6895      0.3382     10   0.200   0.0807
5266  [     0  9  ]     -8.2512       2.2521      0.3382     12   1.000   0.3382
4990  [     9  0  ]     -8.2508      18.0162      0.3386      5   0.000   0.3386
2021  [    14  1  ]     -8.3361      16.8598      0.3390      1   0.067   0.2532
  18  [    16  2  ]     -8.3933      16.1474      0.3391      1   0.111   0.1961
4508  [     4  1  ]     -8.5073      14.7023      0.3395     12   0.200   0.0820
2498  [     3  6  ]     -9.0750       6.9819      0.3396    221   0.667  -0.4856
1949  [     6  6  ]     -8.8926       9.5869      0.3405    166   0.500  -0.3033
 431  [     0 10  ]     -8.2488       2.2510      0.3406     11   1.000   0.3406
2648  [     7  4  ]     -8.7168      11.8273      0.3407      2   0.364  -0.1275
4529  [     6  8  ]     -8.9699       8.4155      0.3410      8   0.571  -0.3805
1286  [     4  6  ]     -9.0004       8.1913      0.3416     12   0.600  -0.4110
 182  [     8  2  ]     -8.5050      14.7094      0.3418     12   0.200   0.0844
2400  [     5  6  ]     -8.9407       8.7932      0.3419      6   0.545  -0.3514
4882  [    10  3  ]     -8.5444      14.1879      0.3421      8   0.231   0.0450
 547  [     2 15  ]     -8.7544       3.9395      0.3422      2   0.882  -0.1650
4103  [     9  2  ]     -8.4808      15.0337      0.3427     12   0.182   0.1086
 314  [     5 10  ]     -9.0717       6.9754      0.3428      8   0.667  -0.4824
1357  [     8  3  ]     -8.5972      13.2211      0.3433      8   0.273  -0.0079
1709  [     1 10  ]     -8.6938       3.5918      0.3435      2   0.909  -0.1044
 985  [     2 14  ]     -8.7693       4.0839      0.3436      9   0.875  -0.1799
1688  [     4 10  ]     -9.0558       6.3074      0.3446      8   0.714  -0.4665
4263  [    10  4  ]     -8.6123      13.1523      0.3449     12   0.286  -0.0229
4688  [    12  5  ]     -8.6224      13.0327      0.3456      6   0.294  -0.0331
1630  [     8  2  ]     -8.5005      14.7137      0.3463     12   0.200   0.0888
2090  [     2  5  ]     -9.0541       6.2098      0.3464     12   0.714  -0.4647
3770  [     9  2  ]     -8.4736      14.9458      0.3498     12   0.182   0.1157
1359  [     1  9  ]     -8.7075       3.6895      0.3500      2   0.900  -0.1181
5070  [     9  3  ]     -8.5611      13.7978      0.3501      8   0.250   0.0283
1454  [     1 11  ]     -8.6703       3.4076      0.3502      5   0.917  -0.0809
3624  [     7  2  ]     -8.5243      14.3066      0.3511     71   0.222   0.0650
 869  [     1  8  ]     -8.7309       3.8188      0.3512      2   0.889  -0.1416
2588  [     7  2  ]     -8.5241      14.1265      0.3513    174   0.222   0.0652
1171  [     2 11  ]     -8.8253       4.4177      0.3515      2   0.846  -0.2359
1345  [     4  8  ]     -9.0630       6.9632      0.3516      6   0.667  -0.4737
4220  [     7  2  ]     -8.5238      14.2864      0.3516      8   0.222   0.0655
4171  [     2 13  ]     -8.7792       4.1633      0.3521      1   0.867  -0.1898
 932  [     6  5  ]     -8.8221      10.5323      0.3524     25   0.455  -0.2328
2279  [     1 16  ]     -8.5848       3.1760      0.3524      1   0.941   0.0046
 489  [    12  1  ]     -8.3352      16.6991      0.3532      1   0.077   0.2542
4255  [    10  6  ]     -8.7186      11.7508      0.3536     38   0.375  -0.1292
 960  [     6  2  ]     -8.5575      13.7216      0.3537     11   0.250   0.0318
 751  [    10  2  ]     -8.4500      15.1132      0.3540      9   0.167   0.1394
3256  [     9  2  ]     -8.4694      14.9232      0.3540      6   0.182   0.1199
2057  [     6  4  ]     -8.7501      11.3683      0.3543     12   0.400  -0.1607
 197  [     6  2  ]     -8.5566      13.8530      0.3547     11   0.250   0.0328
4373  [     7  3  ]     -8.6209      12.8182      0.3547      8   0.300  -0.0316
2544  [    11  3  ]     -8.5104      14.4769      0.3549      1   0.214   0.0790
 688  [     5  5  ]     -8.8781       9.4830      0.3550      6   0.500  -0.2887
 194  [     6  2  ]     -8.5561      13.8464      0.3551    155   0.250   0.0333
 420  [    10  2  ]     -8.4483      15.1101      0.3556      1   0.167   0.1410
4039  [     9  1  ]     -8.3625      16.2537      0.3556      6   0.100   0.2268
2430  [     0  7  ]     -8.2336       2.2582      0.3557     10   1.000   0.3557
2663  [     2  8  ]     -8.9230       5.1568      0.3560      2   0.800  -0.3337
2239  [     9  1  ]     -8.3619      16.3155      0.3562      6   0.100   0.2275
3873  [     8  1  ]     -8.3752      16.0500      0.3572      8   0.111   0.2141
3728  [     5  1  ]     -8.4455      15.3304      0.3584    139   0.167   0.1438
1041  [     4  4  ]     -8.8744       9.6967      0.3586     46   0.500  -0.2851
3057  [    12  3  ]     -8.4879      14.6692      0.3589      1   0.200   0.1014
1507  [     1 15  ]     -8.5989       3.1727      0.3600     38   0.938  -0.0096
5134  [     4 10  ]     -9.0399       6.3234      0.3605     71   0.714  -0.4506
 951  [     6  3  ]     -8.6578      12.3014      0.3607      8   0.333  -0.0684
 176  [     8  2  ]     -8.4852      14.7486      0.3616      8   0.200   0.1042
3981  [     7  0  ]     -8.2275      18.0594      0.3618     12   0.000   0.3618
2820  [     8  2  ]     -8.4850      14.7555      0.3619      5   0.200   0.1044
4793  [    10  3  ]     -8.5246      14.2029      0.3619      5   0.231   0.0648
1107  [     5  6  ]     -8.9195       8.8251      0.3630      6   0.545  -0.3302
3317  [    12  2  ]     -8.4081      15.6454      0.3651      2   0.143   0.1812
5260  [     4  6  ]     -8.9765       8.1228      0.3654    166   0.600  -0.3872
 892  [     2 15  ]     -8.7311       3.9868      0.3655      1   0.882  -0.1417
3786  [     2  7  ]     -8.9628       5.4277      0.3655     12   0.778  -0.3735
4111  [     8  2  ]     -8.4800      14.7502      0.3668     18   0.200   0.1093
3647  [     3  1  ]     -8.5442      13.8436      0.3670    160   0.250   0.0452
 904  [     2 14  ]     -8.7455       4.0155      0.3673     11   0.875  -0.1562
2190  [     6  9  ]     -8.9743       8.0755      0.3677      8   0.600  -0.3849
1853  [     2 12  ]     -8.7845       4.3311      0.3680      2   0.857  -0.1951
3781  [     8  2  ]     -8.4785      14.7664      0.3684     65   0.200   0.1109
 819  [     2 15  ]     -8.7279       4.0131      0.3686      1   0.882  -0.1386
3982  [     4  3  ]     -8.7722      10.8164      0.3689     44   0.429  -0.1828
5115  [    14  4  ]     -8.5062      14.3668      0.3693      1   0.222   0.0832
2818  [     9  1  ]     -8.3478      16.4127      0.3703      8   0.100   0.2415
2539  [    14  1  ]     -8.3042      16.8933      0.3710      1   0.067   0.2852
4208  [     1  9  ]     -8.6863       3.6976      0.3712      1   0.900  -0.0969
 355  [     1  8  ]     -8.7106       3.8845      0.3715      2   0.889  -0.1212
1444  [    10  3  ]     -8.5149      14.2188      0.3715      1   0.231   0.0744
 956  [     5  3  ]     -8.7004      11.6979      0.3717      8   0.375  -0.1111
2734  [     9  2  ]     -8.4516      14.9522      0.3719      8   0.182   0.1378
3769  [     9  2  ]     -8.4515      14.8889      0.3719      8   0.182   0.1378
 645  [     2 14  ]     -8.7402       4.0701      0.3726      1   0.875  -0.1509
 369  [    12  6  ]     -8.6452      12.3482      0.3733     14   0.333  -0.0559
4864  [    13  3  ]     -8.4574      14.8578      0.3733      1   0.188   0.1319
2811  [     2 10  ]     -8.8315       4.6499      0.3737      1   0.833  -0.2422
3656  [    13  3  ]     -8.4570      15.0007      0.3737      8   0.188   0.1323
5040  [    14  2  ]     -8.3766      15.8972      0.3737      1   0.125   0.2127
5146  [    12  1  ]     -8.3144      16.7188      0.3740      8   0.077   0.2749
3245  [     2 10  ]     -8.8305       4.6690      0.3747      2   0.833  -0.2412
 177  [     8  2  ]     -8.4717      14.7846      0.3751     11   0.200   0.1176
3788  [     7  2  ]     -8.5000      14.3818      0.3754     12   0.222   0.0893
5174  [     9  1  ]     -8.3424      16.3381      0.3757      8   0.100   0.2469
1319  [     5 12  ]     -9.0272       6.4640      0.3758    156   0.706  -0.4378
4106  [     4  7  ]     -9.0056       7.3594      0.3760     12   0.636  -0.4163
4981  [     2  9  ]     -8.8624       4.8358      0.3764     12   0.818  -0.2731
2922  [     7  3  ]     -8.5991      12.8598      0.3765      8   0.300  -0.0097
2899  [     5  7  ]     -8.9465       8.2514      0.3773      6   0.583  -0.3572
 295  [     6 11  ]     -9.0158       7.1706      0.3774    139   0.647  -0.4265
3748  [    12  2  ]     -8.3956      15.5113      0.3777      8   0.143   0.1938
1180  [     1 11  ]     -8.6427       3.4847      0.3778     12   0.917  -0.0534
2545  [    10  4  ]     -8.5791      13.2040      0.3780      1   0.286   0.0102
2546  [    12  2  ]     -8.3953      15.6562      0.3780      2   0.143   0.1940
 333  [     6  6  ]     -8.8550       9.5868      0.3781      2   0.500  -0.2656
1833  [     5  1  ]     -8.4257      15.1841      0.3782      8   0.167   0.1636
 664  [     2 11  ]     -8.7979       4.5153      0.3789      1   0.846  -0.2085
 982  [     2 15  ]     -8.7175       3.9520      0.3790      1   0.882  -0.1282
3548  [     4  3  ]     -8.7622      10.8739      0.3790      8   0.429  -0.1728
4038  [     1  9  ]     -8.6782       3.6541      0.3792      5   0.900  -0.0889
4557  [     7  3  ]     -8.5960      12.7911      0.3796      6   0.300  -0.0066
2060  [     6  4  ]     -8.7245      11.3402      0.3798      8   0.400  -0.1351
5116  [    14  4  ]     -8.4955      14.3839      0.3800      5   0.222   0.0939
1467  [    10  0  ]     -8.2079      18.0146      0.3815      6   0.000   0.3815
2282  [    12  3  ]     -8.4653      14.7936      0.3815      3   0.200   0.1240
3531  [     7  2  ]     -8.4936      14.3926      0.3818     12   0.222   0.0957
 913  [     2 13  ]     -8.7485       4.1883      0.3829      2   0.867  -0.1591
4126  [     8  2  ]     -8.4639      14.6344      0.3829      8   0.200   0.1254
4580  [     8  0  ]     -8.2056      18.0821      0.3837      5   0.000   0.3837
2595  [     5  3  ]     -8.6884      11.6738      0.3838      8   0.375  -0.0990
 380  [     1 16  ]     -8.5528       3.1323      0.3844      8   0.941   0.0366
4487  [     6  2  ]     -8.5267      13.8731      0.3845      8   0.250   0.0626
4597  [    14  4  ]     -8.4910      14.3996      0.3845      2   0.222   0.0984
5002  [     2  6  ]     -9.0054       5.7911      0.3845     12   0.750  -0.4161
1228  [     1 16  ]     -8.5519       3.0607      0.3853      8   0.941   0.0374
3876  [     2  7  ]     -8.9411       5.3629      0.3872      2   0.778  -0.3518
4714  [     9  4  ]     -8.5981      12.8200      0.3874      1   0.308  -0.0088
3232  [    10  4  ]     -8.5697      13.2169      0.3875     11   0.286   0.0196
 129  [     1 12  ]     -8.6185       3.3434      0.3878      2   0.923  -0.0292
3846  [    10  3  ]     -8.4979      14.2513      0.3885      1   0.231   0.0914
2614  [     4 14  ]     -8.9395       5.4765      0.3888      2   0.778  -0.3502
3012  [     3  6  ]     -9.0258       7.0370      0.3888    225   0.667  -0.4365
3007  [     8  2  ]     -8.4579      14.6718      0.3890      8   0.200   0.1315
1680  [     0 16  ]     -8.1998       2.2615      0.3895     11   1.000   0.3895
 143  [     1 12  ]     -8.6159       3.3139      0.3904      2   0.923  -0.0266
4448  [     9  4  ]     -8.5944      12.8194      0.3911      2   0.308  -0.0051
5065  [     9  4  ]     -8.5943      12.8623      0.3911      8   0.308  -0.0050
2573  [     8  2  ]     -8.4556      14.6899      0.3913      8   0.200   0.1338
1442  [     2 12  ]     -8.7597       4.2531      0.3927      2   0.857  -0.1704
 723  [     3 13  ]     -8.8586       5.0093      0.3928      5   0.812  -0.2692
2152  [     9  1  ]     -8.3251      16.4702      0.3930      8   0.100   0.2642
4897  [     9  2  ]     -8.4304      14.9393      0.3931      8   0.182   0.1590
 660  [     2 12  ]     -8.7592       4.2345      0.3933     35   0.857  -0.1698
2865  [     4  1  ]     -8.4531      14.6167      0.3938     38   0.200   0.1363
4136  [     6  2  ]     -8.5170      13.8755      0.3942     12   0.250   0.0724
2292  [     5  9  ]     -8.9941       7.4402      0.3946      8   0.643  -0.4047
1149  [     2 14  ]     -8.7178       4.0954      0.3951      8   0.875  -0.1284
1829  [     3  4  ]     -8.9140       8.5976      0.3968      8   0.571  -0.3247
 638  [    15  2  ]     -8.3438      16.0435      0.3970      2   0.118   0.2455
2737  [     9  2  ]     -8.4264      15.0675      0.3970     12   0.182   0.1630
3335  [     3  8  ]     -8.9992       6.2122      0.3974     12   0.727  -0.4099
 997  [     2 11  ]     -8.7790       4.4881      0.3978      1   0.846  -0.1896
2905  [     6  5  ]     -8.7767      10.4072      0.3979      1   0.455  -0.1873
4358  [    10  3  ]     -8.4885      14.1914      0.3980      1   0.231   0.1009
 899  [     2 15  ]     -8.6983       3.9792      0.3983      2   0.882  -0.1089
4694  [     3 13  ]     -8.8530       4.9526      0.3983      1   0.812  -0.2637
2247  [     2  6  ]     -8.9911       5.7977      0.3988    160   0.750  -0.4018
3601  [     8  2  ]     -8.4475      14.7149      0.3994      8   0.200   0.1419
  37  [     4 13  ]     -8.9574       5.6776      0.3999      2   0.765  -0.3681
 523  [     4  4  ]     -8.8318       9.6833      0.4013      2   0.500  -0.2425
 242  [    10  4  ]     -8.5557      13.3164      0.4015      2   0.286   0.0336
1050  [     3  3  ]     -8.8315       9.7224      0.4016    160   0.500  -0.2422
3758  [     3 10  ]     -8.9455       5.5458      0.4018     12   0.769  -0.3561
1484  [     4  3  ]     -8.7391      10.9141      0.4020     38   0.429  -0.1498
 305  [     2 14  ]     -8.7107       4.0562      0.4021     11   0.875  -0.1214
3004  [     9  1  ]     -8.3158      16.3471      0.4023      1   0.100   0.2735
3711  [     6  2  ]     -8.5089      13.9314      0.4023      8   0.250   0.0804
1852  [    11  3  ]     -8.4628      14.5893      0.4024     12   0.214   0.1265
2790  [    12  3  ]     -8.4436      14.6882      0.4033      1   0.200   0.1458
4885  [     2 11  ]     -8.7733       4.4667      0.4035      1   0.846  -0.1839
 887  [     3 15  ]     -8.8013       4.6626      0.4039      1   0.833  -0.2120
1947  [    10  3  ]     -8.4823      14.2824      0.4041     12   0.231   0.1070
2537  [     1 14  ]     -8.5792       3.2166      0.4044      8   0.933   0.0102
1154  [     4 11  ]     -8.9897       6.0662      0.4051      2   0.733  -0.4004
4470  [     9  1  ]     -8.3128      16.3903      0.4053      6   0.100   0.2765
3059  [     6  8  ]     -8.9055       8.4760      0.4054      2   0.571  -0.3161
3944  [     8  3  ]     -8.5346      13.4409      0.4059      8   0.273   0.0547
3263  [     8  2  ]     -8.4408      14.8411      0.4060     53   0.200   0.1485
 154  [     9  3  ]     -8.5044      13.9442      0.4068      1   0.250   0.0850
 874  [     1  7  ]     -8.7058       4.1166      0.4070     12   0.875  -0.1165
2726  [     7  5  ]     -8.7185      11.1693      0.4073      6   0.417  -0.1292
2795  [     2 12  ]     -8.7450       4.2791      0.4074      2   0.857  -0.1557
 471  [     6 10  ]     -8.9615       7.7525      0.4077     11   0.625  -0.3722
 657  [     6  8  ]     -8.9031       8.5086      0.4077      2   0.571  -0.3138
 561  [     4 11  ]     -8.9868       6.0838      0.4080      2   0.733  -0.3975
3345  [     9  2  ]     -8.4140      14.9068      0.4094      6   0.182   0.1753
4717  [    12  1  ]     -8.2787      16.7977      0.4096      8   0.077   0.3106
3234  [     5  9  ]     -8.9784       7.4461      0.4102      8   0.643  -0.3891
5195  [     6  1  ]     -8.3630      15.6351      0.4103      8   0.143   0.2264
5067  [    10  2  ]     -8.3932      15.2594      0.4107     11   0.167   0.1962
3489  [     6  8  ]     -8.8994       8.6661      0.4115      2   0.571  -0.3100
5204  [    14  4  ]     -8.4634      14.1994      0.4121     15   0.222   0.1260
1882  [     2  8  ]     -8.8659       5.0934      0.4131    123   0.800  -0.2766
5054  [     4 10  ]     -8.9873       6.2255      0.4131      1   0.714  -0.3980
3794  [     6  2  ]     -8.4979      13.9390      0.4133     12   0.250   0.0914
 424  [    10  1  ]     -8.2926      16.5359      0.4138      1   0.091   0.2968
 889  [     3 14  ]     -8.8130       4.8734      0.4139      2   0.824  -0.2237
3968  [     7  2  ]     -8.4615      14.4739      0.4140     12   0.222   0.1279
 817  [     2 15  ]     -8.6821       4.0093      0.4144      1   0.882  -0.0928
 718  [     9  8  ]     -8.7800      10.3054      0.4152      5   0.471  -0.1907
3161  [     7  4  ]     -8.6420      11.9159      0.4156      8   0.364  -0.0526
5139  [    13  1  ]     -8.2655      16.8778      0.4158      1   0.071   0.3239
1591  [     1 15  ]     -8.5425       3.1212      0.4164      1   0.938   0.0468
2704  [     7  9  ]     -8.8843       8.6222      0.4169      6   0.562  -0.2949
4036  [     2  8  ]     -8.8615       5.1737      0.4176      2   0.800  -0.2722
1231  [     2 14  ]     -8.6949       4.0826      0.4179      1   0.875  -0.1056
4265  [    12  2  ]     -8.3551      15.6448      0.4181      1   0.143   0.2342
 578  [     1 11  ]     -8.6022       3.4985      0.4183      5   0.917  -0.0128
2618  [    10  6  ]     -8.6538      11.7052      0.4183      2   0.375  -0.0645
 401  [     6  8  ]     -8.8918       8.5182      0.4190     13   0.571  -0.3025
3353  [     1  9  ]     -8.6378       3.6614      0.4196      2   0.900  -0.0485
1759  [    12  5  ]     -8.5477      13.0866      0.4203      1   0.294   0.0416
1129  [     1  7  ]     -8.6922       4.0326      0.4206    160   0.875  -0.1029
2396  [     2 10  ]     -8.7843       4.7161      0.4209      2   0.833  -0.1950
1274  [     5  6  ]     -8.8616       9.0397      0.4210     12   0.545  -0.2722
4043  [     9  1  ]     -8.2968      16.5004      0.4213      6   0.100   0.2925
2660  [     4  6  ]     -8.9200       8.2289      0.4220     69   0.600  -0.3306
4953  [    13  3  ]     -8.4087      14.9131      0.4220      6   0.188   0.1806
2700  [    13  4  ]     -8.4698      14.2494      0.4224      8   0.235   0.1195
 576  [     1 12  ]     -8.5835       3.3642      0.4228      1   0.923   0.0058
3768  [     1 10  ]     -8.6144       3.6293      0.4229     44   0.909  -0.0250
 433  [     4  6  ]     -8.9183       8.0985      0.4236      2   0.600  -0.3290
2193  [     3 12  ]     -8.8554       5.1874      0.4236      2   0.800  -0.2661
 258  [     8  4  ]     -8.5948      12.4611      0.4237      1   0.333  -0.0055
4705  [    12  2  ]     -8.3493      15.6560      0.4239      8   0.143   0.2400
4556  [     6  4  ]     -8.6801      11.3764      0.4242      2   0.400  -0.0908
3766  [     8  3  ]     -8.5156      13.5854      0.4249      8   0.273   0.0738
3899  [     7  0  ]     -8.1643      18.1437      0.4250     12   0.000   0.4250
2773  [     0  7  ]     -8.1643       2.2678      0.4251     12   1.000   0.4251
 937  [    10  1  ]     -8.2810      16.5573      0.4254      8   0.091   0.3083
1932  [    14  2  ]     -8.3247      15.8571      0.4256      2   0.125   0.2647
3070  [     7  6  ]     -8.7580      10.2084      0.4256      8   0.462  -0.1686
4245  [     3  3  ]     -8.8074       9.7208      0.4257     25   0.500  -0.2180
2318  [     3  8  ]     -8.9708       6.2540      0.4258      2   0.727  -0.3814
 548  [     2 15  ]     -8.6707       3.9731      0.4259      1   0.882  -0.0813
4462  [     9  1  ]     -8.2922      16.5112      0.4259      2   0.100   0.2972
3700  [     8  2  ]     -8.4208      14.6353      0.4260     12   0.200   0.1685
2810  [     9  3  ]     -8.4849      13.9986      0.4263      8   0.250   0.1044
 690  [     4  5  ]     -8.8661       8.7112      0.4275     12   0.556  -0.2767
1950  [     1 11  ]     -8.5928       3.4584      0.4277      2   0.917  -0.0034
1988  [     1  8  ]     -8.6538       3.9146      0.4283     38   0.889  -0.0644
5223  [     4 10  ]     -8.9721       6.3668      0.4284     63   0.714  -0.3827
4015  [    12  2  ]     -8.3447      15.6722      0.4285      2   0.143   0.2446
3065  [     5  9  ]     -8.9600       7.3713      0.4286      1   0.643  -0.3707
2561  [     8  3  ]     -8.5118      13.4792      0.4287      1   0.273   0.0775
  61  [     4 13  ]     -8.9283       5.5962      0.4290      1   0.765  -0.3390
4386  [     8  2  ]     -8.4174      14.6782      0.4294      8   0.200   0.1719
4996  [     7  2  ]     -8.4461      14.3434      0.4294      8   0.222   0.1433
3635  [     3  4  ]     -8.8813       8.5831      0.4295      2   0.571  -0.2920
 199  [     2  6  ]     -8.9601       5.8733      0.4298     63   0.750  -0.3708
1364  [     2  8  ]     -8.8485       5.1523      0.4306     59   0.800  -0.2591
 324  [    14  0  ]     -8.1586      18.1603      0.4308     15   0.000   0.4308
 876  [     6  2  ]     -8.4803      13.8593      0.4309     12   0.250   0.1090
3050  [     3 13  ]     -8.8204       4.9645      0.4309      1   0.812  -0.2311
 839  [     7  6  ]     -8.7526      10.2503      0.4310      1   0.462  -0.1632
2650  [     9  2  ]     -8.3924      15.0491      0.4310     12   0.182   0.1969
4388  [     8  2  ]     -8.4157      14.6454      0.4311     36   0.200   0.1736
3514  [     9  2  ]     -8.3897      15.1231      0.4338     12   0.182   0.1997
2543  [    10  4  ]     -8.5227      13.1944      0.4345      1   0.286   0.0666
 204  [    12  6  ]     -8.5833      12.5386      0.4352      5   0.333   0.0060
2578  [     2  8  ]     -8.8438       5.0828      0.4353     12   0.800  -0.2545
2894  [     6  7  ]     -8.8394       9.0608      0.4355      6   0.538  -0.2501
2115  [    10  4  ]     -8.5214      13.3775      0.4358      1   0.286   0.0679
4868  [    11  4  ]     -8.4968      13.7116      0.4359      1   0.267   0.0926
1163  [     4 10  ]     -8.9642       6.3327      0.4363      2   0.714  -0.3749
 630  [     2 16  ]     -8.6453       3.8742      0.4368      2   0.889  -0.0559
 895  [     2 15  ]     -8.6597       3.9659      0.4368      1   0.882  -0.0704
5171  [     8  3  ]     -8.5036      13.6017      0.4369     38   0.273   0.0857
2325  [     2  8  ]     -8.8414       5.0239      0.4376     11   0.800  -0.2521
3149  [     2 11  ]     -8.7385       4.5078      0.4383      2   0.846  -0.1491
2972  [     9  4  ]     -8.5466      12.8040      0.4388      8   0.308   0.0427
4133  [     6  3  ]     -8.5797      12.5108      0.4388      6   0.333   0.0096
 375  [    16  2  ]     -8.2930      16.2360      0.4394      2   0.111   0.2963
2150  [     1  9  ]     -8.6178       3.6949      0.4396     12   0.900  -0.0285
3181  [     6  4  ]     -8.6647      11.3867      0.4396      8   0.400  -0.0754
3721  [     5  2  ]     -8.5175      13.3597      0.4397     71   0.286   0.0719
4194  [     3 10  ]     -8.9072       5.6378      0.4401      8   0.769  -0.3178
2719  [     5  8  ]     -8.9185       7.9859      0.4402      2   0.615  -0.3292
4515  [    11  5  ]     -8.5514      12.7492      0.4402      1   0.312   0.0379
1165  [    10  4  ]     -8.5161      13.4050      0.4411      1   0.286   0.0732
5176  [     6  4  ]     -8.6633      11.2358      0.4411     12   0.400  -0.0739
 617  [     1  7  ]     -8.6717       4.0407      0.4412      5   0.875  -0.0823
5049  [    12  2  ]     -8.3317      15.7717      0.4416      6   0.143   0.2577
 110  [    12  3  ]     -8.4050      14.7171      0.4419      1   0.200   0.1844
 784  [     4  4  ]     -8.7907       9.7744      0.4424     12   0.500  -0.2014
1139  [     0 19  ]     -8.1466       2.2983      0.4427      1   1.000   0.4427
4352  [     6  8  ]     -8.8682       8.5520      0.4427      8   0.571  -0.2788
2622  [     2 13  ]     -8.6879       4.1915      0.4434      2   0.867  -0.0985
2968  [     9  5  ]     -8.6056      12.1180      0.4436      8   0.357  -0.0162
4634  [     9  2  ]     -8.3796      15.1996      0.4438      8   0.182   0.2097
4691  [    14  2  ]     -8.3061      16.0094      0.4442      8   0.125   0.2833
4800  [    12  1  ]     -8.2433      16.8384      0.4450      1   0.077   0.3460
2707  [    11  4  ]     -8.4870      13.7400      0.4457      8   0.267   0.1024
1864  [     8  4  ]     -8.5725      12.6107      0.4460      2   0.333   0.0168
 354  [     8  1  ]     -8.2862      16.2568      0.4462      1   0.111   0.3031
5069  [     7  5  ]     -8.6780      11.0705      0.4478      1   0.417  -0.0886
1769  [     1 14  ]     -8.5356       3.2728      0.4480      2   0.933   0.0537
1005  [     0 12  ]     -8.1411       2.2736      0.4482     62   1.000   0.4482
1505  [     2 14  ]     -8.6645       4.1069      0.4484     12   0.875  -0.0751
1714  [     3  7  ]     -8.9561       6.5775      0.4486     47   0.700  -0.3668
4188  [    10  3  ]     -8.4367      14.3117      0.4497      1   0.231   0.1526
5126  [    14  2  ]     -8.3004      15.9555      0.4499      2   0.125   0.2889
2939  [     6  2  ]     -8.4611      14.0375      0.4501      6   0.250   0.1283
1176  [    12  1  ]     -8.2382      16.8427      0.4502      1   0.077   0.3511
2420  [     7  2  ]     -8.4249      14.3687      0.4505      6   0.222   0.1644
3785  [     8  1  ]     -8.2806      16.2725      0.4518      8   0.111   0.3088
4909  [     8  1  ]     -8.2805      16.3820      0.4519     12   0.111   0.3089
3136  [     3 13  ]     -8.7991       4.9888      0.4522      1   0.812  -0.2098
3842  [    10  4  ]     -8.5047      13.2734      0.4525      6   0.286   0.0847
  58  [     2 15  ]     -8.6439       3.9850      0.4527      1   0.882  -0.0546
1006  [     4  8  ]     -8.9614       7.0629      0.4532      2   0.667  -0.3721
 319  [     1 13  ]     -8.5407       3.3661      0.4534      8   0.929   0.0486
3632  [     6  1  ]     -8.3191      15.6408      0.4542      8   0.143   0.2703
2419  [     6  3  ]     -8.5640      12.5528      0.4545      8   0.333   0.0253
2646  [     9  2  ]     -8.3689      14.9650      0.4545      8   0.182   0.2204
2111  [    12  2  ]     -8.3179      15.7217      0.4554      2   0.143   0.2714
2887  [    12  3  ]     -8.3907      14.8399      0.4561      1   0.200   0.1987
1802  [     8  3  ]     -8.4835      13.5855      0.4570      1   0.273   0.1059
 210  [    16  2  ]     -8.2751      16.2206      0.4573      1   0.111   0.3143
 227  [     4 12  ]     -8.9326       5.8973      0.4573     19   0.750  -0.3433
2133  [     3  9  ]     -8.9324       5.8951      0.4575      1   0.750  -0.3430
2404  [     8  2  ]     -8.3892      14.7076      0.4576      8   0.200   0.2002
1162  [     6  8  ]     -8.8530       8.5092      0.4578      2   0.571  -0.2637
1834  [     2  3  ]     -8.8833       8.2398      0.4586     44   0.600  -0.2940
2936  [     7  2  ]     -8.4164      14.3180      0.4591      8   0.222   0.1730
1332  [     6  8  ]     -8.8513       8.5756      0.4596     11   0.571  -0.2619
4638  [     1 10  ]     -8.5776       3.5641      0.4597      1   0.909   0.0118
 542  [     3 14  ]     -8.7668       4.7983      0.4601      8   0.824  -0.1775
3128  [     2  3  ]     -8.8819       8.2373      0.4601     44   0.600  -0.2926
2321  [     8  2  ]     -8.3864      14.7902      0.4605      8   0.200   0.2030
2754  [     9  1  ]     -8.2576      16.4792      0.4605      8   0.100   0.3318
3077  [     2 10  ]     -8.7446       4.7621      0.4605     11   0.833  -0.1553
2127  [    12  1  ]     -8.2272      16.8808      0.4611      1   0.077   0.3621
 425  [     2  9  ]     -8.7772       4.9362      0.4616      8   0.818  -0.1878
1866  [     1 11  ]     -8.5586       3.5284      0.4619      2   0.917   0.0307
 377  [    10  7  ]     -8.6574      11.0664      0.4620      1   0.412  -0.0681
4772  [     2 14  ]     -8.6505       4.0887      0.4623     12   0.875  -0.0612
1930  [    10  6  ]     -8.6091      11.8506      0.4630      1   0.375  -0.0198
4779  [     4 11  ]     -8.9317       6.1069      0.4632      1   0.733  -0.3423
2271  [     4 14  ]     -8.8642       5.4384      0.4641      1   0.778  -0.2749
3477  [     8 10  ]     -8.8293       8.9004      0.4642      1   0.556  -0.2400
4891  [    11  1  ]     -8.2323      16.6513      0.4643      1   0.083   0.3570
 415  [     5  7  ]     -8.8595       8.3175      0.4644      1   0.583  -0.2701
1155  [     1 14  ]     -8.5192       3.2181      0.4644      1   0.933   0.0702
1602  [    10  4  ]     -8.4926      13.4078      0.4646     11   0.286   0.0968
4364  [     8  5  ]     -8.6189      11.7964      0.4656      2   0.385  -0.0296
2481  [     9  1  ]     -8.2524      16.5474      0.4657      8   0.100   0.3370
1277  [     2  8  ]     -8.8127       5.1286      0.4663      2   0.800  -0.2234
2051  [     8  3  ]     -8.4741      13.6791      0.4664      8   0.273   0.1153
4823  [     7  2  ]     -8.4090      14.3154      0.4665      8   0.222   0.1804
4956  [     8  7  ]     -8.7237      10.2056      0.4665      8   0.467  -0.1344
1803  [     3  8  ]     -8.9298       6.2838      0.4668     12   0.727  -0.3404
 302  [     8  8  ]     -8.7660       9.6784      0.4671      1   0.500  -0.1766
1700  [     6  6  ]     -8.7659       9.7171      0.4671     12   0.500  -0.1766
1534  [     7  5  ]     -8.6583      11.0371      0.4675      6   0.417  -0.0689
  13  [     0 18  ]     -8.1218       2.3041      0.4676      2   1.000   0.4676
5131  [     4 10  ]     -8.9328       6.3854      0.4677     43   0.714  -0.3434
2959  [    12  5  ]     -8.5000      13.2832      0.4680      2   0.294   0.0893
1944  [     5  8  ]     -8.8905       7.9418      0.4683      2   0.615  -0.3011
5087  [     2  7  ]     -8.8595       5.4528      0.4688      1   0.778  -0.2701
 357  [     1  7  ]     -8.6440       4.0449      0.4689      2   0.875  -0.0546
2455  [    10  4  ]     -8.4879      13.2200      0.4693      6   0.286   0.1014
1378  [     5  3  ]     -8.6027      11.6212      0.4694      8   0.375  -0.0133
 692  [     6  2  ]     -8.4417      14.0961      0.4695     63   0.250   0.1476
3603  [     6  4  ]     -8.6346      11.4747      0.4697     38   0.400  -0.0452
1626  [     7  3  ]     -8.5055      13.1881      0.4701      2   0.300   0.0839
2459  [     3 10  ]     -8.8768       5.6154      0.4705      1   0.769  -0.2874
 344  [    10  1  ]     -8.2353      16.6305      0.4711      1   0.091   0.3541
1352  [     4  8  ]     -8.9428       7.0441      0.4718      8   0.667  -0.3535
1625  [    10  1  ]     -8.2343      16.6384      0.4721      1   0.091   0.3550
3425  [     6  5  ]     -8.7025      10.5977      0.4721      8   0.455  -0.1131
4375  [     4  6  ]     -8.8696       8.2291      0.4724      8   0.600  -0.2802
3254  [     9  2  ]     -8.3508      14.9983      0.4726      8   0.182   0.2385
4709  [    12  2  ]     -8.3005      15.7989      0.4727      1   0.143   0.2888
3267  [     3  7  ]     -8.9317       6.6056      0.4730      6   0.700  -0.3424
 111  [     0 15  ]     -8.1160       2.2729      0.4734     82   1.000   0.4734
4842  [     7  0  ]     -8.1155      18.2025      0.4738      2   0.000   0.4738
1663  [     7 11  ]     -8.8799       7.9486      0.4741      6   0.611  -0.2906
1121  [     2  6  ]     -8.9157       5.8395      0.4742     87   0.750  -0.3264
1780  [     2 12  ]     -8.6782       4.4121      0.4743      2   0.857  -0.0888
3193  [     6  2  ]     -8.4368      13.9525      0.4745      6   0.250   0.1526
4270  [     8  5  ]     -8.6100      11.6684      0.4745      1   0.385  -0.0206
1976  [     2  8  ]     -8.8045       5.1702      0.4746     12   0.800  -0.2151
2637  [     2 10  ]     -8.7306       4.6342      0.4746      1   0.833  -0.1412
1597  [    15  0  ]     -8.1141      18.1824      0.4752      1   0.000   0.4752
3836  [    12  2  ]     -8.2976      15.6075      0.4756      2   0.143   0.2917
 394  [     8  7  ]     -8.7142      10.2481      0.4760      1   0.467  -0.1248
 545  [    12  5  ]     -8.4917      13.2907      0.4763      8   0.294   0.0977
2189  [    15  1  ]     -8.1933      17.0963      0.4765      2   0.062   0.3960
2225  [     2  9  ]     -8.7616       4.8787      0.4771      1   0.818  -0.1723
2895  [     2 11  ]     -8.6995       4.4650      0.4773      1   0.846  -0.1101
3224  [    12  3  ]     -8.3695      14.7846      0.4773      1   0.200   0.2199
2268  [    12  6  ]     -8.5411      12.4727      0.4774      7   0.333   0.0483
1580  [    12  5  ]     -8.4904      13.1236      0.4776      1   0.294   0.0989
 918  [     9  4  ]     -8.5077      13.0534      0.4778      2   0.308   0.0816
 801  [     6 12  ]     -8.9365       7.0494      0.4781     11   0.667  -0.3472
1339  [     1 12  ]     -8.5282       3.4035      0.4781      2   0.923   0.0611
4098  [     8  5  ]     -8.6061      11.4702      0.4784      2   0.385  -0.0168
2184  [     2 16  ]     -8.6036       3.8774      0.4785      2   0.889  -0.0143
1961  [     2 10  ]     -8.7261       4.6562      0.4790     12   0.833  -0.1368
3605  [     8  2  ]     -8.3674      14.8254      0.4794      8   0.200   0.2220
 218  [     3 14  ]     -8.7469       4.8174      0.4800      1   0.824  -0.1575
 476  [     6  9  ]     -8.8617       8.2278      0.4803     35   0.600  -0.2723
1583  [     1 16  ]     -8.4567       3.1277      0.4804      3   0.941   0.1326
2047  [     4  8  ]     -8.9338       7.1730      0.4808     40   0.667  -0.3445
4182  [    12  2  ]     -8.2924      15.8118      0.4808      1   0.143   0.2969
4195  [     8  5  ]     -8.6037      11.6276      0.4808      8   0.385  -0.0144
2832  [     9  1  ]     -8.2371      16.4693      0.4809      1   0.100   0.3522
2159  [     6  3  ]     -8.5373      12.6279      0.4812      5   0.333   0.0521
 541  [    16  2  ]     -8.2508      16.3044      0.4816      1   0.111   0.3385
2525  [     2  1  ]     -8.5365      12.6095      0.4820    166   0.333   0.0528
1603  [     6  8  ]     -8.8285       8.5430      0.4823      8   0.571  -0.2392
4565  [     9  1  ]     -8.2357      16.4126      0.4823      6   0.100   0.3536
2679  [     2  6  ]     -8.9075       5.8715      0.4824     12   0.750  -0.3182
2957  [    10  8  ]     -8.6790      10.5597      0.4825     15   0.444  -0.0897
4771  [    14  2  ]     -8.2672      16.0289      0.4831      2   0.125   0.3222
4537  [    11  2  ]     -8.3041      15.4197      0.4833     12   0.154   0.2852
 275  [     6  2  ]     -8.4277      14.1261      0.4835     12   0.250   0.1617
 794  [     3  4  ]     -8.8271       8.3846      0.4838     38   0.571  -0.2378
1966  [     8  3  ]     -8.4557      13.7172      0.4848     38   0.273   0.1336
  24  [    16  2  ]     -8.2475      16.3639      0.4849      1   0.111   0.3419
2991  [     5  6  ]     -8.7974       9.0452      0.4852      6   0.545  -0.2081
2822  [     8  2  ]     -8.3615      14.7618      0.4853      2   0.200   0.2278
1982  [     3  6  ]     -8.9288       7.0741      0.4858     12   0.667  -0.3395
 974  [    16  2  ]     -8.2465      16.3367      0.4859      8   0.111   0.3429
1952  [     4  8  ]     -8.9286       7.1286      0.4860      1   0.667  -0.3392
3597  [     4  7  ]     -8.8956       7.5801      0.4860     25   0.636  -0.3062
2809  [     8  4  ]     -8.5323      12.4949      0.4862      9   0.333   0.0571
4785  [     6  8  ]     -8.8245       8.7855      0.4863      6   0.571  -0.2352
2267  [     2  1  ]     -8.5317      12.6106      0.4868    164   0.333   0.0577
1069  [     2 15  ]     -8.6096       4.0421      0.4870      2   0.882  -0.0202
 642  [     1 15  ]     -8.4715       3.2203      0.4874      1   0.938   0.1178
1504  [    10  6  ]     -8.5848      11.6847      0.4874      2   0.375   0.0046
2101  [    16  1  ]     -8.1774      17.1638      0.4876      5   0.059   0.4119
3340  [     4  7  ]     -8.8935       7.4341      0.4880     12   0.636  -0.3042
2661  [     4  6  ]     -8.8539       8.1110      0.4881     90   0.600  -0.2646
3448  [     8  1  ]     -8.2441      16.4279      0.4883      1   0.111   0.3453
1256  [     5  7  ]     -8.8352       8.4386      0.4886      1   0.583  -0.2459
4698  [    14  2  ]     -8.2615      16.0338      0.4888      1   0.125   0.3279
3931  [     3 10  ]     -8.8579       5.6789      0.4894      5   0.769  -0.2685
   2  [    16  2  ]     -8.2428      16.3195      0.4896      1   0.111   0.3466
4097  [     9  4  ]     -8.4953      13.0211      0.4902      6   0.308   0.0941
4337  [     5  0  ]     -8.0991      18.2798      0.4902     65   0.000   0.4902
 558  [    10  6  ]     -8.5809      11.7570      0.4913      1   0.375   0.0085
1429  [    10  5  ]     -8.5271      12.5830      0.4914      1   0.333   0.0622
2916  [     7  3  ]     -8.4840      13.2287      0.4916     12   0.300   0.1053
1946  [     3 10  ]     -8.8552       5.5472      0.4920      6   0.769  -0.2659
1499  [     1 15  ]     -8.4668       3.0895      0.4921      1   0.938   0.1225
 856  [     2  9  ]     -8.7465       4.9302      0.4923      8   0.818  -0.1571
2956  [     8 10  ]     -8.8012       8.8705      0.4924      1   0.556  -0.2118
1860  [     3  9  ]     -8.8973       5.8518      0.4926     38   0.750  -0.3080
3216  [     3  1  ]     -8.4186      13.9027      0.4926     38   0.250   0.1707
1686  [     1 13  ]     -8.5013       3.2948      0.4928      1   0.929   0.0880
 687  [     4  6  ]     -8.8491       8.1214      0.4929     15   0.600  -0.2597
1789  [     2 10  ]     -8.7123       4.6562      0.4929      8   0.833  -0.1229
3259  [     7  3  ]     -8.4811      12.9635      0.4945      8   0.300   0.1083
  62  [     2 15  ]     -8.6019       3.9994      0.4947      8   0.882  -0.0126
 517  [     2  6  ]     -8.8952       5.8841      0.4947      2   0.750  -0.3058
2151  [     6  4  ]     -8.6092      11.3085      0.4951      2   0.400  -0.0199
 248  [     2 11  ]     -8.6803       4.5233      0.4964      1   0.846  -0.0910
4073  [     5  2  ]     -8.4604      13.3668      0.4968     12   0.286   0.1290
 735  [    14  1  ]     -8.1783      17.0483      0.4969      5   0.067   0.4110
1611  [     2 10  ]     -8.7083       4.5712      0.4969     12   0.833  -0.1190
3313  [     4 10  ]     -8.9025       6.3221      0.4980      1   0.714  -0.3131
 339  [     1 11  ]     -8.5224       3.4766      0.4981      8   0.917   0.0669
4784  [     4 10  ]     -8.9022       6.3749      0.4982      2   0.714  -0.3129
 808  [    16  2  ]     -8.2339      16.3714      0.4985      1   0.111   0.3555
 799  [     1 17  ]     -8.4189       3.1186      0.4989      5   0.944   0.1704
2591  [     6  2  ]     -8.4119      13.9834      0.4993      8   0.250   0.1774
1076  [    10  6  ]     -8.5728      11.7670      0.4994      2   0.375   0.0166
2405  [     8  2  ]     -8.3472      15.0647      0.4996     99   0.200   0.2421
  42  [     2 15  ]     -8.5969       4.0289      0.4997      1   0.882  -0.0075
