Gen   ID    Origin   Composition    Enthalpy   Volume  Density   Fitness   KPOINTS  SYMM  Q_entr A_order S_order
                                      (eV)     (A^3)  (g/cm^3)
  1    2   Random    [     8 32  ]    -9.752   382.126   0.558     -9.752 [ 1  1  1]   2  0.097  2.192  1.934
  2   33  Heredity   [     8 32  ]    -9.752   382.121   0.558     -9.752 [ 1  1  1]   2  0.136  2.493  2.097
  3   65  Rotate     [     8 32  ]    -9.752   382.111   0.558     -9.752 [ 1  1  1]   2  0.146  2.617  2.182
  4   92  Heredity   [     8 32  ]    -9.752   382.102   0.558     -9.752 [ 1  1  1]   2  0.124  2.711  2.359
  5  142 keptBest    [     8 32  ]    -9.752   382.102   0.558     -9.752 [ 1  1  1]   2  0.055  2.032  1.938
  6  149  Heredity   [     8 32  ]    -9.753   382.080   0.558     -9.753 [ 1  1  1]   2  0.128  2.471  2.101
  7  184  Heredity   [     8 32  ]    -9.754   382.070   0.558     -9.754 [ 1  1  1]   2  0.109  2.252  1.948
  8  230  Rotate     [     8 32  ]    -9.754   382.070   0.558     -9.754 [ 1  1  1]   2  0.083  2.132  1.926
  9  252  Heredity   [     8 32  ]    -9.754   382.061   0.558     -9.754 [ 1  1  1]   2  0.121  2.414  2.061
 10  304 keptBest    [     8 32  ]    -9.754   382.061   0.558     -9.754 [ 1  1  1]   2  0.055  2.032  1.937
 11  318  Heredity   [     8 32  ]    -9.754   382.047   0.558     -9.754 [ 1  1  1]   2  0.112  2.347  2.024
