  ID   Compositions    Enthalpies    Volumes    fitness  SYMM
                       (eV/atom)    (A^3/atom)    ()         
 318  [     8 32  ]     -0.2439      9.5512     -9.7543     2
 333  [     8 32  ]     -0.2435      9.5865     -9.7385    15
 284  [     8 32  ]     -0.2434      9.5872     -9.7376    15
 294  [     8 32  ]     -0.2433      9.5785     -9.7312     1
 277  [     8 32  ]     -0.2432      9.5802     -9.7289     1
 330  [     8 32  ]     -0.2426      9.6000     -9.7051    14
 211  [     8 32  ]     -0.2421      9.6002     -9.6846   114
 191  [     8 32  ]     -0.2421      9.6012     -9.6835   114
  24  [     8 32  ]     -0.2420      9.6086     -9.6801     1
  15  [     8 32  ]     -0.2413      9.6187     -9.6516   142
 134  [     8 32  ]     -0.2412      9.6562     -9.6486    15
 201  [     8 32  ]     -0.2411      9.6285     -9.6458     1
 200  [     8 32  ]     -0.2411      9.6355     -9.6428     1
 242  [     8 32  ]     -0.2411      9.6355     -9.6428     1
  91  [     8 32  ]     -0.2410      9.6554     -9.6385    14
 146  [     8 32  ]     -0.2410      9.6554     -9.6385    14
  37  [     8 32  ]     -0.2399      9.6889     -9.5955    14
 246  [     8 32  ]     -0.2397      9.6682     -9.5890     1
 189  [     8 32  ]     -0.2396      9.6893     -9.5825    36
 245  [     8 32  ]     -0.2391      9.6930     -9.5648    61
 307  [     8 32  ]     -0.2391      9.6930     -9.5648    61
 155  [     8 32  ]     -0.2391      9.7113     -9.5640     4
 194  [     8 32  ]     -0.2390      9.6766     -9.5609     2
 140  [     8 32  ]     -0.2390      9.6773     -9.5601     1
  84  [     8 32  ]     -0.2389      9.6997     -9.5559     2
 101  [     8 32  ]     -0.2388      9.7149     -9.5524     1
 344  [     8 32  ]     -0.2388      9.7154     -9.5517     7
 312  [     8 32  ]     -0.2387      9.7170     -9.5485     2
  68  [     8 32  ]     -0.2384      9.7412     -9.5363     2
 254  [     8 32  ]     -0.2382      9.7442     -9.5276     2
