Gen   ID    Origin   Composition    Enthalpy   Volume  Density   Fitness   KPOINTS  SYMM  Q_entr A_order S_order
                                      (eV)     (A^3)  (g/cm^3)
  1    1   Random    [     8 32  ]    -9.466   390.902   0.545     -9.466 [ 1  1  1]  14  0.157  2.478  2.011
  1    2   Random    [     8 32  ]    -9.752   382.126   0.558     -9.752 [ 1  1  1]   2  0.097  2.192  1.934
  1    3   Random    [     8 32  ]    -9.444   391.803   0.544     -9.444 [ 1  1  1]  11  0.196  2.195  1.604
  1    4   Random    [     8 32  ]    -9.473   390.628   0.546     -9.473 [ 1  1  1]  53  0.076  2.087  1.926
  1    5   Random    [     8 32  ]    -9.751   382.142   0.558     -9.751 [ 1  1  1]   2  0.125  2.956  2.617
  1    6   Random    [     8 32  ]    -9.483   389.542   0.547     -9.483 [ 1  1  1]  14  0.193  2.188  1.630
  1    7   Random    [     8 32  ]    -9.736   383.527   0.556     -9.736 [ 1  1  1]  15  0.193  2.585  2.021
  1    8   Random    [     8 32  ]    -9.539   388.349   0.549     -9.539 [ 1  1  1]   1  0.219  2.389  1.736
  1    9   Random    [     8 32  ]    -9.642   385.456   0.553     -9.642 [ 1  1  1]   2  0.098  1.962  1.765
  1   10   Random    [     8 32  ]    -9.751   382.134   0.558 100000.000 [ 1  1  1]   2  0.134  2.551  2.155
  1   11   Random    [     8 32  ]    -9.478   390.447   0.546 100000.000 [ 1  1  1]   6  0.195  2.508  1.907
  1   12   Random    [     8 32  ]    -9.462   390.624   0.546 100000.000 [ 1  1  1]  14  0.188  2.321  1.757
  1   13   Random    [     8 32  ]    -9.736   383.531   0.556 100000.000 [ 1  1  1]  15  0.202  2.383  1.787
  1   14   Random    [     8 32  ]    -9.560   387.100   0.551     -9.560 [ 1  1  1]   1  0.124  1.985  1.684
  1   15   Random    [     8 32  ]    -9.652   384.746   0.554     -9.652 [ 1  1  1] 142  0.054  1.890  1.817
  1   16   Random    [     8 32  ]    -9.426   391.179   0.545 100000.000 [ 1  1  1]   1  0.231  2.134  1.472
  1   17   Random    [     8 32  ]    -9.184   399.613   0.533     -9.184 [ 1  1  1]   2  0.228  2.227  1.552
  1   18   Random    [     8 32  ]    -9.752   382.127   0.558 100000.000 [ 1  1  1]   2  0.083  2.133  1.927
  1   19   Random    [     8 32  ]    -9.498   389.701   0.547     -9.498 [ 1  1  1]   2  0.178  1.796  1.418
  1   20   Random    [     8 32  ]    -9.532   389.265   0.547     -9.532 [ 1  1  1]   1  0.194  2.495  1.893
  1   21   Random    [     8 32  ]    -9.736   383.526   0.556 100000.000 [ 1  1  1]  15  0.194  2.255  1.688
  1   22   Random    [     8 32  ]    -9.444   391.805   0.544 100000.000 [ 1  1  1]   1  0.174  1.993  1.578
  1   23   Random    [     8 32  ]    -9.482   389.150   0.548     -9.482 [ 1  1  1]   2  0.169  2.137  1.663
  1   24   Random    [     8 32  ]    -9.680   384.344   0.554     -9.680 [ 1  1  1]   1  0.177  2.351  1.830
  1   25   Random    [     8 32  ]    -9.751   382.136   0.558 100000.000 [ 1  1  1]   2  0.083  2.133  1.926
  2   26  Heredity   [     8 32  ]    -9.638   386.232   0.552     -9.638 [ 1  1  1]  14  0.191  2.083  1.559
  2   27  Heredity   [     8 32  ]    -9.512   389.026   0.548 100000.000 [ 1  1  1]  14  0.207  2.436  1.802
  2   28  Heredity   [     8 32  ]    -9.458   390.756   0.545     -9.458 [ 1  1  1]   1  0.222  2.465  1.784
  2   29  Heredity   [     8 32  ]    -9.546   388.742   0.548     -9.546 [ 1  1  1]   1  0.187  2.309  1.780
  2   30  Heredity   [     8 32  ]    -9.751   382.132   0.558 100000.000 [ 1  1  1]   2  0.133  2.692  2.323
  2   31  Heredity   [     8 32  ]    -9.564   388.469   0.549     -9.564 [ 1  1  1]  14  0.194  2.193  1.650
  2   32  Heredity   [     8 32  ]    -9.514   389.080   0.548     -9.514 [ 1  1  1]   1  0.219  2.461  1.796
  2   33  Heredity   [     8 32  ]    -9.752   382.121   0.558     -9.752 [ 1  1  1]   2  0.136  2.493  2.097
  2   34  Heredity   [     8 32  ]    -9.401   392.784   0.543     -9.401 [ 1  1  1]   2  0.205  1.922  1.400
  2   35  Heredity   [     8 32  ]    -9.703   384.060   0.555 100000.000 [ 1  1  1]  14  0.192  2.311  1.771
  2   36  Heredity   [     8 32  ]    -9.555   388.013   0.549     -9.555 [ 1  1  1]   2  0.216  2.149  1.533
  2   37  Random     [     8 32  ]    -9.595   387.557   0.550     -9.595 [ 1  1  1]  14  0.089  2.179  1.980
  2   38  Rotate     [     8 32  ]    -9.736   383.553   0.556 100000.000 [ 1  1  1]   1  0.213  2.264  1.629
  2   39  Rotate     [     8 32  ]    -9.733   383.674   0.555 100000.000 [ 1  1  1]  15  0.205  2.451  1.850
  2   40 softmutate  [     8 32  ]    -9.751   382.145   0.558 100000.000 [ 1  1  1]   2  0.121  3.023  2.703
  2   41 softmutate  [     8 32  ]    -9.736   383.525   0.556     -9.736 [ 1  1  1]  15  0.203  2.471  1.865
  2   42 softmutate  [     8 32  ]    -9.751   382.132   0.558 100000.000 [ 1  1  1]   2  0.110  2.292  1.980
  2   43 softmutate  [     8 32  ]    -9.642   385.459   0.553 100000.000 [ 1  1  1]   2  0.098  1.962  1.765
  2   44 keptBest    [     8 32  ]    -9.752   382.126   0.558     -9.752 [ 1  1  1]   2  0.055  2.033  1.938
  2   45 keptBest    [     8 32  ]    -9.736   383.527   0.556     -9.736 [ 1  1  1]  15  0.151  1.852  1.534
  2   46 keptBest    [     8 32  ]    -9.642   385.456   0.553     -9.642 [ 1  1  1]   2  0.098  1.962  1.765
  2   47 keptBest    [     8 32  ]    -9.560   387.100   0.551     -9.560 [ 1  1  1]   1  0.097  1.878  1.697
  2   48 keptBest    [     8 32  ]    -9.532   389.265   0.547     -9.532 [ 1  1  1]   1  0.148  2.117  1.772
  3   49  Heredity   [     8 32  ]    -9.458   390.217   0.546 100000.000 [ 1  1  1]   1  0.217  2.261  1.633
  3   50  Heredity   [     8 32  ]    -9.737   383.515   0.556 100000.000 [ 1  1  1]  15  0.204  2.296  1.663
  3   51  Heredity   [     8 32  ]    -9.752   382.121   0.558 100000.000 [ 1  1  1]   2  0.112  2.349  2.025
  3   52  Heredity   [     8 32  ]    -9.729   383.218   0.556 100000.000 [ 1  1  1]   4  0.156  2.189  1.762
  3   53  Heredity   [     8 32  ]    -9.485   390.352   0.546     -9.485 [ 1  1  1]   8  0.200  2.422  1.810
  3   54  Heredity   [     8 32  ]    -9.737   383.508   0.556     -9.737 [ 1  1  1]  15  0.184  2.023  1.530
  3   55  Heredity   [     8 32  ]    -9.704   384.044   0.555     -9.704 [ 1  1  1]  14  0.196  2.183  1.636
  3   56  Heredity   [     8 32  ]    -9.528   389.763   0.547 100000.000 [ 1  1  1]  63  0.142  2.558  2.121
  3   57  Heredity   [     8 32  ]    -9.521   389.413   0.547 100000.000 [ 1  1  1]   2  0.211  1.964  1.405
  3   58  Heredity   [     8 32  ]    -9.531   388.740   0.548 100000.000 [ 1  1  1]   2  0.213  2.038  1.452
  3   59  Random     [     8 32  ]    -9.751   382.135   0.558 100000.000 [ 1  1  1]  13  0.119  2.455  2.107
  3   60  Random     [     8 32  ]    -9.729   383.212   0.556     -9.729 [ 1  1  1]   4  0.151  2.084  1.684
  3   61  Random     [     8 32  ]    -9.751   382.136   0.558 100000.000 [ 1  1  1]   2  0.110  2.291  1.980
  3   62  Random     [     8 32  ]    -9.486   389.276   0.547     -9.486 [ 1  1  1]   2  0.211  2.472  1.865
  3   63  Random     [     8 32  ]    -9.560   387.101   0.551 100000.000 [ 1  1  1]   7  0.112  1.932  1.685
  3   64  Random     [     8 32  ]    -9.431   391.124   0.545 100000.000 [ 1  1  1]   2  0.228  2.290  1.612
  3   65  Rotate     [     8 32  ]    -9.752   382.111   0.558     -9.752 [ 1  1  1]   2  0.146  2.617  2.182
  3   66  Rotate     [     8 32  ]    -9.527   389.773   0.547 100000.000 [ 1  1  1]   2  0.131  2.417  2.041
  3   67  Rotate     [     8 32  ]    -9.752   382.122   0.558 100000.000 [ 1  1  1]  15  0.103  2.284  1.989
  3   68  Rotate     [     8 32  ]    -9.536   389.649   0.547     -9.536 [ 1  1  1]   2  0.174  2.654  2.130
  3   69  Rotate     [     8 32  ]    -9.395   391.900   0.544     -9.395 [ 1  1  1]   2  0.180  1.791  1.420
  3   70  Rotate     [     8 32  ]    -9.728   383.264   0.556 100000.000 [ 1  1  1]   4  0.176  2.286  1.786
  3   71 softmutate  [     8 32  ]    -9.751   382.133   0.558 100000.000 [ 1  1  1]   2  0.136  2.491  2.096
  3   72 softmutate  [     8 32  ]    -9.564   388.469   0.549 100000.000 [ 1  1  1]  14  0.192  2.073  1.548
  3   73 softmutate  [     8 32  ]    -9.560   387.094   0.551     -9.560 [ 1  1  1]   1  0.132  2.037  1.697
  3   74 softmutate  [     8 32  ]    -9.532   389.260   0.547     -9.532 [ 1  1  1]   1  0.194  2.496  1.893
  3   75 softmutate  [     8 32  ]    -9.752   382.130   0.558 100000.000 [ 1  1  1]   2  0.136  2.493  2.097
  3   76 softmutate  [     8 32  ]    -9.736   383.525   0.556     -9.736 [ 1  1  1]  15  0.203  2.471  1.865
  3   77 softmutate  [     8 32  ]    -9.564   388.464   0.549     -9.564 [ 1  1  1]  14  0.194  2.193  1.650
  3   78 keptBest    [     8 32  ]    -9.752   382.121   0.558     -9.752 [ 1  1  1]   2  0.055  2.033  1.938
  3   79 keptBest    [     8 32  ]    -9.736   383.525   0.556 100000.000 [ 1  1  1]  15  0.151  1.852  1.534
  3   80 keptBest    [     8 32  ]    -9.736   383.527   0.556 100000.000 [ 1  1  1]  15  0.151  1.852  1.534
  3   81 keptBest    [     8 32  ]    -9.642   385.456   0.553     -9.642 [ 1  1  1]   2  0.098  1.962  1.765
  3   82 keptBest    [     8 32  ]    -9.638   386.232   0.552     -9.638 [ 1  1  1]  14  0.153  1.856  1.540
  4   83  Heredity   [     8 32  ]    -9.752   382.121   0.558 100000.000 [ 1  1  1]   2  0.128  2.766  2.404
  4   84  Heredity   [     8 32  ]    -9.556   387.989   0.549     -9.556 [ 1  1  1]   2  0.220  2.225  1.587
  4   85  Heredity   [     8 32  ]    -9.752   382.103   0.558 100000.000 [ 1  1  1]   2  0.137  2.716  2.325
  4   86  Heredity   [     8 32  ]    -9.439   389.907   0.547     -9.439 [ 1  1  1]   2  0.205  1.941  1.405
  4   87  Heredity   [     8 32  ]    -9.704   384.037   0.555 100000.000 [ 1  1  1]  14  0.197  2.083  1.537
  4   88  Heredity   [     8 32  ]    -9.070   401.151   0.531     -9.070 [ 1  1  1]   1  0.235  2.364  1.655
  4   89  Heredity   [     8 32  ]    -9.704   384.023   0.555     -9.704 [ 1  1  1]  14  0.183  1.954  1.480
  4   90  Heredity   [     8 32  ]    -9.567   387.701   0.550 100000.000 [ 1  1  1]   1  0.222  2.231  1.569
  4   91  Heredity   [     8 32  ]    -9.639   386.217   0.552     -9.639 [ 1  1  1]  14  0.200  2.329  1.747
  4   92  Heredity   [     8 32  ]    -9.752   382.102   0.558     -9.752 [ 1  1  1]   2  0.124  2.711  2.359
  4   93  Random     [     8 32  ]    -9.350   393.075   0.542     -9.350 [ 1  1  1]   2  0.210  1.909  1.365
  4   94  Random     [     8 32  ]    -9.461   389.516   0.547 100000.000 [ 1  1  1]   2  0.227  2.138  1.482
  4   95  Random     [     8 32  ]    -9.518   389.418   0.547     -9.518 [ 1  1  1]   8  0.192  2.584  1.988
  4   96  Rotate     [     8 32  ]    -9.752   382.121   0.558 100000.000 [ 1  1  1]   2  0.136  2.493  2.097
  4   97  Rotate     [     8 32  ]    -9.752   382.102   0.558 100000.000 [ 1  1  1]   2  0.133  2.530  2.149
  4   98  Rotate     [     8 32  ]    -9.648   386.256   0.552     -9.648 [ 1  1  1]  15  0.204  2.065  1.498
  4   99  Rotate     [     8 32  ]    -9.704   384.045   0.555 100000.000 [ 1  1  1]  14  0.196  2.184  1.636
  4  100  Rotate     [     8 32  ]    -9.704   384.038   0.555 100000.000 [ 1  1  1]  14  0.201  2.160  1.574
  4  101  Rotate     [     8 32  ]    -9.552   388.595   0.548     -9.552 [ 1  1  1]   1  0.140  2.976  2.551
  4  102 softmutate  [     8 32  ]    -9.703   384.050   0.555 100000.000 [ 1  1  1]  14  0.194  2.465  1.913
  4  103 softmutate  [     8 32  ]    -9.704   384.045   0.555 100000.000 [ 1  1  1]  14  0.191  2.117  1.591
  4  104 softmutate  [     8 32  ]    -9.752   382.106   0.558 100000.000 [ 1  1  1]   2  0.146  2.618  2.183
  4  105 softmutate  [     8 32  ]    -9.752   382.117   0.558 100000.000 [ 1  1  1]   2  0.136  2.494  2.098
  4  106 softmutate  [     8 32  ]    -9.736   383.524   0.556     -9.736 [ 1  1  1]  15  0.204  2.536  1.931
  4  107 softmutate  [     8 32  ]    -9.737   383.503   0.556     -9.737 [ 1  1  1]  15  0.189  2.075  1.553
  4  108 softmutate  [     8 32  ]    -9.729   383.210   0.556     -9.729 [ 1  1  1]   4  0.169  2.212  1.742
  4  109 keptBest    [     8 32  ]    -9.752   382.111   0.558     -9.752 [ 1  1  1]   2  0.055  2.032  1.937
  4  110 keptBest    [     8 32  ]    -9.737   383.508   0.556 100000.000 [ 1  1  1]  15  0.151  1.853  1.534
  4  111 keptBest    [     8 32  ]    -9.642   385.456   0.553     -9.642 [ 1  1  1]   2  0.098  1.962  1.765
  4  112 keptBest    [     8 32  ]    -9.560   387.094   0.551     -9.560 [ 1  1  1]   1  0.097  1.878  1.697
  4  113 keptBest    [     8 32  ]    -9.536   389.649   0.547 100000.000 [ 1  1  1]   2  0.105  2.064  1.854
  5  114  Heredity   [     8 32  ]    -9.502   389.630   0.547     -9.502 [ 1  1  1]   1  0.137  2.210  1.811
  5  115  Heredity   [     8 32  ]    -9.389   392.066   0.544 100000.000 [ 1  1  1]   1  0.210  2.445  1.839
  5  116  Heredity   [     8 32  ]    -9.752   382.123   0.558 100000.000 [ 1  1  1]   2  0.099  2.234  1.958
  5  117  Heredity   [     8 32  ]    -9.704   384.018   0.555     -9.704 [ 1  1  1]  14  0.191  2.059  1.542
  5  118  Heredity   [     8 32  ]    -9.426   391.079   0.545 100000.000 [ 1  1  1]   2  0.199  2.422  1.862
  5  119  Heredity   [     8 32  ]    -9.737   383.503   0.556 100000.000 [ 1  1  1]  15  0.208  2.310  1.674
  5  120  Heredity   [     8 32  ]    -9.534   389.225   0.548     -9.534 [ 1  1  1]   1  0.190  2.515  1.910
  5  121  Heredity   [     8 32  ]    -9.531   388.722   0.548 100000.000 [ 1  1  1]   2  0.213  1.937  1.374
  5  122  Heredity   [     8 32  ]    -9.752   382.114   0.558 100000.000 [ 1  1  1]   2  0.131  2.572  2.198
  5  123  Random     [     8 32  ]    -9.531   388.713   0.548     -9.531 [ 1  1  1]   2  0.224  2.083  1.436
  5  124  Random     [     8 32  ]    -9.464   389.528   0.547 100000.000 [ 1  1  1]   1  0.218  1.923  1.355
  5  125  Random     [     8 32  ]    -9.751   382.143   0.558 100000.000 [ 1  1  1]   2  0.138  2.591  2.200
  5  126  Random     [     8 32  ]    -9.751   382.135   0.558 100000.000 [ 1  1  1]   1  0.126  2.511  2.148
  5  127  Random     [     8 32  ]    -9.526   388.436   0.549     -9.526 [ 1  1  1]  15  0.190  2.355  1.792
  5  128  Rotate     [     8 32  ]    -9.737   383.503   0.556 100000.000 [ 1  1  1]  15  0.189  2.075  1.553
  5  129  Rotate     [     8 32  ]    -9.729   383.193   0.556     -9.729 [ 1  1  1]   4  0.164  2.192  1.710
  5  130  Rotate     [     8 32  ]    -9.519   389.405   0.547 100000.000 [ 1  1  1]   1  0.179  2.627  2.083
  5  131  Rotate     [     8 32  ]    -9.704   384.022   0.555 100000.000 [ 1  1  1]  14  0.183  1.963  1.483
  5  132  Rotate     [     8 32  ]    -9.427   391.064   0.545     -9.427 [ 1  1  1]   2  0.209  2.238  1.647
  5  133  Rotate     [     8 32  ]    -9.704   384.023   0.555 100000.000 [ 1  1  1]  14  0.198  2.256  1.689
  5  134  Rotate     [     8 32  ]    -9.649   386.248   0.552     -9.649 [ 1  1  1]  15  0.204  2.170  1.586
  5  135 softmutate  [     8 32  ]    -9.737   383.513   0.556 100000.000 [ 1  1  1]  15  0.184  2.023  1.530
  5  136 softmutate  [     8 32  ]    -9.737   383.499   0.556     -9.737 [ 1  1  1]  15  0.204  2.215  1.620
  5  137 softmutate  [     8 32  ]    -9.752   382.106   0.558     -9.752 [ 1  1  1]   2  0.146  2.618  2.183
  5  138 softmutate  [     8 32  ]    -9.737   383.501   0.556 100000.000 [ 1  1  1]  15  0.192  2.129  1.589
  5  139 softmutate  [     8 32  ]    -9.752   382.119   0.558 100000.000 [ 1  1  1]   2  0.146  2.617  2.182
  5  140 softmutate  [     8 32  ]    -9.560   387.092   0.551     -9.560 [ 1  1  1]   1  0.124  1.986  1.685
  5  141 softmutate  [     8 32  ]    -9.489   388.880   0.548 100000.000 [ 1  1  1]   1  0.213  2.017  1.441
  5  142 keptBest    [     8 32  ]    -9.752   382.102   0.558     -9.752 [ 1  1  1]   2  0.055  2.032  1.938
  5  143 keptBest    [     8 32  ]    -9.752   382.111   0.558 100000.000 [ 1  1  1]   2  0.055  2.032  1.937
  5  144 keptBest    [     8 32  ]    -9.737   383.503   0.556     -9.737 [ 1  1  1]  15  0.151  1.853  1.534
  5  145 keptBest    [     8 32  ]    -9.642   385.456   0.553     -9.642 [ 1  1  1]   2  0.098  1.962  1.765
  5  146 keptBest    [     8 32  ]    -9.639   386.217   0.552     -9.639 [ 1  1  1]  14  0.153  1.856  1.540
  6  147  Heredity   [     8 32  ]    -9.730   383.171   0.556     -9.730 [ 1  1  1]   4  0.175  2.468  1.977
  6  148  Heredity   [     8 32  ]    -9.529   389.730   0.547     -9.529 [ 1  1  1]   2  0.133  2.465  2.068
  6  149  Heredity   [     8 32  ]    -9.753   382.080   0.558     -9.753 [ 1  1  1]   2  0.128  2.471  2.101
  6  150  Heredity   [     8 32  ]    -9.428   390.795   0.545 100000.000 [ 1  1  1]   1  0.229  2.112  1.463
  6  151  Heredity   [     8 32  ]    -9.752   382.126   0.558 100000.000 [ 1  1  1]   2  0.120  2.353  2.009
  6  152  Heredity   [     8 32  ]    -9.406   391.050   0.545 100000.000 [ 1  1  1]   1  0.225  2.226  1.585
  6  153  Heredity   [     8 32  ]    -9.546   388.743   0.548     -9.546 [ 1  1  1]   2  0.182  2.221  1.723
  6  154  Heredity   [     8 32  ]    -9.729   383.202   0.556 100000.000 [ 1  1  1]   4  0.151  2.085  1.684
  6  155  Heredity   [     8 32  ]    -9.564   388.452   0.549     -9.564 [ 1  1  1]   4  0.218  2.245  1.617
  6  156  Heredity   [     8 32  ]    -9.752   382.102   0.558 100000.000 [ 1  1  1]   2  0.082  2.130  1.926
  6  157  Random     [     8 32  ]    -9.729   383.211   0.556 100000.000 [ 1  1  1]   4  0.170  2.214  1.742
  6  158  Random     [     8 32  ]    -9.528   389.758   0.547 100000.000 [ 1  1  1]  10  0.116  2.352  2.026
  6  159  Random     [     8 32  ]    -9.644   385.201   0.553     -9.644 [ 1  1  1]   1  0.206  2.347  1.752
  6  160  Rotate     [     8 32  ]    -9.737   383.503   0.556 100000.000 [ 1  1  1]  15  0.189  2.075  1.553
  6  161  Rotate     [     8 32  ]    -9.643   385.426   0.553     -9.643 [ 1  1  1]   1  0.163  2.355  1.884
  6  162  Rotate     [     8 32  ]    -9.730   383.179   0.556 100000.000 [ 1  1  1]   1  0.166  2.551  2.077
  6  163  Rotate     [     8 32  ]    -9.752   382.109   0.558 100000.000 [ 1  1  1]   2  0.105  2.254  1.955
  6  164  Rotate     [     8 32  ]    -9.737   383.505   0.556 100000.000 [ 1  1  1]  15  0.198  2.153  1.585
  6  165  Rotate     [     8 32  ]    -9.729   383.191   0.556 100000.000 [ 1  1  1]   1  0.161  2.222  1.756
  6  166  Rotate     [     8 32  ]    -9.704   384.015   0.555     -9.704 [ 1  1  1]  14  0.191  2.059  1.542
  6  167 softmutate  [     8 32  ]    -9.729   383.196   0.556 100000.000 [ 1  1  1]   4  0.152  2.107  1.680
  6  168 softmutate  [     8 32  ]    -9.737   383.498   0.556     -9.737 [ 1  1  1]  15  0.197  2.150  1.584
  6  169 softmutate  [     8 32  ]    -9.704   384.020   0.555 100000.000 [ 1  1  1]  14  0.198  2.146  1.592
  6  170 softmutate  [     8 32  ]    -9.729   383.196   0.556     -9.729 [ 1  1  1]   4  0.134  1.979  1.654
  6  171 softmutate  [     8 32  ]    -9.737   383.513   0.556 100000.000 [ 1  1  1]  15  0.184  2.023  1.530
  6  172 softmutate  [     8 32  ]    -9.642   385.459   0.553 100000.000 [ 1  1  1]   2  0.098  1.962  1.765
  6  173 softmutate  [     8 32  ]    -9.752   382.106   0.558 100000.000 [ 1  1  1]   2  0.124  2.710  2.359
  6  174 keptBest    [     8 32  ]    -9.752   382.102   0.558     -9.752 [ 1  1  1]   2  0.055  2.032  1.938
  6  175 keptBest    [     8 32  ]    -9.737   383.499   0.556 100000.000 [ 1  1  1]  15  0.151  1.853  1.534
  6  176 keptBest    [     8 32  ]    -9.642   385.456   0.553     -9.642 [ 1  1  1]   2  0.098  1.962  1.765
  6  177 keptBest    [     8 32  ]    -9.560   387.092   0.551     -9.560 [ 1  1  1]   1  0.097  1.878  1.697
  6  178 keptBest    [     8 32  ]    -9.534   389.225   0.548     -9.534 [ 1  1  1]   1  0.148  2.117  1.772
  7  179  Heredity   [     8 32  ]    -9.752   382.129   0.558 100000.000 [ 1  1  1]   2  0.099  2.230  1.957
  7  180  Heredity   [     8 32  ]    -9.396   391.703   0.544     -9.396 [ 1  1  1]   2  0.213  2.358  1.751
  7  181  Heredity   [     8 32  ]    -9.704   384.029   0.555 100000.000 [ 1  1  1]  14  0.195  2.188  1.644
  7  182  Heredity   [     8 32  ]    -9.752   382.123   0.558 100000.000 [ 1  1  1]   2  0.127  2.607  2.240
  7  183  Heredity   [     8 32  ]    -9.736   383.523   0.556 100000.000 [ 1  1  1]  15  0.185  2.491  1.952
  7  184  Heredity   [     8 32  ]    -9.754   382.070   0.558     -9.754 [ 1  1  1]   2  0.109  2.252  1.948
  7  185  Heredity   [     8 32  ]    -9.313   393.971   0.541 100000.000 [ 1  1  1]   1  0.218  1.901  1.338
  7  186  Heredity   [     8 32  ]    -9.752   382.110   0.558 100000.000 [ 1  1  1]   2  0.121  2.399  2.053
  7  187  Heredity   [     8 32  ]    -9.704   384.020   0.555     -9.704 [ 1  1  1]  14  0.195  2.193  1.644
  7  188  Heredity   [     8 32  ]    -9.436   390.124   0.546 100000.000 [ 1  1  1]   2  0.206  2.587  1.983
  7  189  Random     [     8 32  ]    -9.582   387.573   0.550     -9.582 [ 1  1  1]  36  0.164  2.085  1.665
  7  190  Random     [     8 32  ]    -9.533   389.256   0.547     -9.533 [ 1  1  1]   1  0.148  2.117  1.772
  7  191  Random     [     8 32  ]    -9.684   384.047   0.555     -9.684 [ 1  1  1] 114  0.181  2.648  2.147
  7  192  Random     [     8 32  ]    -9.528   389.754   0.547     -9.528 [ 1  1  1]   2  0.154  2.764  2.303
  7  193  Random     [     8 32  ]    -9.752   382.126   0.558 100000.000 [ 1  1  1]  15  0.120  2.350  2.009
  7  194  Rotate     [     8 32  ]    -9.561   387.065   0.551     -9.561 [ 1  1  1]   2  0.164  2.552  2.090
  7  195  Rotate     [     8 32  ]    -9.752   382.114   0.558 100000.000 [ 1  1  1]   2  0.110  2.292  1.980
  7  196  Rotate     [     8 32  ]    -9.462   390.861   0.545     -9.462 [ 1  1  1]   1  0.213  1.951  1.389
  7  197  Rotate     [     8 32  ]    -9.737   383.495   0.556     -9.737 [ 1  1  1]  15  0.197  2.150  1.584
  7  198  Rotate     [     8 32  ]    -9.729   383.196   0.556     -9.729 [ 1  1  1]   4  0.134  1.979  1.654
  7  199  Rotate     [     8 32  ]    -9.737   383.495   0.556 100000.000 [ 1  1  1]  15  0.197  2.138  1.580
  7  200 softmutate  [     8 32  ]    -9.643   385.419   0.553     -9.643 [ 1  1  1]   1  0.163  2.356  1.884
  7  201 softmutate  [     8 32  ]    -9.646   385.139   0.553     -9.646 [ 1  1  1]   1  0.195  2.022  1.500
  7  202 softmutate  [     8 32  ]    -9.752   382.105   0.558 100000.000 [ 1  1  1]   2  0.115  2.510  2.179
  7  203 softmutate  [     8 32  ]    -9.752   382.108   0.558 100000.000 [ 1  1  1]   2  0.114  2.510  2.179
  7  204 softmutate  [     8 32  ]    -9.752   382.121   0.558     -9.752 [ 1  1  1]   2  0.123  2.778  2.432
  7  205 softmutate  [     8 32  ]    -9.737   383.505   0.556 100000.000 [ 1  1  1]  15  0.204  2.215  1.620
  7  206 keptBest    [     8 32  ]    -9.753   382.080   0.558 100000.000 [ 1  1  1]   2  0.054  2.032  1.938
  7  207 keptBest    [     8 32  ]    -9.737   383.498   0.556 100000.000 [ 1  1  1]  15  0.151  1.853  1.534
  7  208 keptBest    [     8 32  ]    -9.729   383.196   0.556 100000.000 [ 1  1  1]   4  0.105  1.863  1.667
  7  209 keptBest    [     8 32  ]    -9.642   385.456   0.553     -9.642 [ 1  1  1]   2  0.098  1.962  1.765
  7  210 keptBest    [     8 32  ]    -9.560   387.092   0.551     -9.560 [ 1  1  1]   1  0.097  1.878  1.697
  8  211  Heredity   [     8 32  ]    -9.685   384.009   0.555     -9.685 [ 1  1  1] 114  0.166  2.072  1.632
  8  212  Heredity   [     8 32  ]    -9.502   389.690   0.547     -9.502 [ 1  1  1]   8  0.208  2.385  1.704
  8  213  Heredity   [     8 32  ]    -9.729   383.200   0.556 100000.000 [ 1  1  1]   4  0.179  2.425  1.896
  8  214  Heredity   [     8 32  ]    -9.752   382.102   0.558     -9.752 [ 1  1  1]  15  0.128  2.924  2.571
  8  215  Heredity   [     8 32  ]    -9.446   389.957   0.547 100000.000 [ 1  1  1]   2  0.213  2.127  1.519
  8  216  Heredity   [     8 32  ]    -9.498   389.385   0.547     -9.498 [ 1  1  1]   2  0.224  2.161  1.521
  8  217  Heredity   [     8 32  ]    -9.324   394.216   0.541     -9.324 [ 1  1  1]   2  0.218  2.158  1.520
  8  218  Heredity   [     8 32  ]    -9.729   383.189   0.556     -9.729 [ 1  1  1]   4  0.151  2.084  1.684
  8  219  Heredity   [     8 32  ]    -9.737   383.514   0.556 100000.000 [ 1  1  1]  15  0.194  2.099  1.550
  8  220  Random     [     8 32  ]    -9.527   389.785   0.547     -9.527 [ 1  1  1]   2  0.121  2.363  2.018
  8  221  Random     [     8 32  ]    -8.960   403.951   0.528     -8.960 [ 1  1  1]   1  0.227  2.400  1.727
  8  222  Random     [     8 32  ]    -9.651   384.763   0.554     -9.651 [ 1  1  1] 142  0.054  1.890  1.817
  8  223  Random     [     8 32  ]    -9.729   383.211   0.556 100000.000 [ 1  1  1]   4  0.175  2.297  1.785
  8  224  Rotate     [     8 32  ]    -9.753   382.072   0.558 100000.000 [ 1  1  1]   2  0.134  2.442  2.040
  8  225  Rotate     [     8 32  ]    -9.737   383.496   0.556 100000.000 [ 1  1  1]  15  0.197  2.150  1.584
  8  226  Rotate     [     8 32  ]    -9.704   384.033   0.555 100000.000 [ 1  1  1]  14  0.194  2.083  1.533
  8  227  Rotate     [     8 32  ]    -9.704   384.015   0.555     -9.704 [ 1  1  1]  14  0.202  2.149  1.570
  8  228  Rotate     [     8 32  ]    -9.504   389.585   0.547     -9.504 [ 1  1  1]   2  0.097  1.999  1.787
  8  229  Rotate     [     8 32  ]    -9.737   383.497   0.556 100000.000 [ 1  1  1]  15  0.197  2.204  1.625
  8  230  Rotate     [     8 32  ]    -9.754   382.070   0.558     -9.754 [ 1  1  1]   2  0.083  2.132  1.926
  8  231 softmutate  [     8 32  ]    -9.582   387.579   0.550 100000.000 [ 1  1  1]  36  0.164  2.085  1.665
  8  232 softmutate  [     8 32  ]    -9.704   384.023   0.555 100000.000 [ 1  1  1]  14  0.198  2.268  1.704
  8  233 softmutate  [     8 32  ]    -9.642   385.453   0.553 100000.000 [ 1  1  1]   2  0.098  1.962  1.765
  8  234 softmutate  [     8 32  ]    -9.704   384.027   0.555 100000.000 [ 1  1  1]  14  0.203  2.401  1.817
  8  235 softmutate  [     8 32  ]    -9.752   382.112   0.558 100000.000 [ 1  1  1]   2  0.120  2.900  2.572
  8  236 softmutate  [     8 32  ]    -9.754   382.069   0.558 100000.000 [ 1  1  1]   2  0.109  2.251  1.948
  8  237 softmutate  [     8 32  ]    -9.738   383.491   0.556     -9.738 [ 1  1  1]  15  0.197  2.151  1.585
  8  238 keptBest    [     8 32  ]    -9.754   382.070   0.558 100000.000 [ 1  1  1]   2  0.055  2.032  1.937
  8  239 keptBest    [     8 32  ]    -9.737   383.495   0.556 100000.000 [ 1  1  1]  15  0.151  1.853  1.534
  8  240 keptBest    [     8 32  ]    -9.729   383.196   0.556 100000.000 [ 1  1  1]   4  0.105  1.863  1.667
  8  241 keptBest    [     8 32  ]    -9.684   384.047   0.555 100000.000 [ 1  1  1] 114  0.124  1.849  1.614
  8  242 keptBest    [     8 32  ]    -9.643   385.419   0.553     -9.643 [ 1  1  1]   1  0.098  1.962  1.766
  9  243  Heredity   [     8 32  ]    -9.730   383.179   0.556 100000.000 [ 1  1  1]   4  0.143  2.032  1.663
  9  244  Heredity   [     8 32  ]    -9.207   397.153   0.537     -9.207 [ 1  1  1]   1  0.218  2.260  1.634
  9  245  Heredity   [     8 32  ]    -9.565   387.722   0.550     -9.565 [ 1  1  1]  61  0.178  2.323  1.818
  9  246  Heredity   [     8 32  ]    -9.589   386.727   0.551     -9.589 [ 1  1  1]   1  0.140  2.475  2.087
  9  247  Heredity   [     8 32  ]    -9.563   388.492   0.549     -9.563 [ 1  1  1]  14  0.191  2.492  1.941
  9  248  Heredity   [     8 32  ]    -9.465   389.513   0.547 100000.000 [ 1  1  1]   1  0.234  2.257  1.566
  9  249  Heredity   [     8 32  ]    -9.753   382.095   0.558 100000.000 [ 1  1  1]   2  0.146  2.756  2.333
  9  250  Heredity   [     8 32  ]    -9.738   383.483   0.556     -9.738 [ 1  1  1]  15  0.184  2.025  1.530
  9  251  Heredity   [     8 32  ]    -9.450   391.096   0.545 100000.000 [ 1  1  1]   1  0.215  2.236  1.608
  9  252  Heredity   [     8 32  ]    -9.754   382.061   0.558     -9.754 [ 1  1  1]   2  0.121  2.414  2.061
  9  253  Random     [     8 32  ]    -9.482   389.136   0.548     -9.482 [ 1  1  1]   2  0.121  1.848  1.603
  9  254  Random     [     8 32  ]    -9.528   389.767   0.547     -9.528 [ 1  1  1]   2  0.077  2.152  2.005
  9  255  Random     [     8 32  ]    -9.751   382.138   0.558 100000.000 [ 1  1  1]  15  0.126  2.522  2.154
  9  256  Random     [     8 32  ]    -9.729   383.203   0.556 100000.000 [ 1  1  1]   4  0.169  2.265  1.790
  9  257  Random     [     8 32  ]    -9.490   390.689   0.545     -9.490 [ 1  1  1]  62  0.210  2.303  1.658
  9  258  Rotate     [     8 32  ]    -9.754   382.069   0.558 100000.000 [ 1  1  1]   2  0.083  2.132  1.926
  9  259  Rotate     [     8 32  ]    -9.704   384.020   0.555 100000.000 [ 1  1  1]  14  0.198  2.106  1.530
  9  260  Rotate     [     8 32  ]    -9.488   389.402   0.547 100000.000 [ 1  1  1]   1  0.218  2.327  1.695
  9  261  Rotate     [     8 32  ]    -9.704   384.024   0.555 100000.000 [ 1  1  1]  14  0.208  2.227  1.619
  9  262  Rotate     [     8 32  ]    -9.502   389.688   0.547     -9.502 [ 1  1  1]   8  0.208  2.384  1.704
  9  263  Rotate     [     8 32  ]    -9.752   382.106   0.558 100000.000 [ 1  1  1]  15  0.128  2.924  2.571
  9  264  Rotate     [     8 32  ]    -9.753   382.073   0.558 100000.000 [ 1  1  1]   2  0.083  2.133  1.926
  9  265 softmutate  [     8 32  ]    -9.730   383.181   0.556     -9.730 [ 1  1  1]   4  0.175  2.298  1.786
  9  266 softmutate  [     8 32  ]    -9.527   389.785   0.547 100000.000 [ 1  1  1]   2  0.120  2.368  2.024
  9  267 softmutate  [     8 32  ]    -9.705   384.010   0.555     -9.705 [ 1  1  1]  14  0.202  2.160  1.575
  9  268 softmutate  [     8 32  ]    -9.504   389.580   0.547     -9.504 [ 1  1  1]   2  0.097  1.999  1.787
  9  269 softmutate  [     8 32  ]    -9.684   384.016   0.555 100000.000 [ 1  1  1] 114  0.166  2.071  1.631
  9  270 softmutate  [     8 32  ]    -9.684   384.016   0.555     -9.684 [ 1  1  1] 114  0.184  2.201  1.691
  9  271 softmutate  [     8 32  ]    -9.578   386.890   0.551     -9.578 [ 1  1  1]   9  0.206  2.356  1.758
  9  272 keptBest    [     8 32  ]    -9.754   382.070   0.558     -9.754 [ 1  1  1]   2  0.055  2.032  1.937
  9  273 keptBest    [     8 32  ]    -9.752   382.102   0.558 100000.000 [ 1  1  1]  15  0.055  2.032  1.938
  9  274 keptBest    [     8 32  ]    -9.738   383.491   0.556 100000.000 [ 1  1  1]  15  0.151  1.853  1.534
  9  275 keptBest    [     8 32  ]    -9.729   383.189   0.556     -9.729 [ 1  1  1]   4  0.105  1.864  1.667
  9  276 keptBest    [     8 32  ]    -9.685   384.009   0.555     -9.685 [ 1  1  1] 114  0.124  1.849  1.613
 10  277  Heredity   [     8 32  ]    -9.729   383.209   0.556     -9.729 [ 1  1  1]   1  0.165  2.455  1.993
 10  278  Heredity   [     8 32  ]    -9.731   383.142   0.556 100000.000 [ 1  1  1]   1  0.164  2.211  1.755
 10  279  Heredity   [     8 32  ]    -9.738   383.468   0.556     -9.738 [ 1  1  1]  15  0.190  2.099  1.549
 10  280  Heredity   [     8 32  ]    -9.752   382.104   0.558 100000.000 [ 1  1  1]   2  0.113  2.349  2.024
 10  281  Heredity   [     8 32  ]    -9.558   387.673   0.550 100000.000 [ 1  1  1]   1  0.227  2.272  1.605
 10  282  Heredity   [     8 32  ]    -9.547   388.715   0.548     -9.547 [ 1  1  1]   2  0.179  2.271  1.782
 10  283  Heredity   [     8 32  ]    -9.752   382.112   0.558     -9.752 [ 1  1  1]   2  0.121  2.414  2.061
 10  284  Heredity   [     8 32  ]    -9.738   383.488   0.556     -9.738 [ 1  1  1]  15  0.194  2.513  1.942
 10  285  Heredity   [     8 32  ]    -9.258   397.572   0.536     -9.258 [ 1  1  1]   1  0.231  2.336  1.653
 10  286  Heredity   [     8 32  ]    -9.478   389.913   0.547     -9.478 [ 1  1  1]   1  0.225  2.084  1.439
 10  287  Random     [     8 32  ]    -9.527   389.781   0.547     -9.527 [ 1  1  1]  63  0.141  2.589  2.164
 10  288  Random     [     8 32  ]    -9.552   388.618   0.548     -9.552 [ 1  1  1]   7  0.113  2.472  2.141
 10  289  Random     [     8 32  ]    -9.644   385.184   0.553     -9.644 [ 1  1  1]   1  0.211  2.318  1.694
 10  290  Random     [     8 32  ]    -9.564   387.754   0.550 100000.000 [ 1  1  1]  61  0.165  2.082  1.634
 10  291  Rotate     [     8 32  ]    -9.729   383.190   0.556 100000.000 [ 1  1  1]   4  0.151  2.084  1.684
 10  292  Rotate     [     8 32  ]    -9.737   383.493   0.556 100000.000 [ 1  1  1]  15  0.208  2.291  1.663
 10  293  Rotate     [     8 32  ]    -9.737   383.496   0.556 100000.000 [ 1  1  1]  15  0.198  2.192  1.625
 10  294  Rotate     [     8 32  ]    -9.731   383.140   0.556     -9.731 [ 1  1  1]   1  0.140  2.020  1.666
 10  295  Rotate     [     8 32  ]    -9.645   385.164   0.553     -9.645 [ 1  1  1]   1  0.157  1.796  1.480
 10  296  Rotate     [     8 32  ]    -9.730   383.177   0.556 100000.000 [ 1  1  1]   4  0.170  2.266  1.791
 10  297  Rotate     [     8 32  ]    -9.738   383.490   0.556 100000.000 [ 1  1  1]  15  0.202  2.225  1.620
 10  298 softmutate  [     8 32  ]    -9.752   382.099   0.558 100000.000 [ 1  1  1]   2  0.110  2.294  1.981
 10  299 softmutate  [     8 32  ]    -9.705   384.004   0.555     -9.705 [ 1  1  1]  14  0.208  2.227  1.619
 10  300 softmutate  [     8 32  ]    -9.684   384.025   0.555 100000.000 [ 1  1  1] 114  0.176  2.136  1.657
 10  301 softmutate  [     8 32  ]    -9.518   389.423   0.547     -9.518 [ 1  1  1]   1  0.158  2.045  1.649
 10  302 softmutate  [     8 32  ]    -9.684   384.015   0.555     -9.684 [ 1  1  1] 114  0.166  2.071  1.631
 10  303 softmutate  [     8 32  ]    -9.753   382.073   0.558 100000.000 [ 1  1  1]   2  0.083  2.132  1.926
 10  304 keptBest    [     8 32  ]    -9.754   382.061   0.558     -9.754 [ 1  1  1]   2  0.055  2.032  1.937
 10  305 keptBest    [     8 32  ]    -9.738   383.483   0.556 100000.000 [ 1  1  1]  15  0.151  1.853  1.534
 10  306 keptBest    [     8 32  ]    -9.729   383.189   0.556 100000.000 [ 1  1  1]   4  0.105  1.864  1.667
 10  307 keptBest    [     8 32  ]    -9.565   387.722   0.550     -9.565 [ 1  1  1]  61  0.132  1.869  1.609
 10  308 keptBest    [     8 32  ]    -9.528   389.767   0.547     -9.528 [ 1  1  1]   2  0.077  2.152  2.005
 11  309  Heredity   [     8 32  ]    -9.752   382.107   0.558 100000.000 [ 1  1  1]  13  0.140  2.845  2.452
 11  310  Heredity   [     8 32  ]    -9.754   382.069   0.558 100000.000 [ 1  1  1]  13  0.133  2.661  2.276
 11  311  Heredity   [     8 32  ]    -9.754   382.057   0.558 100000.000 [ 1  1  1]   2  0.116  2.303  1.974
 11  312  Heredity   [     8 32  ]    -9.549   388.681   0.548     -9.549 [ 1  1  1]   2  0.189  2.665  2.140
 11  313  Heredity   [     8 32  ]    -9.753   382.094   0.558 100000.000 [ 1  1  1]  15  0.098  2.227  1.957
 11  314  Heredity   [     8 32  ]    -9.552   388.601   0.548 100000.000 [ 1  1  1]   9  0.126  2.635  2.248
 11  315  Heredity   [     8 32  ]    -9.553   388.584   0.548 100000.000 [ 1  1  1]  31  0.125  2.585  2.203
 11  316  Heredity   [     8 32  ]    -9.137   400.063   0.533     -9.137 [ 1  1  1]   2  0.224  1.970  1.354
 11  317  Heredity   [     8 32  ]    -9.729   383.197   0.556     -9.729 [ 1  1  1]   1  0.163  2.381  1.926
 11  318  Heredity   [     8 32  ]    -9.754   382.047   0.558     -9.754 [ 1  1  1]   2  0.112  2.347  2.024
 11  319  Random     [     8 32  ]    -9.528   389.758   0.547     -9.528 [ 1  1  1]   2  0.135  2.538  2.134
 11  320  Random     [     8 32  ]    -9.507   389.256   0.547     -9.507 [ 1  1  1]   4  0.119  2.413  2.067
 11  321  Random     [     8 32  ]    -9.466   390.912   0.545     -9.466 [ 1  1  1]  14  0.105  2.157  1.934
 11  322  Random     [     8 32  ]    -9.440   390.890   0.545 100000.000 [ 1  1  1]   1  0.228  2.324  1.660
 11  323  Random     [     8 32  ]    -9.596   386.812   0.551     -9.596 [ 1  1  1]  14  0.168  2.475  1.976
 11  324  Random     [     8 32  ]    -9.465   389.915   0.547     -9.465 [ 1  1  1]   2  0.223  2.485  1.814
 11  325  Random     [     8 32  ]    -9.512   389.016   0.548     -9.512 [ 1  1  1]  14  0.203  2.174  1.576
 11  326  Rotate     [     8 32  ]    -9.754   382.061   0.558 100000.000 [ 1  1  1]   2  0.099  2.231  1.957
 11  327  Rotate     [     8 32  ]    -9.705   384.014   0.555 100000.000 [ 1  1  1]  14  0.184  2.440  1.923
 11  328  Rotate     [     8 32  ]    -9.705   384.006   0.555 100000.000 [ 1  1  1]  14  0.208  2.230  1.619
 11  329  Rotate     [     8 32  ]    -9.738   383.491   0.556     -9.738 [ 1  1  1]  15  0.193  2.577  2.012
 11  330  Rotate     [     8 32  ]    -9.705   384.000   0.555     -9.705 [ 1  1  1]  14  0.189  2.009  1.505
 11  331  Rotate     [     8 32  ]    -9.738   383.491   0.556 100000.000 [ 1  1  1]  15  0.202  2.269  1.669
 11  332  Rotate     [     8 32  ]    -9.684   384.019   0.555 100000.000 [ 1  1  1] 114  0.176  2.136  1.658
 11  333 softmutate  [     8 32  ]    -9.739   383.460   0.556     -9.739 [ 1  1  1]  15  0.190  2.098  1.549
 11  334 softmutate  [     8 32  ]    -9.684   384.013   0.555     -9.684 [ 1  1  1] 114  0.176  2.136  1.658
 11  335 softmutate  [     8 32  ]    -9.645   385.169   0.553     -9.645 [ 1  1  1]   1  0.211  2.319  1.695
 11  336 softmutate  [     8 32  ]    -9.754   382.054   0.558 100000.000 [ 1  1  1]   2  0.122  2.414  2.061
 11  337 softmutate  [     8 32  ]    -9.645   385.168   0.553 100000.000 [ 1  1  1]   1  0.197  2.134  1.589
 11  338 softmutate  [     8 32  ]    -9.738   383.473   0.556 100000.000 [ 1  1  1]  15  0.208  2.301  1.670
 11  339 softmutate  [     8 32  ]    -9.752   382.108   0.558 100000.000 [ 1  1  1]   2  0.121  2.415  2.061
 11  340 keptBest    [     8 32  ]    -9.754   382.061   0.558 100000.000 [ 1  1  1]   2  0.055  2.032  1.937
 11  341 keptBest    [     8 32  ]    -9.738   383.468   0.556 100000.000 [ 1  1  1]  15  0.151  1.853  1.534
 11  342 keptBest    [     8 32  ]    -9.729   383.209   0.556     -9.729 [ 1  1  1]   1  0.105  1.863  1.667
 11  343 keptBest    [     8 32  ]    -9.565   387.722   0.550     -9.565 [ 1  1  1]  61  0.132  1.869  1.609
 11  344 keptBest    [     8 32  ]    -9.552   388.618   0.548     -9.552 [ 1  1  1]   7  0.077  2.283  2.121
