 ID    Origin    Enthalpy   Parent-E   Parent-ID
   1   Random      -0.237    -0.237  [         0]
   2   Random      -0.244    -0.244  [         0]
   3   Random      -0.236    -0.236  [         0]
   4   Random      -0.237    -0.237  [         0]
   5   Random      -0.244    -0.244  [         0]
   6   Random      -0.237    -0.237  [         0]
   7   Random      -0.243    -0.243  [         0]
   8   Random      -0.238    -0.238  [         0]
   9   Random      -0.241    -0.241  [         0]
  10   Random      -0.244    -0.244  [         0]
  11   Random      -0.237    -0.237  [         0]
  12   Random      -0.237    -0.237  [         0]
  13   Random      -0.243    -0.243  [         0]
  14   Random      -0.239    -0.239  [         0]
  15   Random      -0.241    -0.241  [         0]
  16   Random      -0.236    -0.236  [         0]
  17   Random      -0.230    -0.230  [         0]
  18   Random      -0.244    -0.244  [         0]
  19   Random      -0.237    -0.237  [         0]
  20   Random      -0.238    -0.238  [         0]
  21   Random      -0.243    -0.243  [         0]
  22   Random      -0.236    -0.236  [         0]
  23   Random      -0.237    -0.237  [         0]
  24   Random      -0.242    -0.242  [         0]
  25   Random      -0.244    -0.244  [         0]
  26  Heredity     -0.241    -0.241  [    14   5]
  27  Heredity     -0.238    -0.239  [      4  9]
  28  Heredity     -0.236    -0.243  [     2  24]
  29  Heredity     -0.239    -0.240  [     9  14]
  30  Heredity     -0.244    -0.241  [    15   9]
  31  Heredity     -0.239    -0.244  [      7  2]
  32  Heredity     -0.238    -0.241  [    24  14]
  33  Heredity     -0.244    -0.240  [    19   2]
  34  Heredity     -0.235    -0.239  [    19  24]
  35  Heredity     -0.243    -0.242  [     5  15]
  36  Heredity     -0.239    -0.242  [    15   5]
  37  Random       -0.240    -0.240  [         0]
  38  Rotate       -0.243    -0.243  [         7]
  39  Rotate       -0.243    -0.243  [         7]
  40 softmutate    -0.244    -0.244  [         5]
  41 softmutate    -0.243    -0.243  [         7]
  42 softmutate    -0.244    -0.244  [         2]
  43 softmutate    -0.241    -0.241  [         9]
  44 keptBest      -0.244    -0.244  [         2]
  45 keptBest      -0.243    -0.243  [         7]
  46 keptBest      -0.241    -0.241  [         9]
  47 keptBest      -0.239    -0.239  [        14]
  48 keptBest      -0.238    -0.238  [        20]
  49  Heredity     -0.236    -0.242  [    41  37]
  50  Heredity     -0.243    -0.241  [    44  34]
  51  Heredity     -0.244    -0.244  [    45  33]
  52  Heredity     -0.243    -0.241  [    44  47]
  53  Heredity     -0.237    -0.241  [    29  41]
  54  Heredity     -0.243    -0.244  [    33  41]
  55  Heredity     -0.243    -0.241  [    44  37]
  56  Heredity     -0.238    -0.243  [    41  45]
  57  Heredity     -0.238    -0.243  [    45  41]
  58  Heredity     -0.238    -0.243  [    26  45]
  59  Random       -0.244    -0.244  [         0]
  60  Random       -0.243    -0.243  [         0]
  61  Random       -0.244    -0.244  [         0]
  62  Random       -0.237    -0.237  [         0]
  63  Random       -0.239    -0.239  [         0]
  64  Random       -0.236    -0.236  [         0]
  65  Rotate       -0.244    -0.244  [        33]
  66  Rotate       -0.238    -0.241  [        26]
  67  Rotate       -0.244    -0.239  [        31]
  68  Rotate       -0.238    -0.243  [        45]
  69  Rotate       -0.235    -0.241  [        26]
  70  Rotate       -0.243    -0.243  [        45]
  71 softmutate    -0.244    -0.244  [        33]
  72 softmutate    -0.239    -0.239  [        31]
  73 softmutate    -0.239    -0.239  [        47]
  74 softmutate    -0.238    -0.238  [        48]
  75 softmutate    -0.244    -0.244  [        33]
  76 softmutate    -0.243    -0.243  [        45]
  77 softmutate    -0.239    -0.239  [        31]
  78 keptBest      -0.244    -0.244  [        33]
  79 keptBest      -0.243    -0.243  [        41]
  80 keptBest      -0.243    -0.243  [        45]
  81 keptBest      -0.241    -0.241  [        46]
  82 keptBest      -0.241    -0.241  [        26]
  83  Heredity     -0.244    -0.243  [    65  60]
  84  Heredity     -0.239    -0.243  [    55  54]
  85  Heredity     -0.244    -0.241  [    73  78]
  86  Heredity     -0.236    -0.243  [    54  76]
  87  Heredity     -0.243    -0.243  [    76  55]
  88  Heredity     -0.227    -0.241  [    54  74]
  89  Heredity     -0.243    -0.243  [    65  60]
  90  Heredity     -0.239    -0.241  [    73  65]
  91  Heredity     -0.241    -0.243  [    55  60]
  92  Heredity     -0.244    -0.244  [    78  54]
  93  Random       -0.234    -0.234  [         0]
  94  Random       -0.237    -0.237  [         0]
  95  Random       -0.238    -0.238  [         0]
  96  Rotate       -0.244    -0.244  [        78]
  97  Rotate       -0.244    -0.244  [        65]
  98  Rotate       -0.241    -0.241  [        82]
  99  Rotate       -0.243    -0.243  [        55]
 100  Rotate       -0.243    -0.243  [        54]
 101  Rotate       -0.239    -0.244  [        78]
 102 softmutate    -0.243    -0.243  [        76]
 103 softmutate    -0.243    -0.243  [        55]
 104 softmutate    -0.244    -0.244  [        65]
 105 softmutate    -0.244    -0.244  [        78]
 106 softmutate    -0.243    -0.243  [        76]
 107 softmutate    -0.243    -0.243  [        54]
 108 softmutate    -0.243    -0.243  [        60]
 109 keptBest      -0.244    -0.244  [        65]
 110 keptBest      -0.243    -0.243  [        54]
 111 keptBest      -0.241    -0.241  [        81]
 112 keptBest      -0.239    -0.239  [        73]
 113 keptBest      -0.238    -0.238  [        68]
 114  Heredity     -0.238    -0.243  [  109   89]
 115  Heredity     -0.235    -0.242  [    98  92]
 116  Heredity     -0.244    -0.241  [   89  112]
 117  Heredity     -0.243    -0.243  [  107   89]
 118  Heredity     -0.236    -0.239  [    95  91]
 119  Heredity     -0.243    -0.242  [  109  101]
 120  Heredity     -0.238    -0.243  [    92  98]
 121  Heredity     -0.238    -0.242  [  106  111]
 122  Heredity     -0.244    -0.243  [  107  108]
 123  Random       -0.238    -0.238  [         0]
 124  Random       -0.237    -0.237  [         0]
 125  Random       -0.244    -0.244  [         0]
 126  Random       -0.244    -0.244  [         0]
 127  Random       -0.238    -0.238  [         0]
 128  Rotate       -0.243    -0.243  [       107]
 129  Rotate       -0.243    -0.243  [        89]
 130  Rotate       -0.238    -0.244  [       109]
 131  Rotate       -0.243    -0.243  [       107]
 132  Rotate       -0.236    -0.241  [        91]
 133  Rotate       -0.243    -0.243  [       107]
 134  Rotate       -0.241    -0.241  [        98]
 135 softmutate    -0.243    -0.243  [       107]
 136 softmutate    -0.243    -0.243  [       107]
 137 softmutate    -0.244    -0.244  [       109]
 138 softmutate    -0.243    -0.243  [       107]
 139 softmutate    -0.244    -0.244  [       109]
 140 softmutate    -0.239    -0.239  [       112]
 141 softmutate    -0.237    -0.234  [        93]
 142 keptBest      -0.244    -0.244  [        92]
 143 keptBest      -0.244    -0.244  [       109]
 144 keptBest      -0.243    -0.243  [       107]
 145 keptBest      -0.241    -0.241  [       111]
 146 keptBest      -0.241    -0.241  [        91]
 147  Heredity     -0.243    -0.244  [  136  137]
 148  Heredity     -0.238    -0.244  [  137  142]
 149  Heredity     -0.244    -0.243  [  137  117]
 150  Heredity     -0.236    -0.244  [  136  137]
 151  Heredity     -0.244    -0.240  [  134  127]
 152  Heredity     -0.235    -0.244  [  144  142]
 153  Heredity     -0.239    -0.244  [  137  144]
 154  Heredity     -0.243    -0.239  [  120  146]
 155  Heredity     -0.239    -0.243  [  129  117]
 156  Heredity     -0.244    -0.244  [  142  137]
 157  Random       -0.243    -0.243  [         0]
 158  Random       -0.238    -0.238  [         0]
 159  Random       -0.241    -0.241  [         0]
 160  Rotate       -0.243    -0.243  [       144]
 161  Rotate       -0.241    -0.243  [       136]
 162  Rotate       -0.243    -0.244  [       142]
 163  Rotate       -0.244    -0.243  [       144]
 164  Rotate       -0.243    -0.243  [       144]
 165  Rotate       -0.243    -0.241  [       146]
 166  Rotate       -0.243    -0.243  [       117]
 167 softmutate    -0.243    -0.243  [       129]
 168 softmutate    -0.243    -0.243  [       136]
 169 softmutate    -0.243    -0.243  [       129]
 170 softmutate    -0.243    -0.243  [       129]
 171 softmutate    -0.243    -0.243  [       144]
 172 softmutate    -0.241    -0.241  [       145]
 173 softmutate    -0.244    -0.244  [       142]
 174 keptBest      -0.244    -0.244  [       142]
 175 keptBest      -0.243    -0.243  [       136]
 176 keptBest      -0.241    -0.241  [       145]
 177 keptBest      -0.239    -0.239  [       140]
 178 keptBest      -0.238    -0.238  [       120]
 179  Heredity     -0.244    -0.243  [  168  176]
 180  Heredity     -0.235    -0.243  [  159  168]
 181  Heredity     -0.243    -0.244  [  149  174]
 182  Heredity     -0.244    -0.241  [  174  153]
 183  Heredity     -0.243    -0.242  [  166  159]
 184  Heredity     -0.244    -0.244  [  174  149]
 185  Heredity     -0.233    -0.243  [  174  147]
 186  Heredity     -0.244    -0.241  [  174  155]
 187  Heredity     -0.243    -0.242  [  177  168]
 188  Heredity     -0.236    -0.243  [  161  147]
 189  Random       -0.240    -0.240  [         0]
 190  Random       -0.238    -0.238  [         0]
 191  Random       -0.242    -0.242  [         0]
 192  Random       -0.238    -0.238  [         0]
 193  Random       -0.244    -0.244  [         0]
 194  Rotate       -0.239    -0.244  [       174]
 195  Rotate       -0.244    -0.239  [       155]
 196  Rotate       -0.237    -0.241  [       161]
 197  Rotate       -0.243    -0.243  [       168]
 198  Rotate       -0.243    -0.243  [       170]
 199  Rotate       -0.243    -0.243  [       168]
 200 softmutate    -0.241    -0.241  [       161]
 201 softmutate    -0.241    -0.244  [       149]
 202 softmutate    -0.244    -0.244  [       174]
 203 softmutate    -0.244    -0.244  [       174]
 204 softmutate    -0.244    -0.244  [       174]
 205 softmutate    -0.243    -0.243  [       168]
 206 keptBest      -0.244    -0.244  [       149]
 207 keptBest      -0.243    -0.243  [       168]
 208 keptBest      -0.243    -0.243  [       170]
 209 keptBest      -0.241    -0.241  [       176]
 210 keptBest      -0.239    -0.239  [       177]
 211  Heredity     -0.242    -0.243  [  197  198]
 212  Heredity     -0.238    -0.240  [  194  184]
 213  Heredity     -0.243    -0.242  [  209  184]
 214  Heredity     -0.244    -0.244  [  204  184]
 215  Heredity     -0.236    -0.243  [  191  198]
 216  Heredity     -0.237    -0.241  [  198  189]
 217  Heredity     -0.233    -0.244  [  198  204]
 218  Heredity     -0.243    -0.243  [  198  197]
 219  Heredity     -0.243    -0.243  [  197  187]
 220  Random       -0.238    -0.238  [         0]
 221  Random       -0.224    -0.224  [         0]
 222  Random       -0.241    -0.241  [         0]
 223  Random       -0.243    -0.243  [         0]
 224  Rotate       -0.244    -0.244  [       184]
 225  Rotate       -0.243    -0.243  [       197]
 226  Rotate       -0.243    -0.243  [       198]
 227  Rotate       -0.243    -0.243  [       197]
 228  Rotate       -0.238    -0.241  [       201]
 229  Rotate       -0.243    -0.243  [       197]
 230  Rotate       -0.244    -0.244  [       184]
 231 softmutate    -0.240    -0.240  [       189]
 232 softmutate    -0.243    -0.243  [       187]
 233 softmutate    -0.241    -0.241  [       209]
 234 softmutate    -0.243    -0.243  [       187]
 235 softmutate    -0.244    -0.244  [       204]
 236 softmutate    -0.244    -0.244  [       184]
 237 softmutate    -0.243    -0.243  [       197]
 238 keptBest      -0.244    -0.244  [       184]
 239 keptBest      -0.243    -0.243  [       197]
 240 keptBest      -0.243    -0.243  [       198]
 241 keptBest      -0.242    -0.242  [       191]
 242 keptBest      -0.241    -0.241  [       200]
 243  Heredity     -0.243    -0.243  [  237  227]
 244  Heredity     -0.230    -0.242  [  227  211]
 245  Heredity     -0.239    -0.243  [  227  237]
 246  Heredity     -0.240    -0.243  [  214  211]
 247  Heredity     -0.239    -0.244  [  218  214]
 248  Heredity     -0.237    -0.241  [  216  214]
 249  Heredity     -0.244    -0.243  [  222  237]
 250  Heredity     -0.243    -0.243  [  218  237]
 251  Heredity     -0.236    -0.240  [  211  216]
 252  Heredity     -0.244    -0.243  [  218  230]
 253  Random       -0.237    -0.237  [         0]
 254  Random       -0.238    -0.238  [         0]
 255  Random       -0.244    -0.244  [         0]
 256  Random       -0.243    -0.243  [         0]
 257  Random       -0.237    -0.237  [         0]
 258  Rotate       -0.244    -0.244  [       230]
 259  Rotate       -0.243    -0.243  [       237]
 260  Rotate       -0.237    -0.244  [       214]
 261  Rotate       -0.243    -0.243  [       227]
 262  Rotate       -0.238    -0.238  [       212]
 263  Rotate       -0.244    -0.244  [       214]
 264  Rotate       -0.244    -0.244  [       230]
 265 softmutate    -0.243    -0.243  [       227]
 266 softmutate    -0.238    -0.238  [       220]
 267 softmutate    -0.243    -0.243  [       227]
 268 softmutate    -0.238    -0.238  [       228]
 269 softmutate    -0.242    -0.242  [       211]
 270 softmutate    -0.242    -0.242  [       211]
 271 softmutate    -0.239    -0.244  [       214]
 272 keptBest      -0.244    -0.244  [       230]
 273 keptBest      -0.244    -0.244  [       214]
 274 keptBest      -0.243    -0.243  [       237]
 275 keptBest      -0.243    -0.243  [       218]
 276 keptBest      -0.242    -0.242  [       211]
 277  Heredity     -0.243    -0.242  [  246  272]
 278  Heredity     -0.243    -0.240  [  245  252]
 279  Heredity     -0.243    -0.243  [  250  265]
 280  Heredity     -0.244    -0.244  [  272  250]
 281  Heredity     -0.239    -0.243  [  267  265]
 282  Heredity     -0.239    -0.243  [  265  275]
 283  Heredity     -0.244    -0.243  [  275  252]
 284  Heredity     -0.243    -0.243  [  250  265]
 285  Heredity     -0.231    -0.243  [  252  265]
 286  Heredity     -0.237    -0.243  [  250  276]
 287  Random       -0.238    -0.238  [         0]
 288  Random       -0.239    -0.239  [         0]
 289  Random       -0.241    -0.241  [         0]
 290  Random       -0.239    -0.239  [         0]
 291  Rotate       -0.243    -0.243  [       275]
 292  Rotate       -0.243    -0.243  [       265]
 293  Rotate       -0.243    -0.242  [       270]
 294  Rotate       -0.243    -0.244  [       252]
 295  Rotate       -0.241    -0.243  [       275]
 296  Rotate       -0.243    -0.242  [       276]
 297  Rotate       -0.243    -0.243  [       250]
 298 softmutate    -0.244    -0.240  [       246]
 299 softmutate    -0.243    -0.243  [       267]
 300 softmutate    -0.242    -0.242  [       270]
 301 softmutate    -0.238    -0.237  [       253]
 302 softmutate    -0.242    -0.242  [       270]
 303 softmutate    -0.244    -0.244  [       272]
 304 keptBest      -0.244    -0.244  [       252]
 305 keptBest      -0.243    -0.243  [       250]
 306 keptBest      -0.243    -0.243  [       275]
 307 keptBest      -0.239    -0.239  [       245]
 308 keptBest      -0.238    -0.238  [       254]
 309  Heredity     -0.244    -0.243  [  304  277]
 310  Heredity     -0.244    -0.244  [  304  283]
 311  Heredity     -0.244    -0.244  [  304  294]
 312  Heredity     -0.239    -0.244  [  284  304]
 313  Heredity     -0.244    -0.243  [  283  295]
 314  Heredity     -0.239    -0.239  [  282  308]
 315  Heredity     -0.239    -0.241  [  284  288]
 316  Heredity     -0.228    -0.244  [  284  304]
 317  Heredity     -0.243    -0.243  [  277  304]
 318  Heredity     -0.244    -0.243  [  304  295]
 319  Random       -0.238    -0.238  [         0]
 320  Random       -0.238    -0.238  [         0]
 321  Random       -0.237    -0.237  [         0]
 322  Random       -0.236    -0.236  [         0]
 323  Random       -0.240    -0.240  [         0]
 324  Random       -0.237    -0.237  [         0]
 325  Random       -0.238    -0.238  [         0]
 326  Rotate       -0.244    -0.244  [       304]
 327  Rotate       -0.243    -0.243  [       284]
 328  Rotate       -0.243    -0.243  [       299]
 329  Rotate       -0.243    -0.243  [       284]
 330  Rotate       -0.243    -0.242  [       302]
 331  Rotate       -0.243    -0.243  [       284]
 332  Rotate       -0.242    -0.242  [       302]
 333 softmutate    -0.243    -0.243  [       279]
 334 softmutate    -0.242    -0.242  [       302]
 335 softmutate    -0.241    -0.241  [       289]
 336 softmutate    -0.244    -0.244  [       304]
 337 softmutate    -0.241    -0.244  [       283]
 338 softmutate    -0.243    -0.243  [       279]
 339 softmutate    -0.244    -0.244  [       283]
 340 keptBest      -0.244    -0.244  [       304]
 341 keptBest      -0.243    -0.243  [       279]
 342 keptBest      -0.243    -0.243  [       277]
 343 keptBest      -0.239    -0.239  [       307]
 344 keptBest      -0.239    -0.239  [       288]
