Gen   ID    Origin   Composition    Enthalpy   Volume  Density   Fitness   KPOINTS  SYMM  Q_entr A_order S_order
                                      (eV)     (A^3)  (g/cm^3)
  1   20   Random    [      8    ]   -70.285    51.237   3.114  -1910.014 [ 6  6  5] 140  0.002  2.440  2.444
  2   31   Random    [      8    ]   -72.711    45.608   3.498  -2209.043 [ 5  5  5] 227  0.000  3.596  3.601
  3   57 keptBest    [      8    ]   -72.711    45.608   3.498  -2209.043 [ 5  5  5] 227  0.000  3.596  3.601
  4   84   Random    [      8    ]   -72.712    45.571   3.501  -2210.427 [ 6  6  5] 227  0.000  3.614  3.620
  5  108 keptBest    [      8    ]   -72.712    45.571   3.501  -2210.427 [ 6  6  5] 227  0.000  3.614  3.620
  6  131 keptBest    [      8    ]   -72.712    45.571   3.501  -2210.427 [ 6  6  5] 227  0.000  3.614  3.620
  7  152 keptBest    [      8    ]   -72.712    45.571   3.501  -2210.427 [ 6  6  5] 227  0.000  3.614  3.620
  8  185 softmutate  [      8    ]   -72.514    45.725   3.489  -2221.928 [ 7  4  5] 194  0.000  2.945  2.951
  9  202 keptBest    [      8    ]   -72.514    45.725   3.489  -2221.928 [ 7  4  5] 194  0.000  2.945  2.951
 10  224 keptBest    [      8    ]   -72.514    45.725   3.489  -2221.928 [ 7  4  5] 194  0.000  2.945  2.951
 11  249 softmutate  [      8    ]   -72.513    45.724   3.490  -2222.234 [ 7  4  5] 194  0.001  2.933  2.939
 12  276 keptBest    [      8    ]   -72.513    45.724   3.490  -2222.234 [ 7  4  5] 194  0.001  2.933  2.939
 13  296 keptBest    [      8    ]   -72.513    45.724   3.490  -2222.234 [ 7  4  5] 194  0.001  2.933  2.939
 14  322 keptBest    [      8    ]   -72.513    45.724   3.490  -2222.234 [ 7  4  5] 194  0.001  2.933  2.939
 15  346 keptBest    [      8    ]   -72.513    45.724   3.490  -2222.234 [ 7  4  5] 194  0.001  2.933  2.939
