  ID   Compositions    Enthalpies    Volumes    fitness  SYMM
                       (eV/atom)    (A^3/atom)    ()         
 249  [      8    ]     -9.0642      5.7155   -2222.2344   194
  84  [      8    ]     -9.0891      5.6964   -2210.4269   227
 168  [      8    ]     -8.7826      5.7397   -2160.3742    20
 245  [      8    ]     -8.9597      5.8637   -2120.2801    65
 213  [      8    ]     -8.6353      5.7822   -2110.2127     2
 156  [      8    ]     -8.8862      5.9645   -2091.7816    12
 257  [      8    ]     -8.9267      5.9732   -2089.2566    12
 223  [      8    ]     -8.2305      5.6863   -2080.9682    88
 234  [      8    ]     -8.7812      5.9357   -2069.9998     2
 121  [      8    ]     -8.5817      5.9635   -2035.9665     5
 289  [      8    ]     -8.8823      6.0277   -2028.5796    64
  58  [      8    ]     -8.8924      6.0219   -2019.1074   139
 138  [      8    ]     -8.6270      5.9545   -2017.7874    15
 290  [      8    ]     -8.8077      6.0496   -1979.5407    63
 302  [      8    ]     -8.8124      6.1233   -1974.7201    74
 101  [      8    ]     -8.7619      6.2757   -1967.5046    12
 329  [      8    ]     -8.6714      6.1275   -1930.9703     2
 161  [      8    ]     -8.6542      6.1993   -1930.7615     1
 261  [      8    ]     -8.7004      6.0876   -1922.1111     2
  66  [      8    ]     -8.7858      6.4040   -1913.1149   140
