Gen   ID    Origin   Composition    Enthalpy   Volume  Density   Fitness   KPOINTS  SYMM  Q_entr A_order S_order
                                      (eV)     (A^3)  (g/cm^3)
  1    1   Random    [      8    ]   -73.744    81.016   1.969        NaN [ 4  4  5]  12  0.000  2.856  2.862
  1    2   Random    [      8    ]   -65.870    56.105   2.844  -1510.070 [ 5  5  5]   1  0.161  1.800  1.507
  1    3   Random    [      8    ]   -65.644    70.433   2.265  -1001.278 [ 5  4  5]   1  0.162  1.834  1.528
  1    4   Random    [      8    ]   -66.412   131.530   1.213        NaN [ 3  3  7]   2  0.009  2.810  2.793
  1    5   Random    [      8    ]   -68.566    57.457   2.777  -1666.186 [ 6  6  4] 166  0.043  2.395  2.302
  1    6   Random    [      8    ]   -63.800    63.958   2.495  -1245.565 [ 4  4  7] 183  0.128  2.894  2.416
  1    7   Random    [      8    ]   -66.440    83.422   1.913   -793.698 [ 4  4  5]   1  0.173  1.985  1.605
  1    8   Random    [      8    ]   -73.712    78.999   2.020        NaN [ 5  5  4] 191  0.001  2.857  2.860
  1    9   Random    [      8    ]   -69.814    52.999   3.011  -1733.262 [ 6  6  4]  74  0.002  2.019  2.025
  1   10   Random    [      8    ]   -69.588    81.845   1.949        NaN [ 5  4  5]  12  0.003  2.314  2.315
  1   11   Random    [      8    ]   -61.951   104.856   1.522        NaN [ 4  6  3]   1  0.214  2.344  1.613
  1   12   Random    [      8    ]   -73.732    79.446   2.008        NaN [ 4  7  3]   1  0.003  2.967  2.966
  1   13   Random    [      8    ]   -69.221    56.362   2.831  -1688.283 [ 5  5  4]  12  0.069  2.174  2.037
  1   14   Random    [      8    ]   -69.092    59.342   2.689  -1388.290 [ 5  4  6]   2  0.175  1.760  1.420
  1   15   Random    [      8    ]   -73.744    78.249   2.039        NaN [ 3  5  7]  15  0.003  2.788  2.786
  1   16   Random    [      8    ]   -68.974    72.457   2.202  -1108.412 [ 4  5  4]  38  0.128  2.215  1.902
  1   17   Random    [      8    ]   -69.290    78.162   2.041  -1081.305 [ 5  5  4]  12  0.174  2.273  1.841
  1   18   Random    [      8    ]   -67.626    63.332   2.519  -1161.084 [ 5  4  5]   1  0.184  1.809  1.441
  1   19   Random    [      8    ]   -68.143    77.559   2.057        NaN [ 3  7  4]   2  0.132  2.360  2.046
  1   20   Random    [      8    ]   -70.285    51.237   3.114  -1910.014 [ 6  6  5] 140  0.002  2.440  2.444
  2   21  Heredity   [      8    ]   -67.496    65.324   2.442  -1282.104 [ 5  4  5]   2  0.136  1.884  1.633
  2   22  Heredity   [      8    ]   -67.470    62.737   2.543        NaN [ 6  6  4]   1  0.144  1.784  1.528
  2   23  Heredity   [      8    ]   -68.754    54.822   2.910  -1752.738 [ 6  6  4]   9  0.080  1.982  1.841
  2   24  Heredity   [      8    ]   -67.163    61.175   2.608  -1376.546 [ 6  5  4]   1  0.200  1.749  1.354
  2   25  Heredity   [      8    ]   -66.705    63.141   2.527  -1236.080 [ 6  6  4]   1  0.189  1.927  1.524
  2   26  Heredity   [      8    ]   -67.578    94.442   1.689   -756.110 [ 4  5  4]  15  0.115  2.168  1.914
  2   27  Heredity   [      8    ]   -66.935    51.972   3.070  -1718.425 [ 5  5  5]   1  0.183  1.635  1.315
  2   28  Heredity   [      8    ]   -64.340    55.650   2.867        NaN [ 5  6  4]   1  0.173  1.685  1.387
  2   29  Heredity   [      8    ]   -69.781    65.147   2.449  -1153.025 [ 4  6  4]  12  0.077  1.971  1.829
  2   30  Heredity   [      8    ]   -66.767    49.877   3.199        NaN [ 5  5  6]  12  0.085  1.751  1.618
  2   31   Random    [      8    ]   -72.711    45.608   3.498  -2209.043 [ 5  5  5] 227  0.000  3.596  3.601
  2   32 LatMutate   [      8    ]   -70.259    45.919   3.475  -2159.730 [ 7  4  4]  20  0.055  2.071  1.970
  2   33   Random    [      8    ]   -65.111    85.801   1.860   -670.681 [ 5  3  5]   2  0.151  2.127  1.773
  2   34 keptBest    [      8    ]   -70.285    51.237   3.114  -1910.014 [ 6  6  5] 140  0.002  2.440  2.444
  2   35   Random    [      8    ]   -64.155    96.115   1.660        NaN [ 5  5  3]   2  0.025  2.731  2.674
  2   36   Random    [      8    ]   -61.275    55.976   2.850  -1492.848 [ 5  5  5] 224  0.001  3.274  3.276
  2   37 keptBest    [      8    ]   -68.566    57.457   2.777  -1666.186 [ 6  6  4] 166  0.043  2.395  2.302
  2   38 LatMutate   [      8    ]   -65.557    76.023   2.099        NaN [ 4  4  5]   1  0.177  1.918  1.546
  2   39 softmutate  [      8    ]   -73.753    79.407   2.009  -1064.042 [ 4  8  3] 166  0.001  2.863  2.866
  2   40 softmutate  [      8    ]   -73.748    76.329   2.090  -1079.394 [ 4  7  3]  12  0.001  2.775  2.778
  2   41 softmutate  [      8    ]   -66.485    60.585   2.634  -1412.989 [ 6  6  4]   1  0.139  1.911  1.649
  2   42 keptBest    [      8    ]   -63.800    63.958   2.495  -1245.565 [ 4  4  7] 183  0.128  2.894  2.416
  2   43 softmutate  [      8    ]   -66.385    73.522   2.170   -851.015 [ 6  6  3]   1  0.141  2.136  1.801
  3   44  Heredity   [      8    ]   -64.772    65.092   2.451  -1014.141 [ 5  5  4]   1  0.182  1.897  1.525
  3   45  Heredity   [      8    ]   -63.109    53.030   3.009  -1488.453 [ 4  6  5]   3  0.160  1.927  1.560
  3   46  Heredity   [      8    ]   -67.707    58.450   2.730  -1308.246 [ 4  4  7]   8  0.198  1.920  1.498
  3   47  Heredity   [      8    ]   -66.955    55.283   2.886  -1523.598 [ 5  5  4]   1  0.131  1.852  1.625
  3   48  Heredity   [      8    ]   -70.901    80.672   1.978        NaN [ 5  4  5]   2  0.071  2.308  2.152
  3   49  Heredity   [      8    ]   -73.733    80.707   1.977        NaN [ 5  5  4]  12  0.002  2.821  2.822
  3   50  Heredity   [      8    ]   -68.105    51.705   3.086  -1805.268 [ 5  5  6]   1  0.126  1.787  1.576
  3   51  Heredity   [      8    ]   -73.726    78.592   2.030        NaN [ 5  4  5]   2  0.001  2.774  2.777
  3   52  Heredity   [      8    ]   -68.867    77.932   2.047   -929.329 [ 4  4  5]   1  0.104  2.233  2.009
  3   53  Heredity   [      8    ]   -66.501    49.305   3.236  -1465.567 [ 6  5  6]   5  0.098  1.772  1.617
  3   54   Random    [      8    ]   -67.191    74.043   2.155  -1079.560 [ 5  5  4]   5  0.158  1.890  1.584
  3   55   Random    [      8    ]   -73.710    76.278   2.092        NaN [ 5  5  4]  12  0.002  2.749  2.751
  3   56   Random    [      8    ]   -68.228    90.542   1.762        NaN [ 6  3  6]   2  0.037  3.095  2.993
  3   57 keptBest    [      8    ]   -72.711    45.608   3.498  -2209.043 [ 5  5  5] 227  0.000  3.596  3.601
  3   58 LatMutate   [      8    ]   -71.139    48.175   3.312  -2019.107 [ 6  6  4] 139  0.001  2.429  2.436
  3   59   Random    [      8    ]   -65.851   121.743   1.311        NaN [ 4  5  3]   2  0.001  2.893  2.897
  3   60 softmutate  [      8    ]   -70.094    50.210   3.178  -1966.554 [ 5  5  5]  12  0.068  1.924  1.811
  3   61 softmutate  [      8    ]   -65.620    55.708   2.864  -1598.694 [ 5  5  5]   1  0.173  1.728  1.407
  3   62 keptBest    [      8    ]   -70.259    45.919   3.475  -2159.730 [ 7  4  4]  20  0.055  2.071  1.970
  3   63 keptBest    [      8    ]   -61.275    55.976   2.850  -1492.848 [ 5  5  5] 224  0.001  3.274  3.276
  3   64 LatMutate   [      8    ]   -73.748    78.191   2.041        NaN [ 5  5  5]   2  0.001  2.806  2.810
  3   65 softmutate  [      8    ]   -65.540    63.447   2.515  -1259.281 [ 5  5  4]   1  0.195  1.663  1.314
  3   66 softmutate  [      8    ]   -70.287    51.232   3.114  -1913.115 [ 5  6  6] 140  0.001  2.453  2.459
  4   67  Heredity   [      8    ]   -65.376    52.507   3.039  -1507.694 [ 5  6  4]   3  0.185  1.917  1.524
  4   68  Heredity   [      8    ]   -67.392    57.295   2.785  -1429.807 [ 5  4  5]   1  0.136  1.728  1.499
  4   69  Heredity   [      8    ]   -66.343    72.943   2.187   -901.713 [ 5  5  3]   1  0.145  2.244  1.893
  4   70  Heredity   [      8    ]   -69.821    53.932   2.958  -1668.266 [ 6  6  4]  12  0.121  1.896  1.662
  4   71  Heredity   [      8    ]   -71.139    48.181   3.312  -2017.471 [ 6  6  4] 139  0.001  2.424  2.430
  4   72  Heredity   [      8    ]   -65.068    55.825   2.858  -1574.704 [ 5  4  6]   1  0.100  1.826  1.660
  4   73  Heredity   [      8    ]   -66.331    56.841   2.807        NaN [ 5  5  5]   1  0.172  1.714  1.405
  4   74  Heredity   [      8    ]   -67.570    51.850   3.077  -1772.870 [ 5  5  5]   1  0.200  1.670  1.300
  4   75  Heredity   [      8    ]   -70.318    51.398   3.104  -1831.293 [ 5  6  4]   5  0.114  1.970  1.763
  4   76  Heredity   [      8    ]   -67.770    50.704   3.147  -1713.810 [ 6  5  4]   2  0.097  1.691  1.545
  4   77  Heredity   [      8    ]   -71.090    47.724   3.343  -2091.595 [ 5  5  5]  12  0.065  1.801  1.704
  4   78 keptBest    [      8    ]   -72.711    45.608   3.498  -2209.043 [ 5  5  5] 227  0.000  3.596  3.601
  4   79   Random    [      8    ]   -59.370   110.161   1.448        NaN [ 4  4  4]   1  0.197  2.280  1.783
  4   80 LatMutate   [      8    ]   -65.909    69.725   2.288        NaN [ 4  4  5]   1  0.174  1.817  1.487
  4   81 softmutate  [      8    ]   -72.712    45.611   3.498  -2208.605 [ 5  5  5]   1  0.000  3.595  3.600
  4   82 softmutate  [      8    ]   -71.090    47.714   3.344  -2091.299 [ 5  5  5]  12  0.064  1.801  1.705
  4   83 softmutate  [      8    ]   -68.280    57.552   2.772  -1449.943 [ 5  4  6]   1  0.185  1.765  1.401
  4   84   Random    [      8    ]   -72.712    45.571   3.501  -2210.427 [ 6  6  5] 227  0.000  3.614  3.620
  4   85 softmutate  [      8    ]   -67.279    56.588   2.820  -1604.769 [ 5  5  5]  42  0.070  2.099  1.964
  4   86 keptBest    [      8    ]   -70.259    45.919   3.475  -2159.730 [ 7  4  4]  20  0.055  2.071  1.970
  4   87 keptBest    [      8    ]   -61.275    55.976   2.850  -1492.848 [ 5  5  5] 224  0.001  3.274  3.276
  4   88   Random    [      8    ]   -66.357   130.063   1.227        NaN [ 3  3  7]  11  0.009  2.801  2.785
  4   89 LatMutate   [      8    ]   -68.372    57.773   2.762  -1376.271 [ 4  6  6]   5  0.142  1.934  1.653
  5   90  Heredity   [      8    ]   -65.012    66.396   2.403  -1079.628 [ 5  5  4]   1  0.191  1.806  1.431
  5   91  Heredity   [      8    ]   -64.983    56.952   2.802  -1387.143 [ 5  5  5]   1  0.205  1.718  1.329
  5   92  Heredity   [      8    ]   -69.509    59.117   2.699  -1230.088 [ 6  4  5]  10  0.135  1.953  1.665
  5   93  Heredity   [      8    ]   -67.874    51.988   3.069  -1733.885 [ 6  6  4]   1  0.173  1.710  1.397
  5   94  Heredity   [      8    ]   -71.139    48.208   3.310  -2017.737 [ 6  6  4] 139  0.001  2.451  2.458
  5   95  Heredity   [      8    ]   -70.869    74.229   2.149  -1007.075 [ 5  4  5]   2  0.083  2.205  2.027
  5   96  Heredity   [      8    ]   -69.131    50.862   3.137  -1720.190 [ 7  4  5]  15  0.138  1.752  1.494
  5   97  Heredity   [      8    ]   -70.776    77.994   2.046   -988.728 [ 5  5  4]   2  0.028  2.112  2.067
  5   98  Heredity   [      8    ]   -69.048    55.751   2.862  -1153.172 [ 5  5  4]  70  0.002  2.351  2.355
  5   99  Heredity   [      8    ]   -69.119    64.532   2.472  -1102.795 [ 4  6  4]   1  0.113  1.876  1.679
  5  100  Heredity   [      8    ]   -71.090    47.726   3.343  -2091.687 [ 5  5  5]  12  0.068  1.828  1.724
  5  101 LatMutate   [      8    ]   -70.095    50.206   3.178  -1967.505 [ 5  5  5]  12  0.064  1.957  1.850
  5  102  Heredity   [      8    ]   -70.094    50.190   3.179  -1966.570 [ 5  5  5]  12  0.065  1.940  1.833
  5  103   Random    [      8    ]   -65.750   117.566   1.357        NaN [ 5  4  4]   1  0.006  3.136  3.123
  5  104 softmutate  [      8    ]   -63.267    50.126   3.183  -1700.057 [ 5  5  5]  20  0.089  2.006  1.845
  5  105   Random    [      8    ]   -68.245    92.155   1.731        NaN [ 6  6  3]  12  0.030  3.148  3.068
  5  106   Random    [      8    ]   -69.632    83.787   1.904   -922.215 [ 5  3  5]   2  0.018  2.306  2.277
  5  107 LatMutate   [      8    ]   -63.901    48.511   3.289  -1806.585 [ 5  5  6]   1  0.150  1.575  1.344
  5  108 keptBest    [      8    ]   -72.712    45.571   3.501  -2210.427 [ 6  6  5] 227  0.000  3.614  3.620
  5  109 keptBest    [      8    ]   -70.259    45.919   3.475  -2159.730 [ 7  4  4]  20  0.055  2.071  1.970
  5  110 keptBest    [      8    ]   -61.275    55.976   2.850  -1492.848 [ 5  5  5] 224  0.001  3.274  3.276
  5  111 softmutate  [      8    ]   -71.795    78.172   2.041        NaN [ 5  4  4]  12  0.097  2.374  2.138
  5  112 softmutate  [      8    ]   -69.064    53.138   3.003  -1754.501 [ 5  5  5]  65  0.018  2.282  2.256
  5  113 softmutate  [      8    ]   -71.675    46.910   3.401  -2119.283 [ 7  4  5]  65  0.016  2.318  2.295
  6  114  Heredity   [      8    ]   -70.096    50.233   3.176  -1966.452 [ 5  5  5]  12  0.067  1.927  1.815
  6  115  Heredity   [      8    ]   -67.157    50.868   3.137  -1866.002 [ 6  5  5]   2  0.081  1.778  1.654
  6  116  Heredity   [      8    ]   -64.438    55.204   2.890  -1393.962 [ 6  6  5]   2  0.149  1.840  1.555
  6  117  Heredity   [      8    ]   -72.711    45.612   3.498  -2208.863 [ 7  4  5] 227  0.000  3.597  3.602
  6  118  Heredity   [      8    ]   -65.317    52.077   3.064  -1586.579 [ 5  6  5]   1  0.152  1.799  1.521
  6  119  Heredity   [      8    ]   -64.767    51.430   3.102  -1545.973 [ 6  5  5]   5  0.179  1.738  1.404
  6  120  Heredity   [      8    ]   -68.464    62.842   2.539  -1239.392 [ 6  4  5]   2  0.097  2.070  1.884
  6  121  Heredity   [      8    ]   -68.653    47.708   3.344  -2035.966 [ 7  4  5]   5  0.069  1.868  1.760
  6  122   Random    [      8    ]   -70.516    63.653   2.507  -1184.136 [ 5  6  4]  15  0.047  1.936  1.862
  6  123   Random    [      8    ]   -66.948    64.113   2.489  -1315.210 [ 5  5  5]  44  0.114  1.824  1.619
  6  124   Random    [      8    ]   -66.274    87.920   1.815        NaN [ 3  4  7]   1  0.206  2.418  1.728
  6  125 LatMutate   [      8    ]   -64.988    62.674   2.546  -1211.657 [ 5  5  4]   1  0.184  1.802  1.438
  6  126 LatMutate   [      8    ]   -65.169    55.175   2.892  -1431.180 [ 5  5  5]   1  0.205  1.536  1.180
  6  127 LatMutate   [      8    ]   -73.706    74.918   2.130  -1097.302 [ 5  4  5] 166  0.001  3.221  3.224
  6  128 softmutate  [      8    ]   -69.617    80.117   1.992   -935.460 [ 5  5  3]   2  0.014  2.275  2.255
  6  129 softmutate  [      8    ]   -72.710    45.614   3.498  -2208.651 [ 7  5  4] 227  0.000  3.595  3.601
  6  130 softmutate  [      8    ]   -73.711    77.663   2.054  -1067.246 [ 7  3  4]   2  0.007  2.797  2.786
  6  131 keptBest    [      8    ]   -72.712    45.571   3.501  -2210.427 [ 6  6  5] 227  0.000  3.614  3.620
  6  132 keptBest    [      8    ]   -70.259    45.919   3.475  -2159.730 [ 7  4  4]  20  0.055  2.071  1.970
  6  133 keptBest    [      8    ]   -71.675    46.910   3.401  -2119.283 [ 7  4  5]  65  0.016  2.318  2.295
  6  134 LatMutate   [      8    ]   -67.249    81.205   1.965        NaN [ 5  4  4]  10  0.072  2.324  2.164
  6  135 softmutate  [      8    ]   -72.710    45.613   3.498  -2209.104 [ 7  5  5] 227  0.000  3.591  3.597
  6  136 softmutate  [      8    ]   -69.086    46.262   3.449  -2109.799 [ 7  5  4]   2  0.096  1.774  1.619
  6  137 softmutate  [      8    ]   -69.366    49.039   3.254  -1929.276 [ 7  4  4]   2  0.081  1.789  1.666
  7  138  Heredity   [      8    ]   -69.016    47.636   3.349  -2017.787 [ 7  4  5]  15  0.054  1.873  1.791
  7  139  Heredity   [      8    ]   -71.813    78.260   2.039        NaN [ 5  4  4]   2  0.088  2.352  2.149
  7  140  Heredity   [      8    ]   -71.415    47.768   3.340  -2089.223 [ 7  5  4]  12  0.110  2.047  1.834
  7  141  Heredity   [      8    ]   -69.942    54.729   2.915  -1592.799 [ 5  6  4]   2  0.174  1.826  1.468
  7  142  Heredity   [      8    ]   -64.680    50.947   3.132  -1664.235 [ 7  4  5]   1  0.165  1.611  1.345
  7  143  Heredity   [      8    ]   -66.420    53.118   3.004  -1645.448 [ 7  4  5]   1  0.125  1.868  1.636
  7  144  Heredity   [      8    ]   -72.710    45.611   3.498  -2208.773 [ 7  5  5] 227  0.000  3.588  3.594
  7  145  Heredity   [      8    ]   -67.518    49.832   3.202  -1852.333 [ 7  4  5]   1  0.114  1.810  1.619
  7  146  Heredity   [      8    ]   -68.732    60.761   2.626  -1449.320 [ 5  5  5]   8  0.106  1.670  1.505
  7  147  Heredity   [      8    ]   -65.999    54.346   2.936  -1482.539 [ 7  4  4]  65  0.120  2.005  1.756
  7  148  Heredity   [      8    ]   -73.714    75.957   2.101  -1085.476 [ 7  4  3]   2  0.006  2.767  2.760
  7  149  Heredity   [      8    ]   -71.799    78.358   2.036        NaN [ 5  4  4]   2  0.099  2.379  2.142
  7  150   Random    [      8    ]   -58.012    78.560   2.031        NaN [ 5  5  5] 166  0.082  2.355  2.145
  7  151   Random    [      8    ]   -67.409    62.424   2.556  -1339.678 [ 5  5  4]   1  0.171  1.744  1.442
  7  152 keptBest    [      8    ]   -72.712    45.571   3.501  -2210.427 [ 6  6  5] 227  0.000  3.614  3.620
  7  153 keptBest    [      8    ]   -70.259    45.919   3.475  -2159.730 [ 7  4  4]  20  0.055  2.071  1.970
  7  154 keptBest    [      8    ]   -71.675    46.910   3.401  -2119.283 [ 7  4  5]  65  0.016  2.318  2.295
  7  155 softmutate  [      8    ]   -72.712    45.613   3.498  -2208.292 [ 5  5  5] 227  0.000  3.596  3.601
  7  156 softmutate  [      8    ]   -71.090    47.716   3.344  -2091.782 [ 5  5  5]  12  0.067  1.836  1.732
  7  157 softmutate  [      8    ]   -66.796    49.318   3.235  -1770.916 [ 7  4  4]   1  0.137  1.658  1.437
  7  158   Random    [      8    ]   -69.123    64.764   2.464  -1094.551 [ 4  6  5]   1  0.113  1.883  1.684
  7  159 LatMutate   [      8    ]   -70.521    63.500   2.513  -1269.392 [ 6  5  5]  74  0.059  2.089  1.982
  7  160 LatMutate   [      8    ]   -66.568    61.299   2.603  -1440.639 [ 6  4  6]   5  0.128  1.919  1.676
  7  161 softmutate  [      8    ]   -69.234    49.595   3.217  -1930.761 [ 5  6  5]   1  0.124  1.750  1.544
  8  162  Heredity   [      8    ]   -68.164    56.691   2.814  -1486.024 [ 6  5  5]   2  0.119  1.721  1.526
  8  163  Heredity   [      8    ]   -68.625    67.500   2.364  -1052.844 [ 4  6  5]   5  0.112  1.863  1.666
  8  164  Heredity   [      8    ]   -71.155    55.453   2.877  -1628.351 [ 8  3  5]  12  0.127  2.269  1.987
  8  165  Heredity   [      8    ]   -71.137    48.175   3.312  -2018.296 [ 7  4  4] 139  0.002  2.408  2.412
  8  166  Heredity   [      8    ]   -67.261    70.641   2.259   -968.853 [ 5  5  4]   1  0.085  1.992  1.841
  8  167  Heredity   [      8    ]   -66.470    56.578   2.820  -1422.995 [ 5  5  5]   1  0.192  1.667  1.316
  8  168  Heredity   [      8    ]   -70.261    45.918   3.475  -2160.374 [ 7  4  4]  20  0.055  2.079  1.978
  8  169  Heredity   [      8    ]   -71.393    47.947   3.328  -2075.165 [ 7  5  4]  10  0.110  1.970  1.763
  8  170  Heredity   [      8    ]   -71.090    47.724   3.343  -2091.552 [ 5  5  5]  12  0.066  1.834  1.732
  8  171  Heredity   [      8    ]   -67.590    52.397   3.045  -1741.609 [ 5  5  5]   5  0.174  1.679  1.371
  8  172  Heredity   [      8    ]   -65.169    53.682   2.972  -1590.112 [ 6  5  5]   1  0.165  1.677  1.399
  8  173   Random    [      8    ]   -69.816    52.961   3.013  -1728.842 [ 4  4  7]  74  0.001  2.036  2.045
  8  174   Random    [      8    ]   -64.247    58.778   2.715  -1437.859 [ 7  4  4]   5  0.146  1.975  1.684
  8  175   Random    [      8    ]   -69.666    84.756   1.883   -913.110 [ 4  4  5]   2  0.011  2.317  2.302
  8  176 LatMutate   [      8    ]   -70.916    52.012   3.068  -1678.879 [ 7  4  4]  63  0.127  2.068  1.794
  8  177 LatMutate   [      8    ]   -71.797    77.468   2.060        NaN [ 4  5  4]   2  0.098  2.371  2.138
  8  178 softmutate  [      8    ]   -66.826    52.791   3.022  -1644.965 [ 6  5  4]   2  0.152  1.601  1.351
  8  179 softmutate  [      8    ]   -71.411    47.798   3.338  -2088.551 [ 7  4  5]  12  0.108  2.026  1.821
  8  180 softmutate  [      8    ]   -65.537    56.363   2.831  -1479.852 [ 6  4  5]   1  0.169  1.663  1.380
  8  181 softmutate  [      8    ]   -66.482    54.384   2.934  -1648.699 [ 6  4  6]   5  0.084  1.928  1.783
  8  182 keptBest    [      8    ]   -72.712    45.571   3.501  -2210.427 [ 6  6  5] 227  0.000  3.614  3.620
  8  183 keptBest    [      8    ]   -70.259    45.919   3.475  -2159.730 [ 7  4  4]  20  0.055  2.071  1.970
  8  184 keptBest    [      8    ]   -71.675    46.910   3.401  -2119.283 [ 7  4  5]  65  0.016  2.318  2.295
  8  185 softmutate  [      8    ]   -72.514    45.725   3.489  -2221.928 [ 7  4  5] 194  0.000  2.945  2.951
  9  186  Heredity   [      8    ]   -71.803    78.200   2.040  -1012.558 [ 5  4  4]   2  0.097  2.357  2.128
  9  187  Heredity   [      8    ]   -72.711    45.615   3.498  -2208.874 [ 7  4  5] 227  0.000  3.596  3.601
  9  188  Heredity   [      8    ]   -69.013    54.355   2.935  -1412.885 [ 7  4  4]   8  0.163  1.873  1.557
  9  189  Heredity   [      8    ]   -65.185    58.476   2.729        NaN [ 7  4  4]   1  0.124  1.975  1.730
  9  190  Heredity   [      8    ]   -71.828    79.701   2.002        NaN [ 5  4  5]   2  0.094  2.386  2.162
  9  191  Heredity   [      8    ]   -69.232    49.607   3.216  -1930.440 [ 5  5  6]   1  0.121  1.731  1.533
  9  192  Heredity   [      8    ]   -64.918    53.566   2.979        NaN [ 6  5  5]   3  0.184  1.669  1.330
  9  193  Heredity   [      8    ]   -68.726    60.684   2.629  -1446.079 [ 5  5  5]   8  0.109  1.682  1.511
  9  194  Heredity   [      8    ]   -72.710    45.610   3.498  -2208.873 [ 7  5  4] 227  0.000  3.592  3.598
  9  195  Heredity   [      8    ]   -62.352    53.260   2.996  -1286.061 [ 6  5  5]   1  0.137  1.796  1.558
  9  196  Heredity   [      8    ]   -68.226    49.616   3.216  -1902.789 [ 7  4  4]   1  0.104  1.785  1.617
  9  197   Random    [      8    ]   -61.422    79.788   2.000        NaN [ 4  3  7]   2  0.187  2.186  1.712
  9  198   Random    [      8    ]   -72.712    45.612   3.498  -2209.186 [ 5  4  7]  51  0.000  3.600  3.606
  9  199   Random    [      8    ]   -73.743    79.872   1.998        NaN [ 4  4  5]  12  0.000  2.931  2.937
  9  200   Random    [      8    ]   -66.544    63.565   2.510  -1170.033 [ 3  6  5]   3  0.153  1.871  1.578
  9  201 softmutate  [      8    ]   -71.090    47.723   3.343  -2091.760 [ 5  5  5]  12  0.072  1.853  1.737
  9  202 keptBest    [      8    ]   -72.514    45.725   3.489  -2221.928 [ 7  4  5] 194  0.000  2.945  2.951
  9  203 softmutate  [      8    ]   -72.712    45.611   3.498  -2208.314 [ 5  5  5] 227  0.000  3.596  3.602
  9  204 keptBest    [      8    ]   -70.261    45.918   3.475  -2160.374 [ 7  4  4]  20  0.055  2.079  1.978
  9  205 keptBest    [      8    ]   -71.090    47.724   3.343  -2091.552 [ 5  5  5]  12  0.066  1.834  1.732
  9  206 LatMutate   [      8    ]   -68.361    50.660   3.149  -1799.398 [ 8  5  3]   8  0.158  1.996  1.660
  9  207 LatMutate   [      8    ]   -71.810    78.524   2.032        NaN [ 4  5  4]   2  0.095  2.395  2.166
  9  208 softmutate  [      8    ]   -66.782    61.773   2.583  -1256.041 [ 4  6  5]   1  0.163  1.825  1.506
  9  209 softmutate  [      8    ]   -72.712    45.613   3.498  -2207.741 [ 5  5  5] 227  0.000  3.595  3.601
 10  210  Heredity   [      8    ]   -70.259    45.918   3.475  -2160.219 [ 7  4  4]  20  0.056  2.075  1.973
 10  211  Heredity   [      8    ]   -67.408    62.329   2.560  -1340.874 [ 5  5  4]   1  0.162  1.786  1.499
 10  212  Heredity   [      8    ]   -68.794    51.900   3.074  -1219.749 [ 7  4  4]   5  0.159  1.682  1.397
 10  213  Heredity   [      8    ]   -69.082    46.258   3.449  -2110.213 [ 7  4  5]   2  0.096  1.728  1.578
 10  214  Heredity   [      8    ]   -70.176    50.797   3.141  -1874.968 [ 6  4  6]  14  0.044  1.895  1.829
 10  215  Heredity   [      8    ]   -69.121    64.135   2.488  -1116.948 [ 6  4  4]   1  0.113  1.905  1.703
 10  216  Heredity   [      8    ]   -72.711    45.612   3.498  -2209.242 [ 5  4  7]  51  0.000  3.598  3.604
 10  217  Heredity   [      8    ]   -69.188    46.446   3.435  -2092.958 [ 7  4  5]   5  0.083  1.709  1.585
 10  218  Heredity   [      8    ]   -69.164    56.195   2.839  -1517.895 [ 7  4  4]  63  0.136  1.998  1.709
 10  219  Heredity   [      8    ]   -69.760    53.669   2.973  -1619.774 [ 7  4  5]  44  0.175  1.966  1.579
 10  220   Random    [      8    ]   -69.963    50.249   3.175        NaN [ 5  4  7]  12  0.092  1.835  1.677
 10  221  Heredity   [      8    ]   -66.431    55.372   2.882  -1578.373 [ 5  5  5]   1  0.199  1.706  1.329
 10  222   Random    [      8    ]   -69.272    78.074   2.044  -1076.979 [ 5  5  4]   2  0.178  2.266  1.833
 10  223   Random    [      8    ]   -65.844    45.490   3.507  -2080.968 [ 6  6  6]  88  0.003  2.035  2.041
 10  224 keptBest    [      8    ]   -72.514    45.725   3.489  -2221.928 [ 7  4  5] 194  0.000  2.945  2.951
 10  225 LatMutate   [      8    ]   -67.811    56.400   2.829  -1486.025 [ 6  6  4]   8  0.163  1.858  1.531
 10  226 keptBest    [      8    ]   -70.261    45.918   3.475  -2160.374 [ 7  4  4]  20  0.055  2.079  1.978
 10  227 LatMutate   [      8    ]   -65.779    63.184   2.525  -1186.713 [ 6  5  4]   1  0.198  1.756  1.363
 10  228 softmutate  [      8    ]   -63.241    54.081   2.950  -1518.572 [ 5  5  5]   1  0.159  1.710  1.432
 10  229 softmutate  [      8    ]   -68.740    50.112   3.184  -1806.262 [ 7  4  4]  12  0.129  1.655  1.432
 10  230 softmutate  [      8    ]   -65.345    54.583   2.923  -1528.348 [ 7  4  4]   1  0.198  1.753  1.356
 10  231 softmutate  [      8    ]   -67.490    49.758   3.207  -1867.035 [ 7  5  4]   1  0.115  1.816  1.618
 10  232 keptBest    [      8    ]   -71.090    47.723   3.343  -2091.760 [ 5  5  5]  12  0.072  1.853  1.737
 11  233  Heredity   [      8    ]   -65.604    63.550   2.511  -1203.833 [ 5  4  5]   1  0.203  1.844  1.427
 11  234  Heredity   [      8    ]   -70.249    47.486   3.360  -2070.000 [ 5  6  5]   2  0.073  1.760  1.652
 11  235  Heredity   [      8    ]   -71.058    48.231   3.308  -2027.130 [ 6  4  6]  64  0.002  2.193  2.199
 11  236  Heredity   [      8    ]   -64.061    54.970   2.903  -1602.197 [ 5  4  5]   1  0.117  1.844  1.641
 11  237  Heredity   [      8    ]   -69.249    49.292   3.237  -1873.484 [ 7  4  4]   1  0.151  1.612  1.369
 11  238  Heredity   [      8    ]   -64.125    53.004   3.010  -1491.080 [ 7  4  5]   1  0.161  1.706  1.428
 11  239  Heredity   [      8    ]   -71.414    47.795   3.338  -2088.837 [ 7  4  5]  12  0.110  2.012  1.802
 11  240  Heredity   [      8    ]   -66.412    52.850   3.019  -1562.394 [ 7  4  4]   1  0.137  1.807  1.574
 11  241  Heredity   [      8    ]   -71.135    48.177   3.312  -2018.196 [ 7  4  4] 139  0.002  2.435  2.441
 11  242  Heredity   [      8    ]   -72.710    45.611   3.498  -2208.731 [ 7  5  5] 227  0.000  3.593  3.599
 11  243   Random    [      8    ]   -69.678    87.928   1.815        NaN [ 4  4  5]   2  0.004  2.374  2.373
 11  244   Random    [      8    ]   -67.784    67.634   2.359        NaN [ 5  4  5]   2  0.077  1.919  1.790
 11  245 LatMutate   [      8    ]   -71.677    46.910   3.401  -2120.280 [ 5  7  4]  65  0.015  2.303  2.282
 11  246 LatMutate   [      8    ]   -65.606    53.746   2.969  -1565.059 [ 7  3  5]   1  0.133  1.757  1.535
 11  247 softmutate  [      8    ]   -70.268    52.922   3.015        NaN [ 7  4  5]   6  0.062  2.113  2.000
 11  248 softmutate  [      8    ]   -71.090    47.720   3.344  -2091.667 [ 5  5  5]  12  0.072  1.853  1.737
 11  249 softmutate  [      8    ]   -72.513    45.724   3.490  -2222.234 [ 7  4  5] 194  0.001  2.933  2.939
 11  250 softmutate  [      8    ]   -72.710    45.614   3.498  -2208.402 [ 7  5  4] 227  0.000  3.589  3.594
 11  251 keptBest    [      8    ]   -72.514    45.725   3.489  -2221.928 [ 7  4  5] 194  0.000  2.945  2.951
 11  252   Random    [      8    ]   -72.710    45.611   3.498  -2208.681 [ 7  5  5] 227  0.000  3.597  3.602
 11  253 keptBest    [      8    ]   -65.844    45.490   3.507  -2080.968 [ 6  6  6]  88  0.003  2.035  2.041
 11  254 keptBest    [      8    ]   -70.176    50.797   3.141  -1874.968 [ 6  4  6]  14  0.044  1.895  1.829
 11  255 softmutate  [      8    ]   -67.813    63.318   2.520  -1156.473 [ 5  5  4]   2  0.108  2.046  1.845
 11  256 softmutate  [      8    ]   -73.695    76.520   2.085        NaN [ 7  3  4]   2  0.002  2.743  2.744
 12  257  Heredity   [      8    ]   -71.413    47.786   3.339  -2089.257 [ 7  5  4]  12  0.111  2.026  1.813
 12  258  Heredity   [      8    ]   -68.989    59.993   2.660  -1409.814 [ 5  4  6]   2  0.113  1.845  1.650
 12  259  Heredity   [      8    ]   -69.188    46.439   3.436  -2092.926 [ 7  5  4]   5  0.092  1.763  1.617
 12  260  Heredity   [      8    ]   -71.091    47.732   3.343  -2091.444 [ 5  5  5]  12  0.072  1.856  1.740
 12  261  Heredity   [      8    ]   -69.603    48.700   3.276  -1922.111 [ 7  4  5]   2  0.124  1.725  1.517
 12  262  Heredity   [      8    ]   -72.513    45.724   3.490  -2222.226 [ 7  4  5] 194  0.001  2.931  2.937
 12  263  Heredity   [      8    ]   -71.676    46.911   3.401  -2119.726 [ 7  5  4]  65  0.019  2.259  2.230
 12  264  Heredity   [      8    ]   -63.386    49.241   3.240  -1754.984 [ 7  5  5]  12  0.126  1.714  1.494
 12  265  Heredity   [      8    ]   -67.214    54.535   2.926  -1637.044 [ 7  5  4]   1  0.180  1.737  1.402
 12  266  Heredity   [      8    ]   -69.643    85.770   1.860        NaN [ 5  4  4]  12  0.010  2.464  2.449
 12  267  Heredity   [      8    ]   -65.717    65.187   2.448        NaN [ 7  4  4]   1  0.147  2.203  1.873
 12  268   Random    [      8    ]   -58.255    78.921   2.022        NaN [ 7  6  2]   2  0.045  2.500  2.402
 12  269   Random    [      8    ]   -69.588    82.905   1.925        NaN [ 5  4  4]  12  0.008  2.312  2.303
 12  270 LatMutate   [      8    ]   -63.758    49.545   3.220  -1699.223 [ 7  5  4]   1  0.162  1.710  1.429
 12  271 LatMutate   [      8    ]   -68.084    55.365   2.882        NaN [ 6  5  4]   1  0.196  1.651  1.296
 12  272 LatMutate   [      8    ]   -65.801    51.106   3.122  -1651.720 [ 7  4  5]   1  0.196  1.684  1.321
 12  273 softmutate  [      8    ]   -72.712    45.619   3.498  -2208.059 [ 5  5  5] 227  0.000  3.592  3.597
 12  274 softmutate  [      8    ]   -72.712    45.611   3.498  -2207.619 [ 5  5  5] 227  0.000  3.598  3.603
 12  275 softmutate  [      8    ]   -72.712    45.611   3.498  -2208.742 [ 5  5  5] 227  0.000  3.596  3.601
 12  276 keptBest    [      8    ]   -72.513    45.724   3.490  -2222.234 [ 7  4  5] 194  0.001  2.933  2.939
 12  277   Random    [      8    ]   -73.697    76.388   2.089        NaN [ 5  5  4]   2  0.002  2.798  2.800
 12  278 keptBest    [      8    ]   -65.844    45.490   3.507  -2080.968 [ 6  6  6]  88  0.003  2.035  2.041
 12  279 keptBest    [      8    ]   -70.176    50.797   3.141  -1874.968 [ 6  4  6]  14  0.044  1.895  1.829
 12  280 softmutate  [      8    ]   -72.712    45.614   3.498  -2208.193 [ 5  5  5] 227  0.000  3.595  3.600
 13  281  Heredity   [      8    ]   -66.410    52.953   3.013  -1564.100 [ 7  4  4]   1  0.141  1.776  1.537
 13  282  Heredity   [      8    ]   -70.463    48.440   3.294  -1978.457 [ 7  5  4]  63  0.037  2.102  2.041
 13  283  Heredity   [      8    ]   -69.013    47.640   3.349  -2016.978 [ 7  5  4]  15  0.055  1.879  1.793
 13  284  Heredity   [      8    ]   -71.091    47.721   3.343  -2091.385 [ 5  5  5]  12  0.068  1.829  1.725
 13  285  Heredity   [      8    ]   -66.745    49.291   3.237  -1873.876 [ 7  4  5]   2  0.083  1.822  1.691
 13  286  Heredity   [      8    ]   -71.090    47.715   3.344  -2091.759 [ 5  5  5]  12  0.072  1.820  1.707
 13  287  Heredity   [      8    ]   -71.059    48.232   3.308  -2027.405 [ 6  6  4]  64  0.001  2.178  2.186
 13  288  Heredity   [      8    ]   -65.471    62.394   2.557        NaN [ 5  6  4]   1  0.190  1.765  1.399
 13  289  Heredity   [      8    ]   -71.059    48.222   3.309  -2028.580 [ 6  6  4]  64  0.001  2.173  2.181
 13  290  Heredity   [      8    ]   -70.461    48.397   3.297  -1979.541 [ 7  5  4]  63  0.037  2.069  2.009
 13  291   Random    [      8    ]   -70.989    81.885   1.949        NaN [ 5  5  3]   2  0.079  2.362  2.178
 13  292   Random    [      8    ]   -65.718    73.158   2.181   -898.248 [ 4  5  4]   1  0.198  1.840  1.423
 13  293 LatMutate   [      8    ]   -69.554    78.265   2.039   -975.233 [ 5  3  5]   2  0.012  2.233  2.218
 13  294 LatMutate   [      8    ]   -70.095    50.236   3.176  -1965.451 [ 5  5  5]  12  0.066  1.935  1.824
 13  295   Random    [      8    ]   -69.605    83.474   1.911        NaN [ 5  5  5] 123  0.008  2.379  2.371
 13  296 keptBest    [      8    ]   -72.513    45.724   3.490  -2222.234 [ 7  4  5] 194  0.001  2.933  2.939
 13  297 keptBest    [      8    ]   -65.844    45.490   3.507  -2080.968 [ 6  6  6]  88  0.003  2.035  2.041
 13  298 LatMutate   [      8    ]   -70.171    55.318   2.884  -1560.459 [ 5  8  3]  12  0.104  2.179  1.957
 13  299 keptBest    [      8    ]   -70.176    50.797   3.141  -1874.968 [ 6  4  6]  14  0.044  1.895  1.829
 13  300 softmutate  [      8    ]   -73.722    75.293   2.119  -1095.766 [ 7  5  3]  15  0.002  2.795  2.797
 13  301 LatMutate   [      8    ]   -66.515    53.057   3.007  -1537.861 [ 7  7  3]   1  0.127  1.949  1.710
 13  302 softmutate  [      8    ]   -70.499    48.986   3.257  -1974.720 [ 7  5  4]  74  0.032  2.215  2.161
 13  303 softmutate  [      8    ]   -64.843    56.304   2.834  -1350.556 [ 7  4  4]   1  0.121  1.866  1.649
 13  304 softmutate  [      8    ]   -64.668    52.916   3.015  -1692.863 [ 5  5  5]   2  0.147  1.731  1.481
 14  305  Heredity   [      8    ]   -66.630    52.608   3.033  -1609.027 [ 7  5  4]   1  0.164  1.699  1.412
 14  306  Heredity   [      8    ]   -67.577    52.491   3.040  -1785.261 [ 5  5  5] 146  0.150  2.040  1.702
 14  307  Heredity   [      8    ]   -69.251    49.293   3.237  -1874.740 [ 7  4  4]   1  0.151  1.614  1.371
 14  308  Heredity   [      8    ]   -64.859    49.836   3.202  -1783.103 [ 7  4  5]   1  0.163  1.705  1.427
 14  309  Heredity   [      8    ]   -69.941    54.790   2.912  -1589.639 [ 6  5  4]   2  0.172  1.845  1.490
 14  310  Heredity   [      8    ]   -71.412    47.790   3.339  -2088.396 [ 7  5  4]  12  0.114  2.032  1.811
 14  311  Heredity   [      8    ]   -70.752    74.919   2.130        NaN [ 5  4  5]   2  0.028  2.115  2.072
 14  312  Heredity   [      8    ]   -64.695    55.339   2.883  -1443.237 [ 7  4  4]   1  0.170  2.014  1.656
 14  313   Random    [      8    ]   -71.138    48.180   3.312  -2018.008 [ 4  4  7] 139  0.000  2.434  2.443
 14  314  Heredity   [      8    ]   -63.726    62.023   2.572  -1064.556 [ 6  4  6]   1  0.213  1.668  1.261
 14  315   Random    [      8    ]   -73.711    79.110   2.017        NaN [ 4  3  7]  15  0.006  2.804  2.796
 14  316 LatMutate   [      8    ]   -71.806    77.663   2.054        NaN [ 5  4  4]  12  0.103  2.425  2.166
 14  317 LatMutate   [      8    ]   -68.871    53.219   2.998  -1540.266 [ 7  4  4]   1  0.178  1.652  1.343
 14  318 softmutate  [      8    ]   -64.175    54.420   2.932  -1425.529 [ 6  5  4]   1  0.194  1.692  1.322
 14  319 softmutate  [      8    ]   -71.090    47.724   3.343  -2091.519 [ 5  5  5]  12  0.068  1.828  1.723
 14  320 softmutate  [      8    ]   -69.814    52.930   3.014  -1728.571 [ 4  7  4]  74  0.006  2.067  2.067
 14  321   Random    [      8    ]   -68.252    93.678   1.703        NaN [ 6  6  3]   1  0.042  3.234  3.107
 14  322 keptBest    [      8    ]   -72.513    45.724   3.490  -2222.234 [ 7  4  5] 194  0.001  2.933  2.939
 14  323 keptBest    [      8    ]   -71.090    47.715   3.344  -2091.759 [ 5  5  5]  12  0.072  1.820  1.707
 14  324 LatMutate   [      8    ]   -67.233    69.447   2.297  -1167.476 [ 5  5  4]   1  0.185  1.874  1.491
 14  325 keptBest    [      8    ]   -65.844    45.490   3.507  -2080.968 [ 6  6  6]  88  0.003  2.035  2.041
 14  326 softmutate  [      8    ]   -66.744    52.095   3.063  -1801.454 [ 5  5  5]   2  0.076  1.776  1.663
 14  327 softmutate  [      8    ]   -66.869    60.768   2.626  -1431.111 [ 5  5  5] 141  0.002  2.361  2.366
 15  328  Heredity   [      8    ]   -63.696    50.664   3.149  -1753.433 [ 5  5  5]   8  0.179  1.824  1.452
 15  329  Heredity   [      8    ]   -69.371    49.020   3.255  -1930.970 [ 4  4  7]   2  0.078  1.804  1.685
 15  330  Heredity   [      8    ]   -66.178    51.854   3.077  -1742.764 [ 7  4  5]   1  0.154  1.793  1.513
 15  331  Heredity   [      8    ]   -66.860    52.615   3.032  -1732.892 [ 5  5  5]   1  0.198  1.683  1.307
 15  332  Heredity   [      8    ]   -71.395    47.948   3.328  -2074.975 [ 7  4  5]  10  0.109  1.993  1.787
 15  333  Heredity   [      8    ]   -70.333    48.950   3.260  -1925.393 [ 5  7  4]  12  0.087  2.049  1.887
 15  334  Heredity   [      8    ]   -69.462    53.947   2.958  -1614.320 [ 5  4  6]   2  0.120  1.770  1.564
 15  335  Heredity   [      8    ]   -65.736    59.166   2.697  -1317.156 [ 7  4  4]   1  0.132  1.873  1.631
 15  336  Heredity   [      8    ]   -66.998    48.666   3.279  -1893.186 [ 6  6  5]   2  0.092  1.651  1.518
 15  337  Heredity   [      8    ]   -64.273    54.090   2.950  -1508.862 [ 5  6  5]   1  0.189  1.673  1.327
 15  338  Heredity   [      8    ]   -67.285    51.137   3.120  -1736.299 [ 6  4  5]   2  0.113  1.635  1.462
 15  339  Heredity   [      8    ]   -70.919    52.012   3.068  -1681.128 [ 7  4  4]  63  0.129  2.068  1.789
 15  340   Random    [      8    ]   -59.533   118.414   1.347        NaN [ 3  3  6]  12  0.047  3.088  2.959
 15  341   Random    [      8    ]   -66.073    89.454   1.784        NaN [ 5  4  4]   8  0.160  2.380  1.981
 15  342   Random    [      8    ]   -70.978    68.834   2.318  -1265.685 [ 4  4  7] 123  0.091  2.379  2.169
 15  343 LatMutate   [      8    ]   -65.891    54.789   2.912  -1352.109 [ 8  5  3]   8  0.145  2.071  1.769
 15  344 LatMutate   [      8    ]   -71.738    72.819   2.191  -1065.303 [ 5  4  4]   2  0.103  2.274  2.033
 15  345 softmutate  [      8    ]   -68.755    49.587   3.218  -1876.332 [ 5  6  5]   2  0.092  1.810  1.661
 15  346 keptBest    [      8    ]   -72.513    45.724   3.490  -2222.234 [ 7  4  5] 194  0.001  2.933  2.939
 15  347 softmutate  [      8    ]   -71.675    46.910   3.401  -2120.003 [ 7  5  4]  65  0.017  2.334  2.308
 15  348 keptBest    [      8    ]   -71.090    47.715   3.344  -2091.759 [ 5  5  5]  12  0.072  1.820  1.707
 15  349 keptBest    [      8    ]   -65.844    45.490   3.507  -2080.968 [ 6  6  6]  88  0.003  2.035  2.041
 15  350 softmutate  [      8    ]   -69.291    55.363   2.882  -1568.808 [ 6  6  4]   8  0.179  1.767  1.403
 15  351 softmutate  [      8    ]   -65.849    53.819   2.965  -1578.902 [ 5  6  4]   1  0.136  1.809  1.578
