 ID    Origin    Enthalpy   Parent-E   Parent-ID
   1   Random      -9.218    -9.218  [         0]
   2   Random      -8.234    -8.234  [         0]
   3   Random      -8.205    -8.205  [         0]
   4   Random      -8.301    -8.301  [         0]
   5   Random      -8.571    -8.571  [         0]
   6   Random      -7.975    -7.975  [         0]
   7   Random      -8.305    -8.305  [         0]
   8   Random      -9.214    -9.214  [         0]
   9   Random      -8.727    -8.727  [         0]
  10   Random      -8.698    -8.698  [         0]
  11   Random      -7.744    -7.744  [         0]
  12   Random      -9.216    -9.216  [         0]
  13   Random      -8.653    -8.653  [         0]
  14   Random      -8.637    -8.637  [         0]
  15   Random      -9.218    -9.218  [         0]
  16   Random      -8.622    -8.622  [         0]
  17   Random      -8.661    -8.661  [         0]
  18   Random      -8.453    -8.453  [         0]
  19   Random      -8.518    -8.518  [         0]
  20   Random      -8.786    -8.786  [         0]
  21  Heredity     -8.437    -8.308  [      5  3]
  22  Heredity     -8.434    -8.592  [     5  13]
  23  Heredity     -8.594    -8.687  [    20   5]
  24  Heredity     -8.395    -8.700  [     9  13]
  25  Heredity     -8.338    -8.600  [    13   5]
  26  Heredity     -8.447    -8.726  [    16  20]
  27  Heredity     -8.367    -8.430  [     2  13]
  28  Heredity     -8.042    -8.585  [      9  2]
  29  Heredity     -8.723    -8.737  [    20  14]
  30  Heredity     -8.346    -8.391  [      9  2]
  31   Random      -9.089    -9.089  [         0]
  32 LatMutate     -8.782    -8.234  [         2]
  33   Random      -8.139    -8.139  [         0]
  34 keptBest      -8.786    -8.786  [        20]
  35   Random      -8.019    -8.019  [         0]
  36   Random      -7.659    -7.659  [         0]
  37 keptBest      -8.571    -8.571  [         5]
  38 LatMutate     -8.195    -8.653  [        13]
  39 softmutate    -9.219    -8.727  [         9]
  40 softmutate    -9.219    -8.727  [         9]
  41 softmutate    -8.311    -8.571  [         5]
  42 keptBest      -7.975    -7.975  [         6]
  43 softmutate    -8.298    -8.571  [         5]
  44  Heredity     -8.097    -8.494  [    37  24]
  45  Heredity     -7.889    -8.525  [    41  31]
  46  Heredity     -8.463    -7.872  [    42  36]
  47  Heredity     -8.369    -8.784  [    32  34]
  48  Heredity     -8.863    -8.648  [    21  32]
  49  Heredity     -9.217    -7.953  [    36  41]
  50  Heredity     -8.513    -8.686  [    36  31]
  51  Heredity     -9.216    -8.489  [    27  34]
  52  Heredity     -8.608    -8.984  [    31  34]
  53  Heredity     -8.313    -7.959  [    36  27]
  54   Random      -8.399    -8.399  [         0]
  55   Random      -9.214    -9.214  [         0]
  56   Random      -8.529    -8.529  [         0]
  57 keptBest      -9.089    -9.089  [        31]
  58 LatMutate     -8.892    -8.367  [        27]
  59   Random      -8.231    -8.231  [         0]
  60 softmutate    -8.762    -8.367  [        27]
  61 softmutate    -8.203    -8.367  [        27]
  62 keptBest      -8.782    -8.782  [        32]
  63 keptBest      -7.659    -7.659  [        36]
  64 LatMutate     -9.219    -7.659  [        36]
  65 softmutate    -8.193    -8.367  [        27]
  66 softmutate    -8.786    -8.367  [        27]
  67  Heredity     -8.172    -8.190  [    45  57]
  68  Heredity     -8.424    -8.945  [    62  57]
  69  Heredity     -8.293    -8.425  [    63  58]
  70  Heredity     -8.728    -8.447  [    54  50]
  71  Heredity     -8.892    -9.038  [    58  57]
  72  Heredity     -8.134    -8.063  [    45  61]
  73  Heredity     -8.291    -8.963  [    57  58]
  74  Heredity     -8.446    -8.694  [    57  50]
  75  Heredity     -8.790    -8.842  [    58  60]
  76  Heredity     -8.471    -8.857  [    58  60]
  77  Heredity     -8.886    -8.630  [    50  60]
  78 keptBest      -9.089    -9.089  [        57]
  79   Random      -7.421    -7.421  [         0]
  80 LatMutate     -8.239    -8.786  [        66]
  81 softmutate    -9.089    -9.089  [        57]
  82 softmutate    -8.886    -9.089  [        57]
  83 softmutate    -8.535    -8.203  [        61]
  84   Random      -9.089    -9.089  [         0]
  85 softmutate    -8.410    -8.203  [        61]
  86 keptBest      -8.782    -8.782  [        62]
  87 keptBest      -7.659    -7.659  [        63]
  88   Random      -8.295    -8.295  [         0]
  89 LatMutate     -8.546    -8.513  [        50]
  90  Heredity     -8.126    -8.671  [    72  71]
  91  Heredity     -8.123    -8.956  [    71  84]
  92  Heredity     -8.689    -8.659  [    74  86]
  93  Heredity     -8.484    -8.586  [    85  84]
  94  Heredity     -8.892    -8.990  [    84  71]
  95  Heredity     -8.859    -8.900  [    84  86]
  96  Heredity     -8.641    -8.753  [    86  70]
  97  Heredity     -8.847    -8.756  [    86  70]
  98  Heredity     -8.631    -8.824  [    75  77]
  99  Heredity     -8.640    -8.655  [    75  74]
 100  Heredity     -8.886    -9.003  [    77  84]
 101 LatMutate     -8.762    -8.410  [        85]
 102  Heredity     -8.762    -8.605  [    74  77]
 103   Random      -8.219    -8.219  [         0]
 104 softmutate    -7.908    -8.782  [        86]
 105   Random      -8.531    -8.531  [         0]
 106   Random      -8.704    -8.704  [         0]
 107 LatMutate     -7.988    -8.886  [        77]
 108 keptBest      -9.089    -9.089  [        84]
 109 keptBest      -8.782    -8.782  [        86]
 110 keptBest      -7.659    -7.659  [        87]
 111 softmutate    -8.974    -8.782  [        86]
 112 softmutate    -8.633    -8.886  [        77]
 113 softmutate    -8.959    -8.886  [        77]
 114  Heredity     -8.762    -8.854  [  101   94]
 115  Heredity     -8.395    -8.922  [  108  101]
 116  Heredity     -8.055    -8.543  [  107  109]
 117  Heredity     -9.089    -8.967  [  108  109]
 118  Heredity     -8.165    -8.726  [   93  100]
 119  Heredity     -8.096    -9.022  [  108  113]
 120  Heredity     -8.558    -8.502  [  107  113]
 121  Heredity     -8.582    -9.053  [  108  113]
 122   Random      -8.814    -8.814  [         0]
 123   Random      -8.368    -8.368  [         0]
 124   Random      -8.284    -8.284  [         0]
 125 LatMutate     -8.123    -8.633  [       112]
 126 LatMutate     -8.146    -8.959  [       113]
 127 LatMutate     -9.213    -8.886  [       100]
 128 softmutate    -8.702    -8.892  [        94]
 129 softmutate    -9.089    -8.782  [       109]
 130 softmutate    -9.214    -8.959  [       113]
 131 keptBest      -9.089    -9.089  [       108]
 132 keptBest      -8.782    -8.782  [       109]
 133 keptBest      -8.959    -8.959  [       113]
 134 LatMutate     -8.406    -7.988  [       107]
 135 softmutate    -9.089    -8.782  [       109]
 136 softmutate    -8.636    -8.782  [       109]
 137 softmutate    -8.671    -8.782  [       109]
 138  Heredity     -8.627    -8.859  [  133  121]
 139  Heredity     -8.977    -8.931  [  132  131]
 140  Heredity     -8.927    -8.914  [  131  136]
 141  Heredity     -8.743    -8.986  [  131  132]
 142  Heredity     -8.085    -8.915  [  136  131]
 143  Heredity     -8.303    -8.878  [  133  114]
 144  Heredity     -9.089    -8.868  [  132  133]
 145  Heredity     -8.440    -8.799  [  136  133]
 146  Heredity     -8.592    -8.502  [  118  131]
 147  Heredity     -8.250    -8.645  [  137  136]
 148  Heredity     -9.214    -8.727  [  132  137]
 149  Heredity     -8.975    -8.906  [  131  132]
 150   Random      -7.251    -7.251  [         0]
 151   Random      -8.426    -8.426  [         0]
 152 keptBest      -9.089    -9.089  [       131]
 153 keptBest      -8.782    -8.782  [       132]
 154 keptBest      -8.959    -8.959  [       133]
 155 softmutate    -9.089    -9.089  [       131]
 156 softmutate    -8.886    -9.089  [       131]
 157 softmutate    -8.350    -8.582  [       121]
 158   Random      -8.640    -8.640  [         0]
 159 LatMutate     -8.815    -8.959  [       133]
 160 LatMutate     -8.321    -8.959  [       133]
 161 softmutate    -8.654    -8.582  [       121]
 162  Heredity     -8.520    -8.906  [  156  140]
 163  Heredity     -8.578    -8.557  [  141  145]
 164  Heredity     -8.894    -8.756  [  138  152]
 165  Heredity     -8.892    -8.802  [  145  154]
 166  Heredity     -8.408    -8.814  [  140  161]
 167  Heredity     -8.309    -8.865  [  152  161]
 168  Heredity     -8.783    -8.899  [  153  154]
 169  Heredity     -8.924    -8.834  [  154  153]
 170  Heredity     -8.886    -9.023  [  140  152]
 171  Heredity     -8.449    -8.960  [  161  152]
 172  Heredity     -8.146    -9.001  [  156  152]
 173   Random      -8.727    -8.727  [         0]
 174   Random      -8.031    -8.031  [         0]
 175   Random      -8.708    -8.708  [         0]
 176 LatMutate     -8.864    -8.782  [       153]
 177 LatMutate     -8.975    -9.089  [       152]
 178 softmutate    -8.353    -8.927  [       140]
 179 softmutate    -8.926    -8.927  [       140]
 180 softmutate    -8.192    -8.886  [       156]
 181 softmutate    -8.310    -8.959  [       154]
 182 keptBest      -9.089    -9.089  [       152]
 183 keptBest      -8.782    -8.782  [       153]
 184 keptBest      -8.959    -8.959  [       154]
 185 softmutate    -9.064    -8.959  [       154]
 186  Heredity     -8.975    -8.832  [  170  168]
 187  Heredity     -9.089    -8.914  [  185  168]
 188  Heredity     -8.627    -8.829  [  168  184]
 189  Heredity     -8.148    -9.035  [  185  184]
 190  Heredity     -8.979    -8.584  [  168  171]
 191  Heredity     -8.654    -8.980  [  182  173]
 192  Heredity     -8.115    -8.919  [  170  184]
 193  Heredity     -8.591    -8.787  [  179  171]
 194  Heredity     -9.089    -8.945  [  184  179]
 195  Heredity     -7.794    -9.074  [  182  185]
 196  Heredity     -8.528    -8.861  [  168  184]
 197   Random      -7.678    -7.678  [         0]
 198   Random      -9.089    -9.089  [         0]
 199   Random      -9.218    -9.218  [         0]
 200   Random      -8.318    -8.318  [         0]
 201 softmutate    -8.886    -9.089  [       182]
 202 keptBest      -9.064    -9.064  [       185]
 203 softmutate    -9.089    -9.089  [       182]
 204 keptBest      -8.783    -8.783  [       168]
 205 keptBest      -8.886    -8.886  [       170]
 206 LatMutate     -8.545    -8.892  [       165]
 207 LatMutate     -8.976    -9.089  [       182]
 208 softmutate    -8.348    -8.449  [       171]
 209 softmutate    -9.089    -8.449  [       171]
 210  Heredity     -8.782    -8.663  [  196  204]
 211  Heredity     -8.426    -8.752  [  201  193]
 212  Heredity     -8.599    -8.918  [  202  188]
 213  Heredity     -8.635    -8.961  [  204  202]
 214  Heredity     -8.772    -9.082  [  198  202]
 215  Heredity     -8.640    -8.688  [  204  191]
 216  Heredity     -9.089    -8.907  [  204  198]
 217  Heredity     -8.649    -8.934  [  201  202]
 218  Heredity     -8.646    -8.537  [  196  206]
 219  Heredity     -8.720    -8.705  [  204  188]
 220   Random      -8.745    -8.745  [         0]
 221  Heredity     -8.304    -8.992  [  202  201]
 222   Random      -8.659    -8.659  [         0]
 223   Random      -8.230    -8.230  [         0]
 224 keptBest      -9.064    -9.064  [       202]
 225 LatMutate     -8.476    -9.064  [       202]
 226 keptBest      -8.783    -8.783  [       204]
 227 LatMutate     -8.222    -8.783  [       204]
 228 softmutate    -7.905    -8.783  [       204]
 229 softmutate    -8.592    -8.783  [       204]
 230 softmutate    -8.168    -8.528  [       196]
 231 softmutate    -8.436    -8.528  [       196]
 232 keptBest      -8.886    -8.886  [       201]
 233  Heredity     -8.200    -8.827  [  232  226]
 234  Heredity     -8.781    -8.655  [  223  224]
 235  Heredity     -8.882    -8.908  [  214  224]
 236  Heredity     -8.008    -8.967  [  226  216]
 237  Heredity     -8.656    -8.834  [  216  213]
 238  Heredity     -8.016    -8.859  [  229  224]
 239  Heredity     -8.927    -8.699  [  213  226]
 240  Heredity     -8.302    -8.927  [  224  226]
 241  Heredity     -8.892    -8.535  [  226  231]
 242  Heredity     -9.089    -8.720  [  226  213]
 243   Random      -8.710    -8.710  [         0]
 244   Random      -8.473    -8.473  [         0]
 245 LatMutate     -8.960    -8.230  [       223]
 246 LatMutate     -8.201    -9.089  [       216]
 247 softmutate    -8.783    -8.886  [       232]
 248 softmutate    -8.886    -8.886  [       232]
 249 softmutate    -9.064    -9.064  [       224]
 250 softmutate    -9.089    -9.064  [       224]
 251 keptBest      -9.064    -9.064  [       224]
 252   Random      -9.089    -9.089  [         0]
 253 keptBest      -8.230    -8.230  [       223]
 254 keptBest      -8.772    -8.772  [       214]
 255 softmutate    -8.477    -8.635  [       213]
 256 softmutate    -9.212    -8.635  [       213]
 257  Heredity     -8.927    -8.978  [  248  242]
 258  Heredity     -8.624    -8.458  [  253  249]
 259  Heredity     -8.649    -9.030  [  245  249]
 260  Heredity     -8.886    -8.910  [  248  239]
 261  Heredity     -8.700    -8.444  [  253  239]
 262  Heredity     -9.064    -8.986  [  234  249]
 263  Heredity     -8.959    -8.985  [  249  241]
 264  Heredity     -7.923    -9.004  [  248  249]
 265  Heredity     -8.402    -8.970  [  242  239]
 266  Heredity     -8.705    -8.544  [  236  248]
 267  Heredity     -8.215    -8.977  [  249  239]
 268   Random      -7.282    -7.282  [         0]
 269   Random      -8.699    -8.699  [         0]
 270 LatMutate     -7.970    -9.089  [       242]
 271 LatMutate     -8.511    -9.064  [       249]
 272 LatMutate     -8.225    -8.886  [       248]
 273 softmutate    -9.089    -9.089  [       242]
 274 softmutate    -9.089    -9.089  [       242]
 275 softmutate    -9.089    -9.089  [       242]
 276 keptBest      -9.064    -9.064  [       249]
 277   Random      -9.212    -9.212  [         0]
 278 keptBest      -8.230    -8.230  [       253]
 279 keptBest      -8.772    -8.772  [       254]
 280 softmutate    -9.089    -9.089  [       242]
 281  Heredity     -8.301    -8.679  [  261  259]
 282  Heredity     -8.808    -8.936  [  263  257]
 283  Heredity     -8.627    -8.886  [  276  259]
 284  Heredity     -8.886    -9.075  [  276  275]
 285  Heredity     -8.343    -8.801  [  276  261]
 286  Heredity     -8.886    -8.932  [  261  275]
 287  Heredity     -8.882    -8.994  [  276  260]
 288  Heredity     -8.184    -8.326  [  270  260]
 289  Heredity     -8.882    -8.997  [  276  260]
 290  Heredity     -8.808    -8.443  [  263  278]
 291   Random      -8.874    -8.874  [         0]
 292   Random      -8.215    -8.215  [         0]
 293 LatMutate     -8.694    -8.700  [       261]
 294 LatMutate     -8.762    -8.959  [       263]
 295   Random      -8.701    -8.701  [         0]
 296 keptBest      -9.064    -9.064  [       276]
 297 keptBest      -8.230    -8.230  [       278]
 298 LatMutate     -8.771    -8.927  [       257]
 299 keptBest      -8.772    -8.772  [       279]
 300 softmutate    -9.215    -8.927  [       257]
 301 LatMutate     -8.314    -8.700  [       261]
 302 softmutate    -8.812    -8.927  [       257]
 303 softmutate    -8.105    -9.064  [       276]
 304 softmutate    -8.083    -9.064  [       276]
 305  Heredity     -8.329    -8.504  [  290  297]
 306  Heredity     -8.447    -8.885  [  286  289]
 307  Heredity     -8.656    -8.990  [  296  289]
 308  Heredity     -8.107    -8.537  [  283  285]
 309  Heredity     -8.743    -8.959  [  302  296]
 310  Heredity     -8.927    -8.329  [  281  285]
 311  Heredity     -8.844    -8.844  [  302  286]
 312  Heredity     -8.087    -8.616  [  302  285]
 313   Random      -8.892    -8.892  [         0]
 314  Heredity     -7.966    -8.442  [  294  304]
 315   Random      -9.214    -9.214  [         0]
 316 LatMutate     -8.976    -9.064  [       296]
 317 LatMutate     -8.609    -8.812  [       302]
 318 softmutate    -8.022    -8.886  [       286]
 319 softmutate    -8.886    -8.886  [       286]
 320 softmutate    -8.727    -8.882  [       289]
 321   Random      -8.532    -8.532  [         0]
 322 keptBest      -9.064    -9.064  [       296]
 323 keptBest      -8.886    -8.886  [       286]
 324 LatMutate     -8.404    -8.808  [       290]
 325 keptBest      -8.230    -8.230  [       297]
 326 softmutate    -8.343    -8.230  [       297]
 327 softmutate    -8.359    -8.230  [       297]
 328  Heredity     -7.962    -8.576  [  325  323]
 329  Heredity     -8.671    -8.937  [  313  322]
 330  Heredity     -8.272    -9.007  [  322  310]
 331  Heredity     -8.358    -8.684  [  313  325]
 332  Heredity     -8.924    -8.943  [  322  313]
 333  Heredity     -8.792    -8.488  [  320  325]
 334  Heredity     -8.683    -8.209  [  326  308]
 335  Heredity     -8.217    -8.838  [  322  326]
 336  Heredity     -8.375    -8.586  [  325  322]
 337  Heredity     -8.034    -8.592  [  323  325]
 338  Heredity     -8.411    -8.624  [  326  322]
 339  Heredity     -8.865    -8.501  [  325  310]
 340   Random      -7.442    -7.442  [         0]
 341   Random      -8.259    -8.259  [         0]
 342   Random      -8.872    -8.872  [         0]
 343 LatMutate     -8.236    -8.927  [       310]
 344 LatMutate     -8.967    -9.064  [       322]
 345 softmutate    -8.594    -8.892  [       313]
 346 keptBest      -9.064    -9.064  [       322]
 347 softmutate    -8.959    -8.892  [       313]
 348 keptBest      -8.886    -8.886  [       323]
 349 keptBest      -8.230    -8.230  [       325]
 350 softmutate    -8.661    -8.886  [       323]
 351 softmutate    -8.231    -8.886  [       323]
