ID   Modulus:Bulk, Shear, Youngs  Ratio:Poissons,Pughs Vicker-Hard Toughness Debye-T Velocity:Mean,S-wave,P-wave Stable
            (GPa)  (GPa)   (GPa)                           (GPa)  (MPa*m^1/2)  (K)       (km/s)  (km/s)  (km/s)    
    1       125.3   95.4   226.4         0.332   0.761     17.91      0.00  1056.95       7.68    6.96   11.32    .N. 
    2       258.6  221.5   516.8         0.167   0.856     36.28      0.00  1510.07       9.71    8.82   13.96    .Y. 
    3       146.6   88.7   221.2         0.255   0.605     12.31      0.00  1001.28       6.94    6.26   10.81    .Y. 
    4        78.9   41.9   104.3         0.373   0.532      5.49      0.00   766.38       6.55    5.88   10.54    .N. 
    5       300.9  268.0   620.0         0.157   0.891     43.00      0.00  1666.19      10.80    9.82   15.40    .Y. 
    6       276.5  140.5   355.3         0.286   0.508     13.35      0.00  1245.56       8.37    7.51   13.64    .Y. 
    7        96.2   52.4   131.6         0.235   0.545      6.96      0.00   793.70       5.82    5.23    9.32    .Y. 
    8       128.7   94.1   221.1         0.471   0.731     16.78      0.00  1046.20       7.54    6.82   11.22    .N. 
    9       352.1  297.1   695.1         0.171   0.844     42.86      0.00  1733.26      10.93    9.93   15.77    .Y. 
   10       123.7   61.3   145.8         0.562   0.496      6.77      0.00   857.67       6.25    5.61   10.26    .N. 
   11        37.1    4.6    53.3        -0.182   0.123     -2.58      0.00   249.17       1.97    1.73    5.33    .N. 
   12       130.2   92.0   212.2         0.524   0.707     15.78      0.00  1036.65       7.48    6.77   11.22    .N. 
   13       318.2  276.6   643.4         0.163   0.869     42.53      0.00  1688.28      10.87    9.88   15.58    .Y. 
   14       249.0  182.2   438.6         0.210   0.732     26.17      0.00  1388.29       9.09    8.23   13.53    .Y. 
   15       122.4   97.9   232.3         0.302   0.800     19.50      0.00  1063.24       7.64    6.93   11.14    .N. 
   16       199.3  107.0   271.9         0.277   0.537     11.87      0.00  1108.41       7.76    6.97   12.46    .Y. 
   17       211.0   98.7   250.7         0.306   0.468      9.07      0.00  1081.30       7.76    6.95   12.96    .Y. 
   18       175.2  124.5   302.0         0.212   0.711     19.56      0.00  1161.08       7.77    7.03   11.64    .Y. 
   19       102.9   44.6   116.3         0.365   0.433      3.94      0.00   727.09       5.21    4.66    8.88    .N. 
   20       372.6  367.9   829.8         0.129   0.987     59.45      0.00  1910.01      11.91   10.87   16.65    .Y. 
   21       217.8  150.1   364.5         0.227   0.689     21.25      0.00  1282.10       8.67    7.84   13.08    .Y. 
   22       695.1  128.5   315.1         0.252   0.185      1.75      0.00  1208.04       8.06    7.11   18.46    .N. 
   23       328.9  301.8   693.2         0.149   0.918     48.04      0.00  1752.74      11.18   10.18   15.85    .Y. 
   24       251.4  177.0   430.1         0.215   0.704     24.40      0.00  1376.55       9.11    8.24   13.67    .Y. 
   25       263.1  139.3   353.3         0.277   0.529     14.06      0.00  1236.08       8.27    7.42   13.33    .Y. 
   26        98.5   45.3   116.8         0.241   0.460      4.50      0.00   756.11       5.78    5.18    9.70    .Y. 
   27       291.9  296.9   665.0         0.120   1.017     54.03      0.00  1718.43      10.77    9.83   14.97    .Y. 
   28       257.1  102.4   215.7         0.353   0.398      7.22      0.00  1044.37       6.70    5.98   11.72    .N. 
   29       191.3  120.9   297.1         0.214   0.632     16.34      0.00  1153.02       7.79    7.03   12.00    .Y. 
   30     -2704.8   74.5   124.8         0.325  -0.028       NaN      0.00   893.41       5.52    4.82    0.00    .N. 
   31       435.9  516.5  1110.9         0.075   1.185     91.28      0.00  2209.04      13.25   12.15   17.93    .Y. 
   32       420.5  492.3  1062.4         0.079   1.171     87.38      0.00  2159.73      12.99   11.90   17.61    .Y. 
   33        65.4   37.1    93.5         0.286   0.568      5.55      0.00   670.68       4.97    4.47    7.86    .Y. 
   34       372.6  367.9   829.8         0.129   0.987     59.45      0.00  1910.01      11.91   10.87   16.65    .Y. 
   35       103.1   65.8   159.8         0.391   0.638     10.68      0.00   906.93       6.98    6.29   10.72    .N. 
   36       306.5  214.3   521.5         0.216   0.699     27.41      0.00  1492.85       9.59    8.67   14.41    .Y. 
   37       300.9  268.0   620.0         0.157   0.891     43.00      0.00  1666.19      10.80    9.82   15.40    .Y. 
   38       116.2   79.7   193.4         0.212   0.686     13.65      0.00   958.18       6.82    6.16   10.29    .N. 
   39       125.9   97.4   231.7         0.287   0.774     18.59      0.00  1064.04       7.68    6.96   11.28    .Y. 
   40       131.9  101.6   241.0         0.327   0.770     18.98      0.00  1079.39       7.69    6.97   11.31    .Y. 
   41       262.8  187.2   453.7         0.213   0.712     25.71      0.00  1412.99       9.32    8.43   13.95    .Y. 
   42       276.5  140.5   355.3         0.286   0.508     13.35      0.00  1245.56       8.37    7.51   13.64    .Y. 
   43       110.5   63.0   157.0         0.333   0.570      8.68      0.00   851.02       5.99    5.39    9.47    .Y. 
   44       197.5   92.3   239.2         0.300   0.467      8.59      0.00  1014.14       6.85    6.14   11.43    .Y. 
   45       283.7  218.0   520.6         0.194   0.768     31.29      0.00  1488.45       9.39    8.51   13.82    .Y. 
   46       264.0  161.2   401.2         0.249   0.610     18.95      0.00  1308.25       8.53    7.68   13.25    .Y. 
   47       289.5  225.4   536.9         0.191   0.779     32.52      0.00  1523.60       9.75    8.84   14.30    .Y. 
   48       126.7   75.2   187.4         0.298   0.593     10.58      0.00   943.34       6.85    6.16   10.71    .N. 
   49       127.4   93.0   219.7         0.406   0.730     16.62      0.00  1043.98       7.58    6.86   11.28    .N. 
   50       334.6  327.5   740.9         0.131   0.979     54.76      0.00  1805.27      11.29   10.30   15.81    .Y. 
   51       130.5   95.8   226.0         0.404   0.734     17.07      0.00  1054.56       7.59    6.87   11.28    .N. 
   52       116.2   74.0   181.4         0.354   0.637     11.65      0.00   929.33       6.67    6.01   10.24    .Y. 
   53       356.7  213.9   521.2         0.261   0.600     22.37      0.00  1465.57       9.03    8.13   14.08    .Y. 
   54       163.9  101.5   252.3         0.245   0.619     14.04      0.00  1079.56       7.61    6.86   11.78    .Y. 
   55       134.2   98.4   231.9         0.416   0.733     17.37      0.00  1063.56       7.58    6.86   11.26    .N. 
   56       106.1   47.8   122.8         0.406   0.451      4.56      0.00   771.83       5.82    5.21    9.82    .N. 
   57       435.9  516.5  1110.9         0.075   1.185     91.28      0.00  2209.04      13.25   12.15   17.93    .Y. 
   58       401.4  421.0   935.8         0.111   1.049     69.52      0.00  2019.11      12.34   11.27   17.05    .Y. 
   59        63.5   63.9   322.0         2.274   1.007     19.93      0.00   918.80       7.65    6.98   10.65    .N. 
   60       366.8  394.4   871.1         0.104   1.075     68.88      0.00  1966.55      12.18   11.14   16.76    .Y. 
   61       278.0  249.4   575.9         0.155   0.897     41.47      0.00  1598.69      10.25    9.33   14.60    .Y. 
   62       420.5  492.3  1062.4         0.079   1.171     87.38      0.00  2159.73      12.99   11.90   17.61    .Y. 
   63       306.5  214.3   521.5         0.216   0.699     27.41      0.00  1492.85       9.59    8.67   14.41    .Y. 
   64       130.3   92.2   206.3         0.706   0.708     15.83      0.00  1034.91       7.43    6.72   11.14    .N. 
   65       211.7  146.2   356.5         0.220   0.691     20.96      0.00  1259.28       8.44    7.62   12.72    .Y. 
   66       373.1  369.2   832.2         0.128   0.990     59.74      0.00  1913.11      11.93   10.89   16.67    .Y. 
   67       322.5  223.2   542.4         0.221   0.692     27.77      0.00  1507.69       9.48    8.57   14.29    .Y. 
   68       268.9  195.5   472.0         0.208   0.727     27.16      0.00  1429.81       9.26    8.38   13.79    .Y. 
   69       153.9   70.2   182.3         0.310   0.456      6.59      0.00   901.71       6.33    5.66   10.64    .Y. 
   70       312.0  274.2   636.2         0.161   0.879     42.89      0.00  1668.27      10.59    9.63   15.14    .Y. 
   71       401.4  420.3   934.6         0.112   1.047     69.30      0.00  2017.47      12.33   11.27   17.04    .Y. 
   72       274.5  241.6   560.0         0.160   0.880     39.67      0.00  1574.70      10.11    9.19   14.45    .Y. 
   73       280.4  123.1   306.0         0.317   0.439      9.75      0.00  1146.74       7.40    6.62   12.58    .N. 
   74       312.5  316.1   709.2         0.122   1.012     55.81      0.00  1772.87      11.10   10.14   15.44    .Y. 
   75       354.5  337.2   768.0         0.139   0.951     53.80      0.00  1831.29      11.43   10.42   16.09    .Y. 
   76       324.2  296.0   680.9         0.150   0.913     47.18      0.00  1713.81      10.65    9.70   15.11    .Y. 
   77       401.4  455.1   990.8         0.089   1.134     80.13      0.00  2091.59      12.74   11.67   17.37    .Y. 
   78       435.9  516.5  1110.9         0.075   1.185     91.28      0.00  2209.04      13.25   12.15   17.93    .Y. 
   79        12.2   -2.9   -15.9         0.588  -0.239       NaN      0.00   178.01       1.43    0.00    2.40    .N. 
   80       998.0  113.6   299.8         0.313   0.114     -0.49      0.00  1161.00       8.03    7.05   22.41    .N. 
   81       435.7  516.3  1110.4         0.075   1.185     91.27      0.00  2208.61      13.25   12.15   17.93    .Y. 
   82       401.4  455.0   990.6         0.089   1.133     80.10      0.00  2091.30      12.74   11.66   17.36    .Y. 
   83       268.2  201.1   482.3         0.201   0.750     28.77      0.00  1449.94       9.40    8.52   13.91    .Y. 
   84       431.8  517.6  1109.6         0.072   1.199     92.68      0.00  2210.43      13.26   12.16   17.90    .Y. 
   85       295.0  249.2   583.2         0.171   0.845     38.43      0.00  1604.77      10.35    9.40   14.92    .Y. 
   86       420.5  492.3  1062.4         0.079   1.171     87.38      0.00  2159.73      12.99   11.90   17.61    .Y. 
   87       306.5  214.3   521.5         0.216   0.699     27.41      0.00  1492.85       9.59    8.67   14.41    .Y. 
   88        80.2   41.8   103.3         0.396   0.522      5.30      0.00   764.54       6.51    5.84   10.53    .N. 
   89       276.1  179.6   442.4         0.234   0.651     22.20      0.00  1376.27       8.94    8.06   13.66    .Y. 
   90       167.3  105.3   261.0         0.242   0.630     14.75      0.00  1079.63       7.34    6.62   11.32    .Y. 
   91       235.5  185.1   439.8         0.189   0.786     29.00      0.00  1387.14       8.96    8.13   13.12    .Y. 
   92       224.6  142.2   347.1         0.258   0.633     18.29      0.00  1230.09       8.05    7.26   12.39    .Y. 
   93       303.3  301.9   679.9         0.127   0.995     53.15      0.00  1733.89      10.87    9.92   15.16    .Y. 
   94       400.7  420.4   934.3         0.111   1.049     69.47      0.00  2017.74      12.33   11.27   17.04    .Y. 
   95       138.5   88.4   217.7         0.279   0.638     13.27      0.00  1007.07       7.11    6.41   10.92    .Y. 
   96       320.2  298.2   682.6         0.145   0.932     48.60      0.00  1720.19      10.70    9.75   15.13    .Y. 
   97       132.1   83.8   203.6         0.344   0.634     12.65      0.00   988.73       7.09    6.40   10.92    .Y. 
   98       333.0  124.5   327.1         0.338   0.374      7.63      0.00  1153.17       7.40    6.59   13.20    .Y. 
   99       202.0  110.2   279.7         0.266   0.546     12.41      0.00  1102.80       7.43    6.68   11.88    .Y. 
  100       401.4  455.1   990.9         0.089   1.134     80.15      0.00  2091.69      12.74   11.67   17.37    .Y. 
  101       367.7  394.8   872.2         0.105   1.074     68.80      0.00  1967.50      12.19   11.15   16.77    .Y. 
  102       366.8  394.5   871.2         0.104   1.076     68.91      0.00  1966.57      12.18   11.14   16.76    .Y. 
  103      -215.8   -7.6   -22.2         0.478   0.035     -3.03      0.00   285.15       2.35    0.00    0.00    .N. 
  104       337.7  291.6   679.0         0.165   0.863     43.59      0.00  1700.06      10.53    9.57   15.11    .Y. 
  105       102.1   56.0   142.1         0.285   0.549      7.45      0.00   834.49       6.33    5.69   10.11    .N. 
  106       117.1   71.0   177.0         0.283   0.606     10.48      0.00   922.21       6.78    6.11   10.55    .Y. 
  107       294.0  337.9   732.9         0.085   1.149     67.97      0.00  1806.59      11.07   10.14   15.05    .Y. 
  108       431.8  517.6  1109.6         0.072   1.199     92.68      0.00  2210.43      13.26   12.16   17.90    .Y. 
  109       420.5  492.3  1062.4         0.079   1.171     87.38      0.00  2159.73      12.99   11.90   17.61    .Y. 
  110       306.5  214.3   521.5         0.216   0.699     27.41      0.00  1492.85       9.59    8.67   14.41    .Y. 
  111       137.1   85.5   205.7         0.383   0.624     12.54      0.00   999.74       7.18    6.47   11.09    .N. 
  112       349.5  304.7   707.3         0.163   0.872     45.35      0.00  1754.50      11.08   10.07   15.87    .Y. 
  113       414.4  469.9  1023.0         0.089   1.134     81.72      0.00  2119.28      12.84   11.75   17.49    .Y. 
  114       366.0  394.4   870.5         0.104   1.078     69.05      0.00  1966.45      12.19   11.14   16.76    .Y. 
  115       324.9  353.8   778.8         0.101   1.089     65.46      0.00  1866.00      11.61   10.62   15.94    .Y. 
  116       216.5  190.0   441.0         0.161   0.877     33.95      0.00  1393.96       8.91    8.11   12.75    .Y. 
  117       430.9  516.8  1107.6         0.072   1.199     92.64      0.00  2208.86      13.25   12.15   17.89    .Y. 
  118       302.9  250.1   586.5         0.178   0.826     37.43      0.00  1586.58       9.95    9.04   14.41    .Y. 
  119       259.6  239.9   550.2         0.147   0.924     42.00      0.00  1545.97       9.66    8.79   13.67    .Y. 
  120       270.5  140.1   355.1         0.283   0.518     13.68      0.00  1239.39       8.28    7.43   13.42    .Y. 
  121       391.3  430.6   945.1         0.098   1.100     74.71      0.00  2035.97      12.40   11.35   16.99    .Y. 
  122       197.2  128.8   315.4         0.210   0.653     17.82      0.00  1184.14       7.94    7.17   12.13    .Y. 
  123       218.4  159.4   384.5         0.206   0.730     23.87      0.00  1315.21       8.84    8.00   13.16    .Y. 
  124        68.6   40.2   100.1         0.331   0.586      6.30      0.00   700.31       5.23    4.71    8.21    .N. 
  125       199.8  135.8   331.8         0.224   0.680     19.52      0.00  1211.66       8.08    7.30   12.23    .Y. 
  126       248.8  199.3   471.7         0.185   0.801     31.18      0.00  1431.18       9.15    8.30   13.34    .Y. 
  127       141.1  105.4   251.3         0.289   0.747     18.70      0.00  1097.30       7.77    7.04   11.50    .Y. 
  128       130.3   73.9   185.7         0.308   0.567      9.77      0.00   935.46       6.77    6.09   10.72    .Y. 
  129       430.9  516.7  1107.4         0.072   1.199     92.60      0.00  2208.65      13.25   12.15   17.89    .Y. 
  130       126.5   98.8   234.6         0.320   0.781     18.99      0.00  1067.25       7.65    6.93   11.21    .Y. 
  131       431.8  517.6  1109.6         0.072   1.199     92.68      0.00  2210.43      13.26   12.16   17.90    .Y. 
  132       420.5  492.3  1062.4         0.079   1.171     87.38      0.00  2159.73      12.99   11.90   17.61    .Y. 
  133       414.4  469.9  1023.0         0.089   1.134     81.72      0.00  2119.28      12.84   11.75   17.49    .Y. 
  134       103.7   54.6   138.5         0.178   0.527      6.80      0.00   807.07       5.87    5.27    9.48    .N. 
  135       430.9  516.9  1107.7         0.072   1.200     92.69      0.00  2209.10      13.26   12.16   17.89    .Y. 
  136       402.5  468.5  1012.6         0.081   1.164     84.22      0.00  2109.80      12.72   11.66   17.26    .Y. 
  137       374.9  381.5   854.6         0.120   1.018     63.09      0.00  1929.28      11.86   10.83   16.48    .Y. 
  138       383.3  423.2   928.0         0.096   1.104     74.26      0.00  2017.79      12.28   11.24   16.82    .Y. 
  139       136.2   82.7   193.2         0.463   0.607     11.76      0.00   983.93       7.07    6.37   11.00    .N. 
  140       402.2  453.8   989.3         0.090   1.128     79.53      0.00  2089.22      12.73   11.66   17.37    .Y. 
  141       311.5  247.5   586.3         0.188   0.794     35.40      0.00  1592.80      10.16    9.21   14.83    .Y. 
  142       295.8  279.2   637.1         0.141   0.944     47.42      0.00  1664.23      10.36    9.44   14.60    .Y. 
  143       300.0  268.4   620.2         0.155   0.895     43.28      0.00  1645.45      10.39    9.45   14.80    .Y. 
  144       430.9  516.7  1107.5         0.072   1.199     92.63      0.00  2208.77      13.25   12.15   17.89    .Y. 
  145       356.8  349.1   789.7         0.131   0.978     56.92      0.00  1852.33      11.45   10.44   16.03    .Y. 
  146       261.9  197.3   473.2         0.199   0.753     28.61      0.00  1449.32       9.57    8.67   14.14    .Y. 
  147       301.8  213.6   518.2         0.215   0.708     27.78      0.00  1482.54       9.43    8.53   14.14    .Y. 
  148       135.5  102.8   244.5         0.300   0.758     18.75      0.00  1085.48       7.72    7.00   11.39    .Y. 
  149       135.5   88.5   215.3         0.321   0.653     13.74      0.00  1016.29       7.30    6.59   11.16    .N. 
  150        43.3   44.9    88.4         0.065   1.038     16.35      0.00   715.83       5.15    4.70    7.13    .N. 
  151       252.4  165.9   407.6         0.232   0.658     21.36      0.00  1339.68       8.93    8.06   13.61    .Y. 
  152       431.8  517.6  1109.6         0.072   1.199     92.68      0.00  2210.43      13.26   12.16   17.90    .Y. 
  153       420.5  492.3  1062.4         0.079   1.171     87.38      0.00  2159.73      12.99   11.90   17.61    .Y. 
  154       414.4  469.9  1023.0         0.089   1.134     81.72      0.00  2119.28      12.84   11.75   17.49    .Y. 
  155       435.6  516.2  1110.1         0.075   1.185     91.23      0.00  2208.29      13.25   12.15   17.92    .Y. 
  156       401.4  455.2   991.0         0.089   1.134     80.17      0.00  2091.78      12.74   11.67   17.37    .Y. 
  157       323.8  320.4   722.7         0.128   0.989     54.74      0.00  1770.92      10.91    9.95   15.24    .Y. 
  158       201.0  108.4   275.5         0.268   0.539     12.05      0.00  1094.55       7.38    6.63   11.84    .Y. 
  159       206.8  148.8   358.9         0.196   0.720     22.40      0.00  1269.39       8.51    7.70   12.70    .Y. 
  160       254.4  194.5   465.1         0.195   0.765     28.90      0.00  1440.64       9.54    8.65   14.05    .Y. 
  161       368.3  381.0   849.9         0.115   1.035     64.32      0.00  1930.76      11.91   10.88   16.50    .Y. 
  162       271.6  212.7   506.1         0.190   0.783     31.57      0.00  1486.02       9.59    8.69   14.05    .Y. 
  163       177.7   99.1   249.1         0.246   0.558     11.85      0.00  1052.84       7.20    6.47   11.45    .Y. 
  164       322.7  257.6   608.0         0.188   0.798     36.53      0.00  1628.35      10.43    9.46   15.22    .Y. 
  165       400.3  420.7   934.7         0.111   1.051     69.68      0.00  2018.30      12.33   11.27   17.04    .Y. 
  166       181.4   81.8   213.4         0.304   0.451      7.36      0.00   968.85       6.73    6.02   11.34    .Y. 
  167       256.4  194.9   466.2         0.197   0.760     28.72      0.00  1423.00       9.17    8.31   13.53    .Y. 
  168       420.9  492.6  1063.1         0.079   1.170     87.38      0.00  2160.37      12.99   11.91   17.61    .Y. 
  169       397.9  447.0   975.7         0.091   1.124     78.41      0.00  2075.16      12.66   11.59   17.28    .Y. 
  170       400.7  455.1   990.3         0.088   1.136     80.32      0.00  2091.55      12.74   11.67   17.36    .Y. 
  171       299.1  304.1   681.4         0.120   1.017     54.80      0.00  1741.61      10.94    9.99   15.21    .Y. 
  172       304.4  248.6   585.7         0.179   0.817     36.77      0.00  1590.11      10.07    9.15   14.63    .Y. 
  173       351.4  295.6   692.1         0.172   0.841     42.56      0.00  1728.84      10.90    9.91   15.73    .Y. 
  174       235.1  197.5   462.9         0.172   0.840     32.93      0.00  1437.86       9.39    8.53   13.55    .Y. 
  175       120.5   69.2   172.4         0.344   0.574      9.46      0.00   913.11       6.74    6.06   10.63    .Y. 
  176       338.3  280.3   656.8         0.179   0.828     40.37      0.00  1678.88      10.52    9.56   15.23    .Y. 
  177       141.2   89.0   217.8         0.316   0.630     13.10      0.00  1018.23       7.29    6.57   11.23    .N. 
  178       317.5  268.0   627.4         0.171   0.844     40.18      0.00  1644.96      10.36    9.42   14.94    .Y. 
  179       402.1  453.4   988.6         0.090   1.128     79.43      0.00  2088.55      12.73   11.65   17.37    .Y. 
  180       266.2  211.5   501.7         0.186   0.795     32.04      0.00  1479.85       9.53    8.64   13.92    .Y. 
  181       300.6  267.3   618.4         0.157   0.889     42.82      0.00  1648.70      10.49    9.54   14.96    .Y. 
  182       431.8  517.6  1109.6         0.072   1.199     92.68      0.00  2210.43      13.26   12.16   17.90    .Y. 
  183       420.5  492.3  1062.4         0.079   1.171     87.38      0.00  2159.73      12.99   11.90   17.61    .Y. 
  184       414.4  469.9  1023.0         0.089   1.134     81.72      0.00  2119.28      12.84   11.75   17.49    .Y. 
  185       432.1  522.7  1117.5         0.069   1.210     94.27      0.00  2221.93      13.34   12.24   17.99    .Y. 
  186       134.2   87.9   212.7         0.349   0.655     13.73      0.00  1012.56       7.27    6.56   11.10    .Y. 
  187       430.9  516.8  1107.5         0.072   1.199     92.65      0.00  2208.87      13.25   12.15   17.89    .Y. 
  188       299.0  193.1   475.2         0.239   0.646     23.07      0.00  1412.88       8.99    8.11   13.77    .Y. 
  189       249.2-3291.3  1931.1        -0.573  -13.210       NaN      0.00  4773.84      31.12    0.00    0.00    .N. 
  190       134.5   69.3   119.0         0.833   0.516      8.00      0.00   907.23       6.56    5.88   10.65    .N. 
  191       368.1  380.8   849.5         0.115   1.035     64.31      0.00  1930.44      11.91   10.88   16.50    .Y. 
  192       277.2  206.8   484.2         0.205   0.746     29.11      0.00  1453.16       9.20    8.33   13.62    .N. 
  193       261.2  196.5   471.3         0.199   0.752     28.49      0.00  1446.08       9.54    8.65   14.11    .Y. 
  194       431.0  516.8  1107.6         0.072   1.199     92.61      0.00  2208.87      13.25   12.15   17.89    .Y. 
  195       270.7  160.4   398.7         0.255   0.593     18.14      0.00  1286.06       8.13    7.32   12.72    .Y. 
  196       370.2  369.3   831.4         0.126   0.997     60.34      0.00  1902.79      11.74   10.72   16.38    .Y. 
  197        53.8   29.8    81.0        -0.013   0.554      4.30      0.00   593.99       4.29    3.86    6.84    .N. 
  198       433.2  516.8  1109.3         0.073   1.193     92.04      0.00  2209.19      13.26   12.15   17.91    .Y. 
  199       129.1   98.9   235.4         0.271   0.766     18.51      0.00  1073.27       7.76    7.04   11.43    .N. 
  200       172.4  126.5   304.1         0.194   0.734     20.63      0.00  1170.03       7.84    7.10   11.66    .Y. 
  201       401.3  455.2   990.9         0.088   1.134     80.18      0.00  2091.76      12.74   11.67   17.37    .Y. 
  202       432.1  522.7  1117.5         0.069   1.210     94.27      0.00  2221.93      13.34   12.24   17.99    .Y. 
  203       435.7  516.2  1110.2         0.075   1.185     91.22      0.00  2208.31      13.25   12.15   17.92    .Y. 
  204       420.9  492.6  1063.1         0.079   1.170     87.38      0.00  2160.37      12.99   11.91   17.61    .Y. 
  205       400.7  455.1   990.3         0.088   1.136     80.32      0.00  2091.55      12.74   11.67   17.36    .Y. 
  206       343.1  327.2   744.7         0.138   0.954     52.98      0.00  1799.40      11.18   10.19   15.73    .Y. 
  207       131.8   88.0   213.1         0.335   0.668     14.12      0.00  1013.40       7.29    6.58   11.07    .N. 
  208       230.6  146.1   361.1         0.241   0.634     18.65      0.00  1256.04       8.34    7.52   12.83    .Y. 
  209       434.8  516.0  1109.1         0.075   1.187     91.39      0.00  2207.74      13.25   12.15   17.92    .Y. 
  210       420.5  492.6  1062.7         0.079   1.171     87.47      0.00  2160.22      12.99   11.91   17.61    .Y. 
  211       250.4  166.4   408.0         0.230   0.665     21.71      0.00  1340.87       8.93    8.06   13.58    .Y. 
  212       267.0  144.9   358.1         0.298   0.543     14.98      0.00  1219.75       7.64    6.87   12.24    .Y. 
  213       402.7  468.7  1013.1         0.081   1.164     84.21      0.00  2110.21      12.72   11.66   17.26    .Y. 
  214       371.7  354.9   807.6         0.138   0.955     55.81      0.00  1874.97      11.66   10.63   16.40    .Y. 
  215       199.7  113.5   286.0         0.253   0.568     13.44      0.00  1116.95       7.51    6.75   11.88    .Y. 
  216       433.3  516.8  1109.3         0.073   1.193     92.03      0.00  2209.24      13.26   12.15   17.91    .Y. 
  217       399.1  460.2   997.3         0.084   1.153     82.37      0.00  2092.96      12.63   11.57   17.17    .Y. 
  218       308.8  221.6   535.4         0.212   0.718     28.96      0.00  1517.89       9.76    8.83   14.59    .Y. 
  219       318.6  257.8   608.4         0.183   0.809     37.20      0.00  1619.77      10.26    9.31   14.93    .Y. 
  220       352.7  339.7   768.6         0.141   0.963     54.89      0.00  1830.54      11.34   10.34   15.93    .N. 
  221       259.2  244.2   557.1         0.142   0.942     43.53      0.00  1578.37      10.10    9.21   14.25    .Y. 
  222       206.4   98.0   249.8         0.303   0.475      9.23      0.00  1076.98       7.73    6.93   12.84    .Y. 
  223       349.9  461.3   961.5         0.042   1.318     96.97      0.00  2080.97      12.48   11.47   16.59    .Y. 
  224       432.1  522.7  1117.5         0.069   1.210     94.27      0.00  2221.93      13.34   12.24   17.99    .Y. 
  225       292.7  212.2   512.1         0.210   0.725     28.54      0.00  1486.02       9.57    8.66   14.27    .Y. 
  226       420.9  492.6  1063.1         0.079   1.170     87.38      0.00  2160.37      12.99   11.91   17.61    .Y. 
  227       208.6  129.3   321.4         0.244   0.620     16.65      0.00  1186.71       7.94    7.16   12.28    .Y. 
  228       260.8  226.9   527.7         0.163   0.870     37.59      0.00  1518.57       9.64    8.77   13.82    .Y. 
  229       319.9  332.4   740.6         0.114   1.039     59.46      0.00  1806.26      11.18   10.22   15.48    .Y. 
  230       283.8  228.2   539.9         0.183   0.804     34.13      0.00  1528.35       9.74    8.84   14.18    .Y. 
  231       351.9  355.4   797.7         0.122   1.010     59.86      0.00  1867.03      11.53   10.53   16.05    .Y. 
  232       401.3  455.2   990.9         0.088   1.134     80.18      0.00  2091.76      12.74   11.67   17.37    .Y. 
  233       224.4  132.5   331.4         0.255   0.590     15.82      0.00  1203.83       8.07    7.26   12.64    .Y. 
  234       398.2  446.2   974.6         0.092   1.121     78.07      0.00  2070.00      12.59   11.52   17.19    .Y. 
  235       400.6  424.4   941.0         0.109   1.059     70.72      0.00  2027.13      12.39   11.33   17.09    .Y. 
  236       284.8  251.4   582.7         0.159   0.883     40.83      0.00  1602.20      10.23    9.31   14.62    .Y. 
  237       354.4  359.1   805.2         0.121   1.013     60.46      0.00  1873.48      11.54   10.53   16.04    .Y. 
  238       263.6  219.7   515.5         0.175   0.834     34.89      0.00  1491.08       9.41    8.54   13.60    .Y. 
  239       402.1  453.5   988.8         0.090   1.128     79.46      0.00  2088.84      12.73   11.66   17.37    .Y. 
  240       297.5  241.1   569.5         0.181   0.810     35.72      0.00  1562.39       9.85    8.94   14.32    .Y. 
  241       399.9  420.7   934.4         0.111   1.052     69.75      0.00  2018.20      12.33   11.27   17.03    .Y. 
  242       430.9  516.7  1107.5         0.072   1.199     92.62      0.00  2208.73      13.25   12.15   17.89    .Y. 
  243       114.4   68.4   170.9         0.283   0.598      9.98      0.00   912.93       6.82    6.14   10.65    .N. 
  244       166.2  -40.5  -589.6         1.560  -0.244       NaN      0.00   611.09       4.18    0.00    6.90    .N. 
  245       414.1  470.4  1023.6         0.088   1.136     81.95      0.00  2120.28      12.84   11.76   17.50    .Y. 
  246       311.1  240.0   571.9         0.194   0.772     33.45      0.00  1565.06       9.92    8.99   14.58    .Y. 
  247       163.4  126.3   301.7         0.055   0.773     22.10      0.00  1132.54       7.14    6.47   10.49    .N. 
  248       401.4  455.1   990.9         0.089   1.134     80.15      0.00  2091.67      12.74   11.67   17.37    .Y. 
  249       432.1  522.9  1117.7         0.069   1.210     94.32      0.00  2222.23      13.35   12.24   17.99    .Y. 
  250       430.9  516.5  1107.2         0.072   1.199     92.56      0.00  2208.40      13.25   12.15   17.89    .Y. 
  251       432.1  522.7  1117.5         0.069   1.210     94.27      0.00  2221.93      13.34   12.24   17.99    .Y. 
  252       430.8  516.7  1107.4         0.072   1.199     92.64      0.00  2208.68      13.25   12.15   17.89    .Y. 
  253       349.9  461.3   961.5         0.042   1.318     96.97      0.00  2080.97      12.48   11.47   16.59    .Y. 
  254       371.7  354.9   807.6         0.138   0.955     55.81      0.00  1874.97      11.66   10.63   16.40    .Y. 
  255       257.4  121.1   307.4         0.306   0.471     10.70      0.00  1156.47       7.74    6.93   12.89    .Y. 
  256       135.2   52.9   411.5        -1.331   0.391      3.79      0.00   791.61       5.64    5.04    9.93    .N. 
  257       401.8  453.8   989.0         0.090   1.129     79.63      0.00  2089.26      12.73   11.66   17.36    .Y. 
  258       266.6  186.8   452.0         0.221   0.701     25.13      0.00  1409.81       9.27    8.38   13.92    .Y. 
  259       399.2  460.2   997.4         0.084   1.153     82.35      0.00  2092.93      12.63   11.57   17.17    .Y. 
  260       401.3  455.0   990.6         0.089   1.134     80.14      0.00  2091.44      12.74   11.67   17.36    .Y. 
  261       365.7  380.0   846.6         0.114   1.039     64.55      0.00  1922.11      11.79   10.77   16.32    .Y. 
  262       432.1  522.9  1117.7         0.069   1.210     94.31      0.00  2222.23      13.35   12.24   17.99    .Y. 
  263       414.3  470.1  1023.2         0.088   1.135     81.82      0.00  2119.73      12.84   11.76   17.50    .Y. 
  264       337.5  313.8   718.6         0.145   0.930     50.02      0.00  1754.98      10.80    9.84   15.27    .Y. 
  265       310.0  262.6   614.3         0.170   0.847     39.85      0.00  1637.04      10.43    9.47   15.02    .Y. 
  266       119.5   60.2   144.1         0.535   0.504      6.85      0.00   856.27       6.34    5.69   10.36    .N. 
  267       172.4  108.9   269.7         0.235   0.632     15.17      0.00  1094.22       7.40    6.67   11.39    .N. 
  268        52.6   31.6    83.2         0.066   0.601      5.30      0.00   609.12       4.39    3.95    6.84    .N. 
  269       196.8   61.9   152.2         0.390   0.315      2.78      0.00   871.79       6.38    5.67   12.05    .N. 
  270       274.9  295.8   653.2         0.104   1.076     57.78      0.00  1699.22      10.48    9.58   14.42    .Y. 
  271       316.8  195.5   478.0         0.251   0.617     21.88      0.00  1427.40       9.14    8.24   14.16    .N. 
  272       317.9  273.4   637.4         0.166   0.860     41.65      0.00  1651.72      10.29    9.36   14.78    .Y. 
  273       435.5  516.0  1109.8         0.075   1.185     91.23      0.00  2208.06      13.25   12.15   17.92    .Y. 
  274       432.9  516.0  1107.9         0.073   1.192     91.87      0.00  2207.62      13.25   12.15   17.90    .Y. 
  275       435.7  516.4  1110.5         0.075   1.185     91.29      0.00  2208.74      13.25   12.15   17.93    .Y. 
  276       432.1  522.9  1117.7         0.069   1.210     94.32      0.00  2222.23      13.35   12.24   17.99    .Y. 
  277       135.0   87.0   170.1         1.008   0.644     13.31      0.00  1003.74       7.15    6.45   10.96    .N. 
  278       349.9  461.3   961.5         0.042   1.318     96.97      0.00  2080.97      12.48   11.47   16.59    .Y. 
  279       371.7  354.9   807.6         0.138   0.955     55.81      0.00  1874.97      11.66   10.63   16.40    .Y. 
  280       435.7  516.1  1110.0         0.075   1.185     91.21      0.00  2208.19      13.25   12.15   17.92    .Y. 
  281       296.1  241.6   569.7         0.179   0.816     36.07      0.00  1564.10       9.86    8.95   14.32    .Y. 
  282       379.5  403.8   894.2         0.107   1.064     68.99      0.00  1978.46      12.11   11.07   16.69    .Y. 
  283       382.4  422.9   926.9         0.096   1.106     74.36      0.00  2016.98      12.28   11.24   16.81    .Y. 
  284       400.9  455.0   990.4         0.088   1.135     80.25      0.00  2091.39      12.74   11.67   17.36    .Y. 
  285       343.2  359.9   800.0         0.112   1.049     63.14      0.00  1873.88      11.54   10.54   15.95    .Y. 
  286       401.5  455.2   991.0         0.089   1.134     80.13      0.00  2091.76      12.74   11.67   17.37    .Y. 
  287       400.4  424.6   941.1         0.108   1.060     70.82      0.00  2027.41      12.39   11.33   17.09    .Y. 
  288       234.9   89.7   238.4         0.331   0.382      5.99      0.00   996.97       6.64    5.92   11.77    .N. 
  289       400.7  425.1   942.1         0.108   1.061     70.91      0.00  2028.58      12.40   11.33   17.10    .Y. 
  290       380.3  404.4   895.7         0.108   1.063     68.96      0.00  1979.54      12.12   11.07   16.70    .Y. 
  291      -110.0   76.5   184.8         0.355  -0.696       NaN      0.00   350.85       2.56    6.26    0.00    .N. 
  292       148.9   69.6   180.1         0.305   0.468      6.83      0.00   898.25       6.31    5.65   10.53    .Y. 
  293       136.8   81.1   202.2         0.300   0.593     11.20      0.00   975.23       7.01    6.31   10.96    .Y. 
  294       366.3  393.9   869.9         0.104   1.076     68.84      0.00  1965.45      12.18   11.14   16.75    .Y. 
  295        97.3   64.5   159.8         0.319   0.663     11.15      0.00   876.36       6.43    5.81    9.79    .N. 
  296       432.1  522.9  1117.7         0.069   1.210     94.32      0.00  2222.23      13.35   12.24   17.99    .Y. 
  297       349.9  461.3   961.5         0.042   1.318     96.97      0.00  2080.97      12.48   11.47   16.59    .Y. 
  298       328.1  235.4   568.2         0.212   0.718     30.11      0.00  1560.46       9.99    9.03   14.92    .Y. 
  299       371.7  354.9   807.6         0.138   0.955     55.81      0.00  1874.97      11.66   10.63   16.40    .Y. 
  300       139.7  105.0   249.5         0.301   0.752     18.80      0.00  1095.77       7.77    7.04   11.49    .Y. 
  301       324.9  231.8   561.5         0.213   0.714     29.59      0.00  1537.86       9.70    8.78   14.52    .Y. 
  302       383.0  400.4   890.8         0.112   1.046     67.17      0.00  1974.72      12.13   11.09   16.78    .Y. 
  303       254.0  175.0   426.8         0.220   0.689     23.53      0.00  1350.56       8.69    7.86   13.11    .Y. 
  304       290.1  285.9   645.6         0.129   0.986     50.78      0.00  1692.86      10.67    9.74   14.92    .Y. 
  305       307.1  256.6   602.0         0.173   0.836     38.60      0.00  1609.03      10.13    9.20   14.63    .Y. 
  306       336.0  318.2   725.4         0.140   0.947     51.62      0.00  1785.26      11.23   10.23   15.81    .Y. 
  307       355.3  359.5   806.5         0.122   1.012     60.40      0.00  1874.74      11.54   10.54   16.06    .Y. 
  308       326.2  323.7   729.7         0.127   0.992     55.30      0.00  1783.10      11.02   10.06   15.39    .Y. 
  309       312.4  246.3   584.4         0.190   0.788     34.94      0.00  1589.64      10.14    9.20   14.83    .Y. 
  310       401.8  453.4   988.4         0.090   1.128     79.49      0.00  2088.40      12.73   11.65   17.36    .Y. 
  311       142.7   73.9   162.5         0.549   0.518      8.47      0.00   926.84       6.56    5.89   10.64    .N. 
  312       231.3  203.5   472.1         0.160   0.880     35.58      0.00  1443.24       9.24    8.40   13.20    .Y. 
  313       400.4  420.6   934.5         0.111   1.051     69.62      0.00  2018.01      12.33   11.27   17.04    .Y. 
  314       164.3  104.9   257.3         0.250   0.638     14.99      0.00  1064.56       7.08    6.38   10.87    .Y. 
  315        97.3   96.5   229.2         0.342   0.991     25.68      0.00  1051.52       7.58    6.92   10.59    .N. 
  316       140.3   89.4   215.0         0.357   0.637     13.33      0.00  1020.31       7.31    6.59   11.24    .N. 
  317       297.9  233.4   554.2         0.192   0.783     33.51      0.00  1540.27       9.73    8.82   14.25    .Y. 
  318       275.3  197.6   477.6         0.212   0.717     26.87      0.00  1425.53       9.07    8.21   13.56    .Y. 
  319       401.4  455.0   990.8         0.089   1.134     80.11      0.00  2091.52      12.74   11.67   17.37    .Y. 
  320       350.9  295.6   691.9         0.171   0.842     42.64      0.00  1728.57      10.90    9.90   15.72    .Y. 
  321        91.9   43.1   108.4         1.397   0.469      4.47      0.00   736.79       5.62    5.03    9.37    .N. 
  322       432.1  522.9  1117.7         0.069   1.210     94.32      0.00  2222.23      13.35   12.24   17.99    .Y. 
  323       401.5  455.2   991.0         0.089   1.134     80.13      0.00  2091.76      12.74   11.67   17.37    .Y. 
  324       206.0  120.9   302.7         0.258   0.587     14.73      0.00  1167.48       8.06    7.26   12.64    .Y. 
  325       349.9  461.3   961.5         0.042   1.318     96.97      0.00  2080.97      12.48   11.47   16.59    .Y. 
  326       308.5  326.7   724.3         0.109   1.059     60.23      0.00  1801.45      11.30   10.33   15.59    .Y. 
  327       280.4  191.4   467.6         0.222   0.683     24.67      0.00  1431.11       9.45    8.54   14.28    .Y. 
  328       317.8  311.1   703.7         0.131   0.979     53.05      0.00  1753.43      10.90    9.94   15.25    .Y. 
  329       376.0  382.2   856.4         0.120   1.017     63.08      0.00  1930.97      11.87   10.84   16.50    .Y. 
  330       330.0  304.0   697.6         0.148   0.921     48.50      0.00  1742.76      10.91    9.94   15.46    .Y. 
  331       287.1  301.1   669.3         0.112   1.049     56.63      0.00  1732.89      10.91    9.97   15.07    .Y. 
  332       397.7  447.0   975.5         0.091   1.124     78.43      0.00  2074.97      12.66   11.59   17.28    .Y. 
  333       363.9  380.8   846.8         0.112   1.047     65.21      0.00  1925.39      11.83   10.81   16.35    .Y. 
  334       303.1  256.2   599.7         0.171   0.845     39.15      0.00  1614.32      10.24    9.31   14.76    .Y. 
  335       214.3  164.6   393.0         0.196   0.768     26.08      0.00  1317.16       8.62    7.81   12.68    .Y. 
  336       357.3  368.6   822.6         0.116   1.032     62.81      0.00  1893.19      11.61   10.60   16.09    .Y. 
  337       268.2  223.5   524.7         0.174   0.833     35.26      0.00  1508.86       9.58    8.70   13.85    .Y. 
  338       342.5  302.5   700.4         0.160   0.883     45.88      0.00  1736.30      10.82    9.85   15.46    .Y. 
  339       338.1  281.1   658.2         0.178   0.831     40.62      0.00  1681.13      10.54    9.57   15.24    .Y. 
  340        13.5    8.2    20.5         0.245   0.609      0.84      0.00   332.89       2.75    2.47    4.27    .N. 
  341        88.0   46.9   118.8         0.212   0.533      6.10      0.00   760.09       5.71    5.13    9.19    .N. 
  342       265.2  141.9   349.6         0.282   0.535     14.47      0.00  1265.69       8.71    7.83   14.00    .Y. 
  343       318.2  175.0   438.6         0.270   0.550     17.39      0.00  1352.11       8.62    7.75   13.76    .Y. 
  344       157.5   99.5   240.5         0.330   0.632     14.23      0.00  1065.30       7.47    6.74   11.51    .Y. 
  345       363.5  359.0   810.1         0.129   0.987     58.57      0.00  1876.33      11.58   10.56   16.18    .Y. 
  346       432.1  522.9  1117.7         0.069   1.210     94.32      0.00  2222.23      13.35   12.24   17.99    .Y. 
  347       414.3  470.2  1023.5         0.088   1.135     81.86      0.00  2120.00      12.84   11.76   17.50    .Y. 
  348       401.5  455.2   991.0         0.089   1.134     80.13      0.00  2091.76      12.74   11.67   17.37    .Y. 
  349       349.9  461.3   961.5         0.042   1.318     96.97      0.00  2080.97      12.48   11.47   16.59    .Y. 
  350       304.1  239.0   568.1         0.189   0.786     34.16      0.00  1568.81      10.04    9.11   14.70    .Y. 
  351       316.4  244.2   582.5         0.193   0.772     33.82      0.00  1578.90      10.01    9.08   14.72    .Y. 
