Gen   ID    Origin   Composition    Enthalpy   Volume  Density   Fitness   KPOINTS  SYMM  Q_entr A_order S_order
                                      (eV)     (A^3)  (g/cm^3)
  1   22   Random    [   4  8 16 ]  -653.565   201.404   4.692   -653.565 [ 1  1  1]  63  0.090  3.655  3.206
  2   77 softmutate  [   4  8 16 ]  -653.565   201.404   4.692   -653.565 [ 1  1  1]  63  0.090  3.655  3.206
  3  127 keptBest    [   4  8 16 ]  -653.565   201.404   4.692   -653.565 [ 1  1  1]  63  0.090  3.655  3.206
  4  166 softmutate  [   4  8 16 ]  -653.565   201.404   4.692   -653.565 [ 1  1  1]  63  0.090  3.655  3.206
  5  216 softmutate  [   4  8 16 ]  -655.062   201.062   4.700   -655.062 [ 1  1  1]  62  0.140  3.199  2.640
  6  265 keptBest    [   4  8 16 ]  -655.062   201.062   4.700   -655.062 [ 1  1  1]  62  0.140  3.199  2.640
  7  299 Permutate   [   4  8 16 ]  -655.062   201.062   4.700   -655.062 [ 1  1  1]  62  0.140  3.199  2.640
  8  357 keptBest    [   4  8 16 ]  -655.062   201.062   4.700   -655.062 [ 1  1  1]  62  0.140  3.199  2.640
  9  404 keptBest    [   4  8 16 ]  -655.062   201.062   4.700   -655.062 [ 1  1  1]  62  0.140  3.199  2.640
 10  451 keptBest    [   4  8 16 ]  -655.062   201.062   4.700   -655.062 [ 1  1  1]  62  0.140  3.199  2.640
 11  497 keptBest    [   4  8 16 ]  -655.062   201.062   4.700   -655.062 [ 1  1  1]  62  0.140  3.199  2.640
 12  503  Heredity   [   4  8 16 ]  -655.062   201.062   4.700   -655.062 [ 1  1  1]  62  0.140  3.199  2.640
 13  590 keptBest    [   4  8 16 ]  -655.062   201.062   4.700   -655.062 [ 1  1  1]  62  0.140  3.199  2.640
 14  637 keptBest    [   4  8 16 ]  -655.062   201.062   4.700   -655.062 [ 1  1  1]  62  0.140  3.199  2.640
 15  684 keptBest    [   4  8 16 ]  -655.062   201.062   4.700   -655.062 [ 1  1  1]  62  0.140  3.199  2.640
 16  730 keptBest    [   4  8 16 ]  -655.062   201.062   4.700   -655.062 [ 1  1  1]  62  0.140  3.199  2.640
 17  776 keptBest    [   4  8 16 ]  -655.062   201.062   4.700   -655.062 [ 1  1  1]  62  0.140  3.199  2.640
 18  823 keptBest    [   4  8 16 ]  -655.062   201.062   4.700   -655.062 [ 1  1  1]  62  0.140  3.199  2.640
 19  865 softmutate  [   4  8 16 ]  -655.062   201.062   4.700   -655.062 [ 1  1  1]  62  0.140  3.199  2.640
 20  915 keptBest    [   4  8 16 ]  -655.062   201.062   4.700   -655.062 [ 1  1  1]  62  0.140  3.199  2.640
 21  962 keptBest    [   4  8 16 ]  -655.062   201.062   4.700   -655.062 [ 1  1  1]  62  0.140  3.199  2.640
 22 1000 softmutate  [   4  8 16 ]  -655.062   201.062   4.700   -655.062 [ 1  1  1]  62  0.140  3.199  2.640
 23 1055 keptBest    [   4  8 16 ]  -655.062   201.062   4.700   -655.062 [ 1  1  1]  62  0.140  3.199  2.640
 24 1092 Permutate   [   4  8 16 ]  -655.062   201.062   4.700   -655.062 [ 1  1  1]  62  0.140  3.199  2.640
 25 1148 keptBest    [   4  8 16 ]  -655.062   201.062   4.700   -655.062 [ 1  1  1]  62  0.140  3.199  2.640
 26 1193 softmutate  [   4  8 16 ]  -655.062   201.062   4.700   -655.062 [ 1  1  1]  62  0.140  3.199  2.640
 27 1205  Heredity   [   4  8 16 ]  -655.062   201.062   4.700   -655.062 [ 1  1  1]   1  0.140  3.199  2.640
 28 1286 keptBest    [   4  8 16 ]  -655.062   201.062   4.700   -655.062 [ 1  1  1]   1  0.140  3.199  2.640
 29 1332 keptBest    [   4  8 16 ]  -655.062   201.062   4.700   -655.062 [ 1  1  1]   1  0.140  3.199  2.640
 30 1340  Heredity   [   4  8 16 ]  -655.062   201.062   4.700   -655.062 [ 1  1  1]  62  0.140  3.199  2.640
 31 1424 keptBest    [   4  8 16 ]  -655.062   201.062   4.700   -655.062 [ 1  1  1]  62  0.140  3.199  2.640
 32 1470 keptBest    [   4  8 16 ]  -655.062   201.062   4.700   -655.062 [ 1  1  1]  62  0.140  3.199  2.640
 33 1516 keptBest    [   4  8 16 ]  -655.062   201.062   4.700   -655.062 [ 1  1  1]  62  0.140  3.199  2.640
 34 1562 keptBest    [   4  8 16 ]  -655.062   201.062   4.700   -655.062 [ 1  1  1]  62  0.140  3.199  2.640
