-647.884 -647.884 -647.884 -647.960
-644.935 -644.935 -644.935 -645.016
-641.554 -641.554 -641.554 -641.647
-650.302 -650.302 -650.302 -650.381
-643.998 -643.998 -643.998 -644.087
-649.964 -649.964 -649.964 -650.036
-648.614 -648.614 -648.614 -648.682
-646.592 -646.592 -646.592 -646.678
-647.626 -647.626 -647.626 -647.717
-648.645 -648.645 -648.645 -648.728
-644.294 -644.294 -644.294 -644.376
-632.965 -632.965 -632.965 -633.035
-648.819 -648.819 -648.819 -648.899
-557.047 -646.532 -646.532 -646.618
-649.391 -649.391 -649.391 -649.477
-651.231 -651.231 -651.231 -651.304
-646.746 -646.746 -646.746 -646.832
-646.141 -646.141 -646.141 -646.217
-648.464 -648.464 -648.464 -648.544
-646.675 -646.674 -646.674 -646.755
-649.651 -649.651 -649.651 -649.721
-653.490 -653.490 -653.490 -653.565
-643.971 -643.971 -643.971 -644.045
-643.589 -643.589 -643.589 -643.667
-643.554 -643.554 -643.554 -643.637
-650.302 -650.302 -650.302 -650.381
-646.483 -646.483 -646.483 -646.574
-651.943 -651.943 -651.943 -652.025
-647.401 -647.401 -647.401 -647.482
-651.972 -651.972 -651.972 -652.042
-646.498 -646.498 -646.498 -646.592
-653.490 -653.490 -653.490 -653.565
-644.097 -644.097 -644.096 -644.187
-642.464 -642.464 -642.464 -642.540
-646.991 -646.991 -646.991 -647.072
-644.096 -644.096 -644.096 -644.186
-642.909 -642.909 -642.909 -642.992
-648.647 -648.646 -648.646 -648.722
-648.226 -648.226 -648.226 -648.301
-651.231 -651.231 -651.231 -651.304
-645.148 -645.147 -645.147 -645.234
-643.223 -643.223 -643.223 -643.303
-652.146 -652.146 -652.146 -652.220
-647.807 -647.807 -647.807 -647.888
-651.746 -651.746 -651.746 -651.818
-649.836 -649.836 -649.836 -649.916
-649.595 -649.595 -649.595 -649.677
-649.478 -649.478 -649.478 -649.563
-647.370 -647.370 -647.370 -647.466
-649.551 -649.551 -649.551 -649.618
-647.361 -647.361 -647.361 -647.447
-649.599 -649.599 -649.599 -649.669
-644.266 -644.266 -644.266 -644.344
-651.046 -651.046 -651.046 -651.119
-644.671 -644.671 -644.671 -644.745
-641.483 -641.483 -641.483 -641.559
-650.850 -650.850 -650.850 -650.923
-649.391 -649.391 -649.391 -649.477
-648.936 -648.936 -648.936 -649.013
-646.620 -646.620 -646.620 -646.700
-651.606 -651.606 -651.606 -651.678
-649.439 -649.439 -649.439 -649.525
-647.173 -647.173 -647.173 -647.247
-647.900 -647.900 -647.900 -647.993
-645.734 -645.734 -645.734 -645.824
-647.887 -647.887 -647.887 -647.957
-649.977 -649.977 -649.977 -650.047
-644.520 -644.520 -644.520 -644.594
-649.651 -649.651 -649.651 -649.721
-648.149 -648.149 -648.149 -648.234
-648.581 -648.581 -648.581 -648.669
-650.011 -650.011 -650.011 -650.082
-648.799 -648.799 -648.799 -648.866
-642.333 -642.333 -642.333 -642.423
-651.399 -651.399 -651.399 -651.470
-650.902 -650.902 -650.902 -650.979
-653.490 -653.490 -653.490 -653.565
-652.060 -652.060 -652.060 -652.131
-649.903 -649.903 -649.903 -649.981
-649.903 -649.903 -649.903 -649.981
-653.490 -653.490 -653.490 -653.565
-651.972 -651.972 -651.972 -652.042
-651.943 -651.943 -651.943 -652.025
-651.231 -651.231 -651.231 -651.304
-650.302 -650.302 -650.302 -650.381
-649.964 -649.964 -649.964 -650.036
-649.162 -649.162 -649.162 -649.234
-649.117 -649.116 -649.116 -649.187
-652.678 -652.678 -652.678 -652.751
-648.670 -648.670 -648.670 -648.744
-647.466 -647.466 -647.466 -647.556
-645.961 -645.961 -645.961 -646.050
-649.858 -649.858 -649.858 -649.930
-651.698 -651.698 -651.698 -651.777
-649.528 -649.528 -649.528 -649.617
-649.235 -649.235 -649.235 -649.300
-644.837 -644.837 -644.837 -644.914
-649.685 -649.685 -649.685 -649.773
-650.388 -650.388 -650.388 -650.458
-648.569 -648.569 -648.569 -648.656
-647.530 -647.530 -647.530 -647.611
-647.673 -647.673 -647.673 -647.750
-648.228 -648.323 -648.323 -648.408
-651.073 -651.073 -651.073 -651.148
-647.397 -647.397 -647.397 -647.485
-649.237 -650.294 -650.294 -650.378
-648.436 -648.436 -648.436 -648.515
-642.637 -642.637 -642.637 -642.712
-646.910 -646.910 -646.910 -646.990
-648.533 -648.533 -648.533 -648.607
-648.487 -648.487 -648.487 -648.572
-651.153 -651.153 -651.153 -651.242
-649.877 -649.877 -649.877 -649.948
-644.169 -644.169 -644.169 -644.248
-644.663 -644.663 -644.663 -644.742
-651.153 -651.153 -651.153 -651.224
-650.011 -650.011 -650.011 -650.082
-651.606 -651.606 -651.606 -651.678
-648.978 -648.978 -648.978 -649.052
-645.340 -645.340 -645.340 -645.426
-650.302 -650.302 -650.302 -650.381
-652.146 -652.146 -652.146 -652.220
-652.146 -652.146 -652.146 -652.220
-648.799 -648.799 -648.799 -648.866
-651.944 -651.944 -651.944 -652.018
-651.944 -651.944 -651.944 -652.018
-653.490 -653.490 -653.490 -653.565
-651.972 -651.972 -651.972 -652.042
-651.231 -651.231 -651.231 -651.304
-651.046 -651.046 -651.046 -651.119
-650.302 -650.302 -650.302 -650.381
-649.551 -649.551 -649.551 -649.618
-652.179 -652.179 -652.179 -652.253
-651.375 -651.375 -651.375 -651.446
-648.082 -648.082 -648.082 -648.174
-649.671 -649.671 -649.671 -649.746
-649.338 -649.338 -649.338 -649.405
-650.048 -650.048 -650.048 -650.119
-645.040 -645.040 -645.040 -645.134
-651.791 -651.791 -651.791 -651.866
-647.804 -647.804 -647.804 -647.877
-648.308 -648.348 -648.348 -648.432
-645.806 -645.806 -645.806 -645.892
-651.226 -651.226 -651.226 -651.296
-647.130 -647.130 -647.130 -647.212
-647.630 -647.630 -647.630 -647.699
-644.271 -644.271 -644.271 -644.350
-645.148 -645.148 -645.148 -645.227
-650.111 -650.111 -650.111 -650.189
-650.214 -650.214 -650.214 -650.285
-651.690 -651.690 -651.690 -651.761
-647.328 -647.328 -647.328 -647.417
-643.440 -643.440 -643.440 -643.526
-649.900 -649.900 -649.900 -649.975
-647.561 -647.561 -647.561 -647.643
-649.964 -649.964 -649.964 -650.033
-645.205 -645.205 -645.205 -645.292
-648.896 -648.896 -648.896 -648.959
-647.968 -647.968 -647.968 -648.047
-651.256 -651.256 -651.256 -651.326
-642.262 -642.262 -642.262 -642.358
-652.348 -652.348 -652.348 -652.422
-651.231 -651.231 -651.231 -651.304
-651.698 -651.698 -651.698 -651.777
-650.968 -650.968 -650.968 -651.040
-653.490 -653.490 -653.490 -653.565
-651.197 -651.197 -651.197 -651.267
-644.503 -644.503 -644.503 -644.588
-646.646 -646.646 -646.646 -646.734
-651.153 -651.153 -651.153 -651.242
-652.688 -652.688 -652.688 -652.762
-651.175 -651.175 -651.175 -651.247
-653.490 -653.490 -653.490 -653.565
-651.972 -651.972 -651.972 -652.042
-651.698 -651.698 -651.698 -651.777
-651.231 -651.231 -651.231 -651.304
-651.153 -651.153 -651.153 -651.242
-651.046 -651.046 -651.046 -651.119
-649.836 -649.836 -649.836 -649.918
-648.896 -648.896 -648.896 -648.959
-651.972 -651.972 -651.972 -652.042
-649.537 -649.537 -649.537 -649.604
-643.122 -643.122 -643.122 -643.215
-650.096 -650.096 -650.096 -650.173
-651.667 -651.820 -651.820 -651.899
-643.664 -643.664 -643.664 -643.756
-647.573 -647.573 -647.573 -647.658
-648.675 -648.675 -648.675 -648.754
-647.448 -647.448 -647.448 -647.529
-651.944 -651.944 -651.944 -652.018
-646.830 -646.830 -646.830 -646.911
-651.268 -651.268 -651.268 -651.339
-651.129 -651.129 -651.129 -651.199
-651.160 -651.868 -651.868 -651.945
-646.290 -646.290 -646.290 -646.367
-646.208 -646.208 -646.208 -646.290
-650.302 -650.302 -650.302 -650.381
-651.996 -651.996 -651.996 -652.070
-640.897 -640.897 -640.897 -640.973
-645.639 -645.639 -645.639 -645.730
-650.059 -650.059 -650.059 -650.130
-643.495 -643.495 -643.495 -643.569
-649.559 -649.559 -649.559 -649.644
-648.320 -648.320 -648.320 -648.408
-647.186 -647.186 -647.186 -647.254
-646.137 -646.137 -646.137 -646.218
-650.782 -651.327 -651.805 -651.877
-651.353 -651.353 -651.353 -651.425
-642.454 -642.454 -642.454 -642.537
-647.303 -647.303 -647.303 -647.380
-647.346 -647.346 -647.346 -647.436
-644.262 -644.262 -644.262 -644.354
-649.589 -649.589 -649.589 -649.657
-647.329 -647.329 -647.329 -647.413
-643.112 -643.112 -643.112 -643.201
-654.988 -654.988 -654.988 -655.062
-647.604 -647.671 -647.671 -647.749
-643.424 -643.424 -643.424 -643.505
-653.490 -653.490 -653.490 -653.565
-651.972 -651.972 -651.972 -652.042
-651.698 -651.698 -651.698 -651.777
-651.375 -651.375 -651.375 -651.446
-651.231 -651.231 -651.231 -651.304
-651.153 -651.153 -651.153 -651.242
-644.454 -644.454 -644.453 -644.542
-649.464 -649.464 -649.464 -649.534
-647.128 -647.128 -647.128 -647.216
-648.288 -648.288 -648.288 -648.371
-642.383 -642.383 -642.383 -642.483
-650.616 -650.616 -650.616 -650.706
-646.542 -646.542 -646.542 -646.623
-647.920 -647.920 -647.920 -648.006
-652.292 -652.292 -652.292 -652.365
-648.278 -648.278 -648.278 -648.358
-645.953 -645.953 -645.953 -646.048
-649.598 -649.598 -649.598 -649.670
-650.020 -650.020 -650.020 -650.086
-645.133 -645.133 -645.133 -645.211
-643.703 -643.703 -643.703 -643.789
-651.072 -651.072 -651.072 -651.146
-650.567 -650.567 -650.567 -650.644
-638.995 -638.995 -638.995 -639.083
-644.508 -644.508 -644.508 -644.587
-640.768 -640.768 -640.768 -640.840
-647.726 -647.726 -647.726 -647.792
-648.004 -648.004 -648.004 -648.077
-646.505 -646.505 -646.505 -646.575
-645.465 -645.465 -645.465 -645.546
-646.449 -646.449 -646.449 -646.533
-648.426 -648.426 -648.426 -648.508
-648.132 -648.132 -648.132 -648.207
-647.861 -647.861 -647.861 -647.943
-649.162 -649.162 -649.161 -649.234
-651.153 -651.153 -651.153 -651.242
-651.353 -651.353 -651.353 -651.425
-652.846 -652.846 -652.846 -652.921
-649.991 -649.991 -649.991 -650.072
-653.490 -653.490 -653.490 -653.565
-651.984 -651.984 -651.984 -652.058
-651.984 -651.984 -651.984 -652.058
-653.490 -653.490 -653.490 -653.565
-649.559 -649.559 -649.559 -649.644
-644.426 -644.426 -644.426 -644.520
-651.231 -651.231 -651.231 -651.304
-654.988 -654.988 -654.988 -655.062
-653.490 -653.490 -653.490 -653.565
-651.972 -651.972 -651.972 -652.042
-651.375 -651.375 -651.375 -651.446
-651.231 -651.231 -651.231 -651.304
-651.153 -651.153 -651.153 -651.242
-651.231 -651.231 -651.231 -651.304
-649.598 -649.598 -649.598 -649.670
-648.347 -648.470 -648.470 -648.552
-650.387 -650.387 -650.387 -650.479
-642.957 -642.957 -642.957 -643.040
-646.409 -646.409 -646.409 -646.494
-651.428 -651.428 -651.428 -651.504
-653.490 -653.490 -653.490 -653.565
-646.501 -646.501 -646.501 -646.586
-647.889 -647.889 -647.889 -647.972
-651.452 -651.452 -651.452 -651.536
-648.840 -648.840 -648.840 -648.918
-648.233 -648.233 -648.233 -648.316
-652.115 -652.115 -652.115 -652.191
-648.500 -648.500 -648.500 -648.580
-648.739 -648.739 -648.739 -648.829
-646.564 -646.564 -646.564 -646.642
-642.217 -642.217 -642.217 -642.300
-648.692 -648.692 -648.692 -648.773
-648.570 -648.570 -648.570 -648.657
-649.395 -649.395 -649.395 -649.465
-647.574 -647.574 -647.574 -647.656
-647.593 -647.593 -647.593 -647.678
-647.579 -647.579 -647.579 -647.663
-647.508 -647.508 -647.508 -647.597
-646.919 -646.919 -646.919 -646.995
-649.464 -649.464 -649.464 -649.551
-650.394 -650.394 -650.394 -650.473
-654.988 -654.988 -654.988 -655.062
-650.462 -650.462 -650.462 -650.542
-645.783 -645.783 -645.783 -645.864
-650.616 -650.616 -650.616 -650.706
-650.067 -650.067 -650.067 -650.136
-648.512 -648.512 -648.512 -648.595
-647.881 -647.881 -647.881 -647.959
-646.233 -647.005 -647.005 -647.092
-650.616 -650.616 -650.616 -650.706
-650.322 -650.322 -650.322 -650.393
-651.916 -651.916 -651.916 -651.995
-652.589 -652.589 -652.589 -652.660
-654.988 -654.988 -654.988 -655.062
-653.490 -653.490 -653.490 -653.565
-651.972 -651.972 -651.972 -652.042
-651.375 -651.375 -651.375 -651.446
-651.231 -651.231 -651.231 -651.304
-651.153 -651.153 -651.153 -651.242
-647.124 -647.124 -647.124 -647.208
-648.073 -648.073 -648.073 -648.155
-645.986 -645.986 -645.986 -646.066
-651.133 -651.500 -651.500 -651.580
-647.104 -647.104 -647.104 -647.184
-653.490 -653.490 -653.490 -653.565
-649.439 -649.439 -649.439 -649.514
-649.177 -649.177 -649.177 -649.260
-648.533 -648.533 -648.533 -648.605
-648.500 -648.747 -648.747 -648.836
-650.548 -650.548 -650.548 -650.619
-650.015 -650.015 -650.015 -650.090
-647.846 -647.846 -647.846 -647.932
-650.668 -650.668 -650.668 -650.738
-645.604 -645.604 -645.604 -645.696
-651.736 -651.736 -651.736 -651.813
-649.180 -649.180 -649.180 -649.260
-652.073 -652.073 -652.073 -652.150
-646.058 -646.058 -646.058 -646.146
-649.221 -649.221 -649.221 -649.303
-651.419 -651.419 -651.419 -651.493
-647.726 -647.726 -647.726 -647.792
-645.607 -645.607 -645.607 -645.685
-647.726 -647.726 -647.726 -647.792
-647.257 -647.257 -647.257 -647.370
-645.797 -645.797 -645.797 -645.881
-643.612 -643.612 -643.612 -643.711
-651.231 -651.231 -651.231 -651.304
-650.419 -650.419 -650.419 -650.501
-648.732 -648.732 -648.732 -648.810
-645.846 -645.846 -645.846 -645.923
-650.978 -650.978 -650.978 -651.051
-649.637 -649.637 -649.637 -649.706
-653.490 -653.490 -653.490 -653.565
-646.637 -646.637 -646.637 -646.716
-647.502 -647.502 -647.502 -647.583
-650.409 -650.409 -650.409 -650.484
-649.250 -649.250 -649.250 -649.322
-650.690 -650.776 -650.776 -650.854
-651.452 -651.452 -651.452 -651.536
-654.988 -654.988 -654.988 -655.062
-653.490 -653.490 -653.490 -653.565
-652.589 -652.589 -652.589 -652.660
-651.972 -651.972 -651.972 -652.042
-651.375 -651.375 -651.375 -651.446
-651.231 -651.231 -651.231 -651.304
-650.697 -650.697 -650.697 -650.775
-650.021 -650.021 -650.021 -650.097
-648.467 -648.467 -648.467 -648.551
-650.641 -650.641 -650.641 -650.718
-650.629 -650.629 -650.629 -650.700
-650.849 -650.849 -650.849 -650.921
-651.231 -651.231 -651.231 -651.304
-650.927 -650.927 -650.927 -651.009
-650.648 -650.735 -650.735 -650.813
-651.097 -651.201 -651.201 -651.279
-647.471 -647.656 -647.656 -647.734
-643.970 -643.970 -643.970 -644.055
-645.916 -645.916 -645.916 -645.992
-648.576 -648.652 -648.652 -648.729
-651.312 -651.312 -651.312 -651.389
-649.047 -649.047 -649.047 -649.130
-650.782 -650.782 -650.782 -650.859
-651.996 -651.996 -651.996 -652.070
-650.777 -650.776 -650.776 -650.854
-652.058 -652.058 -652.058 -652.136
-648.459 -648.459 -648.459 -648.542
-652.702 -652.702 -652.702 -652.775
-651.186 -651.186 -651.186 -651.261
-646.314 -646.314 -646.314 -646.403
-645.793 -645.793 -645.793 -645.879
-645.796 -645.796 -645.796 -645.874
-647.765 -647.765 -647.765 -647.854
-647.458 -647.483 -647.483 -647.558
-646.392 -646.392 -646.392 -646.475
-644.741 -644.741 -644.741 -644.822
-648.382 -648.382 -648.382 -648.463
-652.678 -652.678 -652.678 -652.751
-650.668 -650.668 -650.668 -650.738
-652.146 -652.146 -652.146 -652.220
-650.463 -650.463 -650.463 -650.536
-650.312 -650.312 -650.312 -650.387
-650.370 -650.444 -650.444 -650.522
-651.500 -651.500 -651.500 -651.580
-652.589 -652.589 -652.589 -652.660
-647.858 -647.858 -647.858 -647.941
-651.307 -651.307 -651.307 -651.382
-654.988 -654.988 -654.988 -655.062
-653.490 -653.490 -653.490 -653.565
-652.589 -652.589 -652.589 -652.660
-651.972 -651.972 -651.972 -652.042
-651.375 -651.375 -651.375 -651.446
-651.231 -651.231 -651.231 -651.304
-649.085 -649.085 -649.085 -649.161
-650.549 -650.649 -650.649 -650.726
-645.375 -645.374 -645.374 -645.445
-649.877 -649.877 -649.877 -649.948
-647.055 -647.055 -647.055 -647.130
-651.102 -651.102 -651.102 -651.175
-643.489 -643.489 -643.489 -643.580
-648.691 -648.856 -648.856 -648.932
-651.186 -651.186 -651.186 -651.261
-648.818 -648.818 -648.818 -648.901
-651.868 -651.868 -651.868 -651.945
-647.308 -647.308 -647.308 -647.399
-651.179 -651.179 -651.179 -651.251
-650.479 -650.479 -650.479 -650.552
-650.265 -650.265 -650.265 -650.337
-643.923 -643.923 -643.923 -643.998
-649.746 -649.800 -649.800 -649.880
-651.140 -651.140 -651.140 -651.215
-650.798 -650.798 -650.798 -650.877
-647.943 -647.943 -647.943 -648.026
-651.343 -651.343 -651.343 -651.418
-649.080 -649.250 -649.357 -649.436
-648.947 -648.947 -648.947 -649.036
-649.533 -649.533 -649.533 -649.602
-640.427 -640.427 -640.427 -640.514
-648.706 -648.706 -648.706 -648.793
-643.799 -643.799 -643.799 -643.884
-643.514 -643.514 -643.514 -643.595
-649.798 -650.096 -650.096 -650.173
-642.906 -642.906 -642.906 -642.989
-651.186 -651.186 -651.186 -651.261
-650.096 -650.096 -650.096 -650.173
-646.898 -646.898 -646.898 -646.984
-650.523 -650.523 -650.523 -650.595
-650.927 -650.927 -650.927 -651.009
-643.459 -643.459 -643.459 -643.546
-648.580 -648.580 -648.580 -648.664
-651.805 -651.805 -651.805 -651.877
-652.702 -652.702 -652.702 -652.775
-649.131 -649.131 -649.131 -649.220
-644.599 -644.599 -644.599 -644.678
-654.988 -654.988 -654.988 -655.062
-653.490 -653.490 -653.490 -653.565
-652.589 -652.589 -652.589 -652.660
-651.972 -651.972 -651.972 -652.042
-651.375 -651.375 -651.375 -651.446
-651.231 -651.231 -651.231 -651.304
-647.272 -647.272 -647.272 -647.357
-650.749 -650.749 -650.749 -650.824
-650.882 -650.882 -650.882 -651.536
-651.773 -651.773 -651.773 -651.847
-649.166 -649.166 -649.166 -649.244
-649.995 -649.995 -649.995 -650.068
-640.731 -640.731 -640.731 -640.814
-646.902 -646.902 -646.902 -646.994
-643.899 -643.899 -643.899 -643.981
-645.881 -645.881 -645.881 -645.959
-650.798 -650.798 -650.798 -650.877
-650.978 -650.978 -650.978 -651.051
-648.754 -648.754 -648.754 -648.835
-644.878 -644.878 -644.878 -644.958
-645.411 -645.411 -645.411 -645.487
-652.678 -652.678 -652.678 -652.751
-651.375 -651.375 -651.375 -651.446
-644.769 -644.768 -644.768 -644.852
-648.634 -648.634 -648.634 -648.721
-643.602 -643.602 -643.602 -643.688
-650.096 -650.096 -650.096 -650.173
-647.091 -647.091 -647.091 -647.184
-646.638 -646.638 -646.638 -646.710
-644.456 -644.456 -644.456 -644.534
-647.726 -647.726 -647.726 -647.792
-646.420 -646.420 -646.420 -646.495
-643.835 -643.835 -643.835 -643.915
-645.700 -645.700 -645.700 -645.775
-643.380 -643.380 -643.380 -643.473
-651.972 -651.972 -651.972 -652.042
-651.255 -651.254 -651.254 -651.329
-648.689 -648.689 -648.689 -648.764
-649.907 -649.907 -649.907 -649.986
-647.308 -647.308 -647.308 -647.394
-651.621 -651.621 -651.621 -651.696
-648.135 -648.135 -648.135 -648.211
-652.702 -652.702 -652.702 -652.775
-650.816 -650.816 -650.816 -650.893
-651.186 -651.186 -651.186 -651.261
-642.886 -645.935 -645.935 -646.008
-654.988 -654.988 -654.988 -655.062
-653.490 -653.490 -653.490 -653.565
-652.589 -652.589 -652.589 -652.660
-651.972 -651.972 -651.972 -652.042
-651.375 -651.375 -651.375 -651.446
-651.231 -651.231 -651.231 -651.304
-654.988 -654.988 -654.988 -655.062
-648.870 -648.870 -648.870 -648.950
-649.596 -649.596 -649.596 -649.667
-650.713 -650.944 -650.944 -651.023
-649.545 -649.761 -649.761 -649.846
-648.540 -648.540 -648.540 -648.620
-649.110 -649.110 -649.110 -649.198
-644.336 -644.336 -644.336 -644.423
-648.716 -648.824 -648.824 -648.894
-650.186 -650.186 -650.186 -650.265
-648.042 -648.042 -648.042 -648.121
-651.376 -651.376 -651.376 -651.457
-644.856 -647.968 -648.242 -648.323
-648.986 -649.377 -649.416 -649.491
-648.227 -648.227 -648.227 -648.308
-645.766 -645.766 -645.766 -645.864
-641.477 -641.477 -641.477 -641.567
-647.297 -647.297 -647.297 -647.380
-650.040 -650.040 -650.040 -650.129
-648.325 -648.325 -648.325 -648.408
-646.378 -646.378 -646.378 -646.458
-645.189 -645.189 -645.189 -645.282
-647.364 -647.364 -647.364 -647.447
-649.464 -649.464 -649.464 -649.551
-652.702 -652.702 -652.702 -652.775
-650.981 -650.981 -650.981 -651.056
-654.988 -654.988 -654.988 -655.062
-652.702 -652.702 -652.702 -652.775
-650.798 -650.798 -650.798 -650.877
-650.798 -650.798 -650.798 -650.877
-649.578 -649.761 -649.761 -649.842
-648.004 -648.004 -648.004 -648.077
-654.988 -654.988 -654.988 -655.062
-647.479 -647.479 -647.479 -647.561
-651.166 -651.165 -651.165 -651.242
-649.118 -649.118 -649.118 -649.205
-648.684 -648.684 -648.684 -648.770
-650.816 -650.816 -650.816 -650.893
-653.490 -653.490 -653.490 -653.565
-650.020 -650.020 -650.020 -650.086
-651.878 -651.878 -651.878 -651.948
-654.988 -654.988 -654.988 -655.062
-653.490 -653.490 -653.490 -653.565
-652.589 -652.589 -652.589 -652.660
-651.972 -651.972 -651.972 -652.042
-651.375 -651.375 -651.375 -651.446
-651.231 -651.231 -651.231 -651.304
-652.702 -652.702 -652.702 -652.775
-649.856 -649.856 -649.856 -649.935
-650.342 -650.342 -650.342 -650.419
-651.499 -651.499 -651.499 -651.578
-650.518 -650.518 -650.518 -650.589
-649.569 -649.569 -649.569 -649.650
-650.978 -650.978 -650.978 -651.051
-651.156 -651.156 -651.156 -651.231
-641.889 -641.889 -641.889 -641.975
-652.053 -652.053 -652.053 -652.128
-649.178 -649.178 -649.178 -649.268
-644.174 -644.174 -644.174 -644.249
-647.324 -647.324 -647.324 -647.411
-651.231 -651.231 -651.231 -651.304
-642.810 -642.810 -642.810 -642.894
-647.982 -648.280 -648.280 -648.356
-650.476 -650.476 -650.476 -650.553
-649.464 -649.464 -649.464 -649.551
-650.414 -650.414 -650.414 -650.491
-641.442 -641.442 -641.442 -641.530
-632.965 -632.965 -632.965 -633.035
-572.508 -646.807 -646.807 -646.894
-650.367 -650.367 -650.367 -650.442
-651.046 -651.046 -651.046 -651.119
-639.064 -647.430 -648.087 -648.170
-648.536 -648.536 -648.536 -648.621
-653.490 -653.490 -653.490 -653.565
-648.325 -648.325 -648.325 -648.396
-650.330 -650.330 -650.330 -650.405
-651.474 -651.474 -651.474 -651.551
-650.885 -650.885 -650.885 -650.963
-650.740 -653.490 -653.490 -653.565
-647.756 -647.756 -647.756 -647.836
-648.498 -648.498 -648.498 -648.572
-653.490 -653.490 -653.490 -653.565
-646.728 -647.553 -647.553 -647.626
-651.632 -651.868 -651.868 -651.945
-651.878 -651.878 -651.878 -651.948
-651.878 -651.878 -651.878 -651.948
-651.972 -651.972 -651.972 -652.042
-654.988 -654.988 -654.988 -655.062
-653.490 -653.490 -653.490 -653.565
-652.589 -652.589 -652.589 -652.660
-651.972 -651.972 -651.972 -652.042
-651.376 -651.376 -651.376 -651.457
-650.040 -650.040 -650.040 -650.129
-649.979 -649.979 -649.978 -650.061
-651.676 -651.676 -651.676 -651.746
-651.453 -651.549 -651.549 -651.625
-649.987 -649.987 -649.987 -650.069
-649.008 -649.008 -649.008 -649.085
-650.620 -650.620 -650.620 -650.694
-651.000 -651.000 -651.000 -651.078
-650.015 -650.015 -650.015 -650.090
-652.589 -652.589 -652.589 -652.660
-649.976 -649.976 -649.976 -650.058
-652.053 -652.053 -652.053 -652.128
-648.196 -648.196 -648.196 -648.287
-646.426 -646.426 -646.426 -646.515
-648.463 -648.463 -648.463 -648.539
-649.358 -649.358 -649.358 -649.441
-648.557 -648.557 -648.557 -648.640
-645.432 -645.432 -645.432 -645.510
-645.390 -645.390 -645.390 -645.461
-643.733 -643.733 -643.733 -643.812
-644.087 -644.087 -644.087 -644.173
-647.774 -647.774 -647.774 -647.863
-646.901 -646.901 -646.901 -646.992
-644.758 -644.758 -644.758 -644.849
-640.672 -640.672 -640.672 -640.766
-644.194 -644.194 -644.194 -644.272
-651.878 -651.878 -651.878 -651.948
-649.731 -649.731 -649.731 -649.801
-650.351 -650.351 -650.351 -650.425
-650.558 -650.558 -650.558 -650.630
-650.558 -650.558 -650.558 -650.630
-650.909 -650.978 -650.978 -651.051
-652.232 -652.265 -652.265 -652.338
-650.957 -650.957 -650.957 -651.037
-648.233 -648.233 -648.233 -648.318
-650.243 -650.243 -650.243 -650.323
-649.037 -649.193 -649.193 -649.274
-648.035 -648.035 -648.035 -648.125
-649.126 -649.125 -649.125 -649.194
-651.878 -651.878 -651.878 -651.948
-649.681 -649.681 -649.681 -649.758
-648.962 -648.962 -648.962 -649.034
-654.988 -654.988 -654.988 -655.062
-653.490 -653.490 -653.490 -653.565
-652.589 -652.589 -652.589 -652.660
-651.972 -651.972 -651.972 -652.042
-651.376 -651.376 -651.376 -651.457
-650.040 -650.040 -650.040 -650.129
-644.403 -644.403 -644.403 -644.491
-646.637 -646.637 -646.637 -646.716
-651.543 -651.543 -651.543 -651.620
-650.687 -650.687 -650.687 -650.763
-650.246 -650.246 -650.246 -650.325
-648.975 -648.975 -648.975 -649.058
-650.641 -650.641 -650.641 -650.718
-644.669 -644.669 -644.669 -644.744
-645.663 -645.663 -645.663 -645.747
-650.558 -650.558 -650.558 -650.630
-647.215 -647.215 -647.215 -647.291
-649.662 -650.990 -650.990 -651.062
-650.978 -650.978 -650.978 -651.051
-648.254 -648.254 -648.254 -648.335
-645.683 -645.683 -645.683 -645.767
-651.357 -651.357 -651.357 -651.432
-639.020 -639.152 -639.152 -639.244
-650.015 -650.015 -650.015 -650.090
-651.621 -651.621 -651.621 -651.696
-647.271 -647.271 -647.271 -647.359
-642.513 -642.513 -642.513 -642.596
-645.420 -645.419 -645.419 -645.491
-648.997 -648.997 -648.997 -649.082
-649.394 -649.394 -649.394 -649.459
-646.377 -646.377 -646.377 -646.472
-649.545 -649.545 -649.545 -649.616
-647.774 -647.774 -647.774 -647.863
-650.243 -650.243 -650.243 -650.323
-650.404 -650.404 -650.404 -650.477
-651.944 -651.944 -651.944 -652.018
-652.179 -652.179 -652.179 -652.253
-648.290 -648.290 -648.290 -648.368
-645.888 -645.888 -645.888 -645.971
-652.242 -652.242 -652.242 -652.311
-648.660 -648.660 -648.660 -648.753
-646.484 -646.484 -646.484 -646.561
-653.490 -653.490 -653.490 -653.565
-651.638 -651.638 -651.638 -651.714
-650.128 -650.128 -650.128 -650.206
-647.440 -647.440 -647.440 -647.516
-647.834 -647.834 -647.834 -647.920
-654.988 -654.988 -654.988 -655.062
-653.490 -653.490 -653.490 -653.565
-652.589 -652.589 -652.589 -652.660
-651.972 -651.972 -651.972 -652.042
-650.351 -650.351 -650.351 -650.425
-650.040 -650.040 -650.040 -650.129
-650.267 -650.267 -650.267 -650.345
-650.748 -650.748 -650.748 -650.821
-650.526 -650.526 -650.526 -650.610
-649.127 -649.127 -649.127 -649.203
-650.583 -650.583 -650.583 -650.663
-648.520 -648.520 -648.520 -648.590
-650.538 -650.538 -650.538 -650.610
-648.827 -648.827 -648.827 -648.907
-646.306 -646.462 -646.462 -646.549
-645.465 -645.465 -645.465 -645.550
-649.064 -649.064 -649.064 -649.134
-650.186 -650.186 -650.186 -650.270
-648.045 -648.045 -648.045 -648.126
-646.734 -646.734 -646.734 -646.813
-643.500 -643.500 -643.500 -643.581
-645.601 -645.600 -645.600 -645.697
-648.625 -648.625 -648.625 -648.713
-647.968 -647.968 -647.968 -648.047
-647.510 -647.509 -647.509 -647.591
-648.997 -648.997 -648.997 -649.082
-648.200 -648.200 -648.200 -648.279
-648.604 -648.604 -648.604 -648.692
-648.811 -648.811 -648.811 -648.900
-647.968 -647.968 -647.968 -648.047
-647.374 -647.374 -647.374 -647.459
-649.098 -649.098 -649.098 -649.181
-652.179 -652.179 -652.179 -652.253
-645.663 -645.663 -645.663 -645.752
-649.596 -649.596 -649.596 -649.667
-649.316 -649.316 -649.316 -649.390
-652.130 -652.130 -652.130 -652.209
-649.896 -649.896 -649.896 -649.971
-649.681 -649.681 -649.681 -649.758
-649.316 -649.316 -649.316 -649.390
-652.146 -652.146 -652.146 -652.220
-646.596 -646.791 -646.791 -646.871
-645.099 -645.099 -645.099 -645.174
-652.589 -652.589 -652.589 -652.660
-648.568 -648.568 -648.568 -648.655
-648.058 -648.058 -648.058 -648.140
-654.988 -654.988 -654.988 -655.062
-653.490 -653.490 -653.490 -653.565
-652.589 -652.589 -652.589 -652.660
-651.972 -651.972 -651.972 -652.042
-649.662 -650.990 -650.990 -651.062
-650.351 -650.351 -650.351 -650.425
-648.471 -648.471 -648.471 -648.560
-646.184 -646.184 -646.184 -646.269
-650.896 -651.046 -651.046 -651.122
-647.566 -647.566 -647.566 -647.646
-649.299 -649.517 -649.517 -649.593
-648.955 -648.955 -648.955 -649.034
-648.689 -648.689 -648.689 -648.768
-648.728 -648.728 -648.728 -648.803
-649.730 -649.730 -649.730 -649.803
-647.484 -647.484 -647.484 -647.574
-648.495 -648.495 -648.495 -648.566
-647.606 -647.606 -647.606 -647.685
-648.829 -648.829 -648.829 -648.914
-650.339 -650.553 -650.553 -650.635
-648.270 -648.270 -648.270 -648.353
-643.325 -643.325 -643.325 -643.419
-649.337 -649.337 -649.337 -649.414
-650.775 -650.775 -650.775 -650.851
-651.231 -651.231 -651.231 -651.304
-640.430 -640.430 -640.430 -640.510
-644.066 -644.066 -644.066 -644.143
-649.464 -649.464 -649.464 -649.551
-648.604 -648.604 -648.604 -648.688
-647.598 -647.598 -647.598 -647.680
-645.915 -645.915 -645.915 -646.006
-648.896 -648.896 -648.896 -648.959
-649.156 -649.156 -649.156 -649.232
-646.105 -646.105 -646.105 -646.187
-649.098 -649.098 -649.098 -649.181
-650.626 -650.639 -650.639 -650.711
-648.059 -648.059 -648.059 -648.150
-650.990 -650.990 -650.990 -651.062
-650.337 -650.337 -650.337 -650.420
-648.356 -648.356 -648.356 -648.442
-647.774 -647.774 -647.774 -647.857
-652.146 -652.146 -652.146 -652.220
-649.596 -649.596 -649.596 -649.667
-649.596 -649.596 -649.596 -649.667
-649.653 -649.653 -649.653 -649.724
-652.348 -652.348 -652.348 -652.422
-654.988 -654.988 -654.988 -655.062
-653.490 -653.490 -653.490 -653.565
-652.589 -652.589 -652.589 -652.660
-651.972 -651.972 -651.972 -652.042
-649.662 -650.990 -650.990 -651.062
-650.351 -650.351 -650.351 -650.425
-646.095 -646.095 -646.095 -646.197
-647.656 -647.656 -647.656 -647.741
-651.215 -651.215 -651.215 -651.289
-649.527 -649.527 -649.527 -649.594
-651.621 -651.621 -651.621 -651.696
-647.126 -647.126 -647.126 -647.199
-647.722 -647.804 -647.804 -647.894
-651.783 -651.783 -651.783 -651.854
-649.886 -649.886 -649.886 -649.971
-647.930 -647.930 -647.930 -648.013
-651.020 -651.020 -651.020 -651.099
-647.746 -647.746 -647.746 -647.823
-644.817 -644.817 -644.817 -644.896
-644.763 -644.763 -644.763 -644.839
-648.163 -648.163 -648.163 -648.236
-651.156 -651.156 -651.156 -651.231
-650.041 -650.041 -650.041 -650.119
-649.856 -649.856 -649.856 -649.935
-649.964 -649.964 -649.964 -650.055
-645.347 -645.347 -645.347 -645.432
-648.604 -648.604 -648.604 -648.692
-647.704 -647.704 -647.704 -647.778
-648.736 -648.736 -648.736 -648.822
-647.560 -647.560 -647.560 -647.642
-647.726 -647.726 -647.726 -647.792
-646.922 -646.922 -646.922 -647.012
-647.900 -647.900 -647.900 -647.983
-647.798 -648.035 -648.035 -648.125
-643.583 -643.583 -643.583 -643.667
-649.379 -649.379 -649.379 -649.449
-650.626 -650.639 -650.639 -650.711
-650.553 -650.553 -650.553 -650.635
-649.229 -649.229 -649.229 -649.300
-651.046 -651.046 -651.046 -651.122
-647.479 -647.479 -647.479 -647.570
-651.972 -651.972 -651.972 -652.042
-648.402 -648.402 -648.402 -648.484
-648.978 -648.978 -648.978 -649.052
-649.517 -649.517 -649.517 -649.593
-651.046 -651.046 -651.046 -651.122
-651.046 -651.046 -651.046 -651.122
-654.988 -654.988 -654.988 -655.062
-653.490 -653.490 -653.490 -653.565
-652.589 -652.589 -652.589 -652.660
-651.972 -651.972 -651.972 -652.042
-651.231 -651.231 -651.231 -651.304
-650.990 -650.990 -650.990 -651.062
-651.690 -651.690 -651.690 -651.761
-646.917 -646.917 -646.917 -646.996
-646.508 -649.374 -649.374 -649.458
-651.500 -651.500 -651.500 -651.580
-648.335 -649.081 -649.081 -649.161
-650.452 -650.452 -650.452 -650.525
-649.318 -649.318 -649.318 -649.392
-651.166 -651.165 -651.165 -651.242
-651.549 -651.549 -651.549 -651.625
-649.379 -649.379 -649.379 -649.449
-649.589 -649.589 -649.589 -649.657
-650.697 -650.697 -650.697 -650.770
-649.884 -649.884 -649.884 -649.965
-649.208 -649.208 -649.208 -649.287
-651.020 -651.020 -651.020 -651.099
-652.702 -652.702 -652.702 -652.775
-647.889 -647.889 -647.889 -647.972
-648.869 -649.200 -649.200 -649.275
-647.584 -647.584 -647.584 -647.676
-651.428 -651.428 -651.428 -651.504
-646.664 -646.664 -646.664 -646.749
-648.983 -648.983 -648.983 -649.055
-648.664 -648.664 -648.664 -648.747
-647.632 -647.632 -647.632 -647.713
-643.463 -643.463 -643.463 -643.548
-649.861 -649.861 -649.861 -649.930
-645.364 -645.364 -645.364 -645.452
-649.886 -649.886 -649.886 -649.958
-640.404 -648.240 -648.240 -648.330
-644.405 -644.405 -644.405 -644.487
-652.702 -652.702 -652.702 -652.775
-649.663 -649.663 -649.663 -649.736
-651.805 -651.805 -651.805 -651.877
-649.394 -649.394 -649.394 -649.459
-647.960 -649.886 -649.886 -649.971
-646.904 -646.904 -646.904 -646.997
-654.910 -654.933 -654.988 -655.062
-648.334 -648.334 -648.334 -648.410
-648.925 -648.925 -648.925 -649.005
-649.551 -649.551 -649.551 -649.618
-654.988 -654.988 -654.988 -655.062
-653.490 -653.490 -653.490 -653.565
-652.589 -652.589 -652.589 -652.660
-651.972 -651.972 -651.972 -652.042
-651.231 -651.231 -651.231 -651.304
-650.990 -650.990 -650.990 -651.062
-653.490 -653.490 -653.490 -653.565
-648.624 -648.624 -648.624 -648.702
-645.082 -645.082 -645.082 -645.158
-650.095 -650.095 -650.095 -650.172
-648.360 -648.428 -648.428 -648.506
-651.046 -651.046 -651.046 -651.122
-649.068 -649.068 -649.068 -649.149
-650.409 -650.409 -650.409 -650.484
-650.512 -650.512 -650.512 -650.591
-651.925 -651.925 -651.925 -652.000
-642.332 -642.332 -642.332 -642.412
-645.930 -645.930 -645.930 -646.017
-643.268 -643.268 -643.268 -643.346
-646.856 -646.856 -646.856 -646.939
-649.205 -649.205 -649.205 -649.280
-649.578 -649.578 -649.578 -649.650
-649.355 -649.355 -649.355 -649.432
-645.340 -645.340 -645.340 -645.426
-640.296 -640.296 -640.296 -640.382
-642.422 -642.422 -642.422 -642.505
-648.336 -648.336 -648.336 -648.413
-646.319 -646.319 -646.319 -646.403
-642.425 -642.425 -642.425 -642.508
-648.896 -648.896 -648.896 -648.959
-648.896 -648.896 -648.896 -648.959
-641.852 -641.852 -641.852 -641.933
-630.755 -641.982 -641.982 -642.065
-652.846 -652.846 -652.846 -652.921
-652.846 -652.846 -652.846 -652.921
-649.499 -649.499 -649.499 -649.585
-650.626 -650.639 -650.639 -650.711
-652.589 -652.589 -652.589 -652.660
-651.236 -651.236 -651.236 -651.309
-652.162 -652.702 -652.702 -652.775
-648.978 -648.978 -648.978 -649.052
-651.748 -651.748 -651.748 -651.826
-648.006 -648.006 -648.006 -648.080
-649.379 -649.379 -649.379 -649.449
-649.379 -649.379 -649.379 -649.449
-652.846 -652.846 -652.846 -652.921
-654.910 -654.933 -654.988 -655.062
-653.490 -653.490 -653.490 -653.565
-652.589 -652.589 -652.589 -652.660
-651.972 -651.972 -651.972 -652.042
-651.690 -651.690 -651.690 -651.761
-651.231 -651.231 -651.231 -651.304
-651.805 -651.805 -651.805 -651.877
-651.748 -651.748 -651.748 -651.826
-649.370 -649.370 -649.370 -649.439
-648.686 -648.686 -648.686 -648.760
-644.604 -644.816 -644.816 -644.889
-643.314 -643.314 -643.314 -643.395
-652.575 -652.575 -652.575 -652.647
-649.820 -649.820 -649.820 -649.898
-651.671 -651.671 -651.671 -651.748
-642.932 -642.932 -642.932 -643.018
-650.495 -650.495 -650.495 -650.572
-652.702 -652.702 -652.702 -652.775
-641.922 -641.922 -641.922 -642.006
-642.198 -642.198 -642.198 -642.281
-652.846 -652.846 -652.846 -652.921
-648.177 -648.177 -648.177 -648.266
-648.586 -648.586 -648.586 -648.667
-650.877 -650.877 -650.877 -650.955
-648.922 -648.922 -648.922 -649.002
-643.314 -643.314 -643.314 -643.394
-648.113 -648.113 -648.113 -648.190
-649.520 -649.520 -649.520 -649.595
-650.376 -650.376 -650.376 -650.449
-649.372 -649.372 -649.372 -649.449
-644.569 -644.569 -644.569 -644.651
-642.036 -642.036 -642.036 -642.115
-653.490 -653.490 -653.490 -653.565
-644.958 -644.958 -644.958 -645.033
-647.264 -647.264 -647.264 -647.346
-647.721 -647.721 -647.721 -647.801
-646.184 -646.184 -646.184 -646.264
-650.340 -650.340 -650.340 -650.416
-647.148 -647.148 -647.148 -647.231
-651.538 -651.538 -651.538 -651.615
-651.215 -651.215 -651.215 -651.289
-648.388 -648.388 -648.388 -648.470
-651.558 -652.846 -652.846 -652.921
-651.805 -651.805 -651.805 -651.877
-650.095 -650.095 -650.095 -650.172
-650.409 -650.409 -650.409 -650.484
-649.763 -650.015 -650.015 -650.090
-654.910 -654.933 -654.988 -655.062
-653.490 -653.490 -653.490 -653.565
-652.589 -652.589 -652.589 -652.660
-651.972 -651.972 -651.972 -652.042
-651.231 -651.231 -651.231 -651.304
-650.095 -650.095 -650.095 -650.172
-650.816 -650.816 -650.816 -650.893
-651.690 -651.690 -651.690 -651.768
-652.589 -652.589 -652.589 -652.660
-648.618 -648.618 -648.618 -648.707
-649.833 -649.833 -649.833 -649.919
-648.870 -648.870 -648.870 -648.953
-646.768 -646.768 -646.768 -646.860
-643.780 -643.780 -643.780 -643.866
-648.076 -648.076 -648.076 -648.158
-650.752 -651.140 -651.140 -651.215
-650.157 -650.157 -650.157 -650.235
-648.870 -648.870 -648.870 -648.950
-648.977 -648.977 -648.977 -649.063
-650.331 -650.331 -650.331 -650.412
-648.374 -648.374 -648.374 -648.455
-650.020 -650.020 -650.020 -650.086
-650.762 -650.762 -650.762 -650.833
-648.389 -648.389 -648.389 -648.457
-644.868 -644.868 -644.868 -644.954
-647.968 -647.968 -647.968 -648.047
-647.726 -647.726 -647.726 -647.792
-646.756 -646.756 -646.756 -646.838
-644.535 -644.570 -644.570 -644.654
-648.008 -648.008 -648.008 -648.086
-645.082 -645.082 -645.082 -645.169
-645.734 -645.734 -645.734 -645.824
-646.184 -646.184 -646.184 -646.264
-651.353 -651.353 -651.353 -651.425
-650.684 -650.684 -650.684 -650.756
-650.313 -650.313 -650.313 -650.389
-647.888 -647.888 -647.888 -647.972
-653.490 -653.490 -653.490 -653.565
-654.988 -654.988 -654.988 -655.062
-652.344 -652.589 -652.589 -652.660
-650.499 -650.499 -650.499 -650.574
-650.016 -650.016 -650.016 -650.096
-650.840 -650.840 -650.840 -650.915
-650.495 -650.495 -650.495 -650.572
-650.495 -650.495 -650.495 -650.572
-649.654 -649.654 -649.653 -649.727
-649.520 -649.520 -649.520 -649.595
-654.910 -654.933 -654.988 -655.062
-653.490 -653.490 -653.490 -653.565
-652.589 -652.589 -652.589 -652.660
-651.972 -651.972 -651.972 -652.042
-651.231 -651.231 -651.231 -651.304
-650.095 -650.095 -650.095 -650.172
-648.032 -648.032 -648.032 -648.110
-644.908 -644.908 -644.908 -644.999
-649.379 -649.379 -649.379 -649.449
-652.166 -652.166 -652.166 -652.237
-650.735 -650.735 -650.735 -650.813
-644.718 -644.718 -644.718 -644.793
-647.912 -647.912 -647.912 -648.002
-646.603 -646.603 -646.603 -646.684
-644.269 -644.268 -644.268 -644.354
-645.406 -649.243 -649.243 -649.323
-650.084 -650.084 -650.084 -650.164
-645.226 -645.335 -645.335 -645.405
-650.519 -650.519 -650.519 -650.593
-651.428 -651.428 -651.428 -651.500
-648.563 -648.563 -648.563 -648.651
-650.494 -650.494 -650.493 -650.571
-651.256 -651.256 -651.256 -651.326
-647.726 -647.726 -647.726 -647.792
-651.016 -651.016 -651.016 -651.094
-649.788 -649.788 -649.788 -649.868
-642.853 -642.853 -642.853 -642.937
-649.534 -649.534 -649.534 -649.602
-648.896 -648.896 -648.896 -648.959
-650.211 -650.211 -650.211 -650.285
-644.233 -644.233 -644.233 -644.307
-648.500 -648.500 -648.500 -648.580
-646.325 -646.325 -646.325 -646.408
-648.489 -648.489 -648.488 -648.569
-650.020 -650.020 -650.020 -650.086
-651.426 -651.426 -651.426 -651.506
-650.250 -650.250 -650.250 -650.324
-650.964 -650.964 -650.964 -651.043
-651.191 -651.191 -651.191 -651.265
-651.353 -651.353 -651.353 -651.425
-650.704 -650.882 -650.882 -651.536
-648.428 -648.428 -648.428 -648.512
-652.073 -652.073 -652.073 -652.150
-652.058 -652.058 -652.058 -652.136
-649.867 -649.867 -649.867 -649.950
-649.867 -649.867 -649.867 -649.950
-654.988 -654.988 -654.988 -655.062
-653.490 -653.490 -653.490 -653.565
-652.589 -652.589 -652.589 -652.660
-651.972 -651.972 -651.972 -652.042
-651.231 -651.231 -651.231 -651.304
-650.840 -650.840 -650.840 -650.915
-647.271 -647.271 -647.271 -647.358
-649.974 -649.974 -649.974 -650.048
-651.618 -651.618 -651.618 -651.692
-650.685 -650.685 -650.685 -650.756
-648.724 -649.569 -649.569 -649.648
-648.137 -648.137 -648.137 -648.211
-648.211 -648.211 -648.211 -648.297
-651.831 -651.831 -651.831 -651.904
-643.691 -643.691 -643.691 -643.775
-648.012 -648.012 -648.012 -648.093
-646.016 -646.016 -646.016 -646.101
-651.805 -651.805 -651.805 -651.877
-652.292 -652.292 -652.292 -652.365
-647.928 -647.928 -647.928 -648.008
-648.951 -648.951 -648.951 -649.032
-648.978 -648.978 -648.978 -649.052
-646.747 -646.747 -646.747 -646.829
-644.769 -644.768 -644.768 -644.845
-650.869 -650.869 -650.869 -650.943
-651.481 -651.481 -651.481 -651.553
-648.977 -648.977 -648.977 -649.044
-650.000 -650.000 -650.000 -650.080
-648.687 -648.687 -648.687 -648.777
-647.012 -647.012 -647.012 -647.094
-648.883 -648.883 -648.883 -648.959
-648.373 -648.373 -648.373 -648.455
-649.078 -649.078 -649.078 -649.165
-650.191 -650.474 -650.474 -650.551
-652.846 -652.846 -652.846 -652.921
-649.534 -649.534 -649.534 -649.602
-646.789 -646.789 -646.789 -646.864
-654.988 -654.988 -654.988 -655.062
-651.878 -651.878 -651.878 -651.948
-651.403 -651.403 -651.403 -651.475
-651.072 -651.072 -651.072 -651.146
-647.235 -647.235 -647.235 -647.309
-649.533 -649.533 -649.533 -649.602
-649.533 -649.533 -649.533 -649.602
-646.606 -646.606 -646.606 -646.687
-647.959 -648.505 -648.505 -648.586
-654.988 -654.988 -654.988 -655.062
-653.490 -653.490 -653.490 -653.565
-652.589 -652.589 -652.589 -652.660
-651.972 -651.972 -651.972 -652.042
-651.231 -651.231 -651.231 -651.304
-650.840 -650.840 -650.840 -650.915
-649.502 -649.502 -649.502 -649.584
-648.517 -648.517 -648.517 -648.606
-649.848 -649.848 -649.848 -649.929
-647.187 -649.675 -649.675 -649.753
-652.702 -652.702 -652.702 -652.775
-644.359 -644.359 -644.359 -644.440
-644.268 -647.287 -647.287 -647.362
-642.599 -642.599 -642.599 -642.690
-644.496 -644.496 -644.496 -644.585
-648.954 -648.954 -648.954 -649.033
-644.829 -644.829 -644.829 -644.904
-649.209 -649.209 -649.209 -649.290
-647.717 -647.717 -647.717 -647.803
-648.914 -648.914 -648.914 -648.987
-648.853 -648.853 -648.853 -648.932
-648.785 -648.785 -648.785 -648.864
-647.680 -649.876 -649.876 -649.953
-646.676 -646.676 -646.676 -646.770
-650.429 -650.429 -650.429 -650.508
-648.603 -649.039 -649.153 -649.238
-648.752 -648.752 -648.752 -648.831
-647.977 -647.977 -647.977 -648.066
-649.284 -649.596 -649.596 -649.675
-643.775 -643.775 -643.775 -643.857
-649.572 -649.572 -649.572 -649.639
-640.170 -640.170 -640.170 -640.261
-648.128 -648.128 -648.128 -648.200
-647.321 -647.321 -647.321 -647.406
-642.835 -642.835 -642.835 -642.907
-643.752 -643.752 -643.752 -643.832
-651.618 -651.618 -651.618 -651.692
-651.585 -651.585 -651.585 -651.660
-650.737 -650.737 -650.737 -650.809
-651.618 -651.618 -651.618 -651.692
-651.231 -651.231 -651.231 -651.304
-648.088 -648.088 -648.088 -648.172
-650.174 -650.174 -650.174 -650.246
-649.533 -649.533 -649.533 -649.602
-649.241 -649.241 -649.241 -649.312
-651.972 -651.972 -651.972 -652.042
-646.281 -646.281 -646.281 -646.373
-654.988 -654.988 -654.988 -655.062
-653.490 -653.490 -653.490 -653.565
-652.589 -652.589 -652.589 -652.660
-651.972 -651.972 -651.972 -652.042
-651.231 -651.231 -651.231 -651.304
-648.724 -649.569 -649.569 -649.648
-648.175 -648.175 -648.175 -648.253
-648.898 -648.898 -648.898 -648.963
-650.320 -650.558 -650.558 -650.630
-648.033 -648.033 -648.033 -648.113
-649.548 -649.548 -649.548 -649.619
-650.246 -650.863 -650.915 -650.989
-650.841 -650.841 -650.841 -650.919
-651.535 -651.618 -651.618 -651.692
-647.505 -647.505 -647.505 -647.591
-648.018 -648.018 -648.018 -648.103
-653.490 -653.490 -653.490 -653.565
-647.953 -647.953 -647.953 -648.039
-647.695 -647.695 -647.695 -647.779
-646.753 -647.024 -647.024 -647.106
-650.533 -650.533 -650.533 -650.608
-646.519 -646.519 -646.519 -646.616
-645.387 -645.387 -645.387 -645.467
-651.325 -651.325 -651.325 -651.399
-648.661 -648.660 -648.660 -648.746
-648.659 -648.659 -648.659 -648.739
-652.166 -652.166 -652.166 -652.237
-649.493 -649.493 -649.493 -649.559
-643.542 -651.231 -651.231 -651.304
-648.236 -648.236 -648.236 -648.309
-645.473 -645.473 -645.473 -645.561
-645.420 -645.419 -645.419 -645.491
-641.224 -651.943 -651.943 -652.025
-640.943 -640.943 -640.943 -641.037
-648.056 -648.056 -648.056 -648.134
-642.819 -642.819 -642.819 -642.882
-649.572 -649.572 -649.572 -649.639
-650.429 -650.429 -650.429 -650.508
-651.585 -651.585 -651.585 -651.660
-651.064 -651.064 -651.064 -651.138
-649.015 -649.015 -649.015 -649.103
-649.871 -649.995 -649.995 -650.068
-652.589 -652.589 -652.589 -652.660
-651.585 -651.585 -651.585 -651.660
-651.585 -651.585 -651.585 -651.660
-654.911 -654.988 -654.988 -655.062
-654.988 -654.988 -654.988 -655.062
-653.490 -653.490 -653.490 -653.565
-652.589 -652.589 -652.589 -652.660
-651.972 -651.972 -651.972 -652.042
-651.231 -651.231 -651.231 -651.304
-649.284 -649.596 -649.596 -649.675
-651.799 -651.799 -651.799 -651.871
-652.242 -652.242 -652.242 -652.311
-647.435 -647.435 -647.435 -647.525
-649.081 -649.081 -649.081 -649.161
-650.372 -650.372 -650.372 -650.448
-654.988 -654.988 -654.988 -655.062
-648.150 -648.150 -648.150 -648.231
-648.321 -648.321 -648.321 -648.395
-646.976 -646.976 -646.976 -647.069
-649.390 -649.390 -649.390 -649.473
-651.231 -651.231 -651.231 -651.304
-648.298 -648.298 -648.298 -648.380
-648.114 -650.069 -651.254 -651.331
-651.140 -651.140 -651.140 -651.215
-649.497 -649.497 -649.497 -649.569
-646.663 -646.663 -646.663 -646.742
-651.585 -651.585 -651.585 -651.660
-647.525 -647.525 -647.525 -647.610
-646.289 -646.289 -646.289 -646.380
-642.614 -642.614 -642.614 -642.689
-644.262 -644.262 -644.262 -644.343
-649.396 -649.396 -649.396 -649.466
-649.404 -649.404 -649.404 -649.473
-646.922 -646.922 -646.922 -647.012
-642.880 -643.539 -643.539 -643.620
-651.231 -651.231 -651.231 -651.304
-642.952 -642.952 -642.952 -643.035
-644.734 -644.734 -644.734 -644.820
-647.968 -647.968 -647.968 -648.047
-644.461 -644.461 -644.461 -644.537
-650.625 -650.625 -650.625 -650.698
-644.144 -649.887 -649.887 -649.968
-652.846 -652.846 -652.846 -652.921
-652.166 -652.166 -652.166 -652.237
-651.130 -651.130 -651.130 -651.203
-648.040 -648.040 -648.040 -648.117
-646.805 -646.805 -646.805 -646.888
-649.004 -649.060 -649.060 -649.132
-651.585 -651.585 -651.585 -651.660
-649.806 -649.806 -649.806 -649.895
-654.911 -654.988 -654.988 -655.062
-653.490 -653.490 -653.490 -653.565
-652.589 -652.589 -652.589 -652.660
-651.972 -651.972 -651.972 -652.042
-643.542 -651.231 -651.231 -651.304
-649.284 -649.596 -649.596 -649.675
-642.075 -642.075 -642.075 -642.154
-649.030 -649.030 -649.030 -649.112
-650.915 -650.915 -650.915 -650.987
-645.015 -645.015 -645.015 -645.097
-648.895 -648.895 -648.895 -648.972
-653.490 -653.490 -653.490 -653.565
-652.146 -652.146 -652.146 -652.220
-652.846 -652.846 -652.846 -652.921
-651.805 -651.805 -651.805 -651.877
-649.248 -652.053 -652.053 -652.128
-647.251 -647.251 -647.251 -647.331
-650.225 -650.225 -650.225 -650.304
-652.053 -652.053 -652.053 -652.128
-650.557 -650.557 -650.557 -650.638
-650.295 -650.295 -650.295 -650.371
-652.861 -652.861 -652.861 -652.933
-648.478 -648.478 -648.478 -648.552
-642.223 -648.063 -648.063 -648.147
-645.351 -645.351 -645.351 -645.442
-649.269 -649.269 -649.269 -649.338
-644.097 -644.097 -644.096 -644.187
-644.276 -644.276 -644.276 -644.363
-640.843 -640.843 -640.843 -640.923
-646.928 -646.928 -646.928 -647.011
-648.647 -648.647 -648.647 -648.724
-650.602 -650.602 -650.602 -650.677
-651.254 -651.254 -651.254 -651.331
-648.326 -648.326 -648.326 -648.404
-652.861 -652.861 -652.861 -652.933
-650.558 -650.558 -650.558 -650.630
-651.189 -651.189 -651.189 -651.264
-648.029 -648.029 -648.029 -648.114
-651.231 -651.231 -651.231 -651.304
-653.490 -653.490 -653.490 -653.565
-644.271 -644.271 -644.271 -644.366
-647.386 -647.386 -647.386 -647.471
-648.148 -650.340 -650.340 -650.416
-653.490 -653.490 -653.490 -653.565
-653.490 -653.490 -653.490 -653.565
-651.549 -651.549 -651.549 -651.625
-654.988 -654.988 -654.988 -655.062
-653.490 -653.490 -653.490 -653.565
-652.589 -652.589 -652.589 -652.660
-651.972 -651.972 -651.972 -652.042
-651.231 -651.231 -651.231 -651.304
-644.144 -649.887 -649.887 -649.968
-646.826 -646.826 -646.826 -646.910
-650.096 -650.096 -650.096 -650.173
-650.668 -650.668 -650.668 -650.738
-645.558 -645.558 -645.558 -645.649
-650.311 -650.311 -650.311 -650.389
-648.376 -648.376 -648.376 -648.465
-647.796 -647.796 -647.796 -647.881
-651.816 -651.816 -651.816 -651.892
-649.203 -649.203 -649.203 -649.283
-649.898 -649.898 -649.898 -649.977
-651.996 -651.996 -651.996 -652.070
-649.637 -649.637 -649.637 -649.706
-648.033 -648.033 -648.033 -648.120
-649.827 -649.827 -649.827 -649.911
-648.719 -648.719 -648.719 -648.799
-649.978 -649.978 -649.978 -650.060
-645.690 -645.690 -645.690 -645.766
-644.872 -650.302 -650.302 -650.381
-647.410 -647.410 -647.410 -647.494
-644.266 -644.266 -644.266 -644.360
-649.818 -649.818 -649.818 -649.886
-648.268 -648.268 -648.268 -648.350
-637.685 -643.789 -643.789 -643.873
-648.068 -648.068 -648.068 -648.157
-650.558 -650.558 -650.558 -650.629
-647.457 -647.457 -647.457 -647.547
-646.195 -646.195 -646.195 -646.279
-650.668 -650.668 -650.668 -650.738
-652.589 -652.589 -652.589 -652.660
-649.887 -649.887 -649.887 -649.968
-648.266 -648.266 -648.266 -648.347
-651.189 -651.189 -651.189 -651.264
-648.595 -648.595 -648.595 -648.673
-646.189 -646.189 -646.189 -646.266
-647.919 -647.919 -647.919 -647.995
-646.861 -649.414 -649.414 -649.492
-649.337 -649.337 -649.337 -649.414
-651.925 -651.925 -651.925 -652.000
-650.488 -650.488 -650.488 -650.567
-651.816 -651.816 -651.816 -651.892
-654.988 -654.988 -654.988 -655.062
-653.490 -653.490 -653.490 -653.565
-652.589 -652.589 -652.589 -652.660
-651.972 -651.972 -651.972 -652.042
-651.231 -651.231 -651.231 -651.304
-650.557 -650.557 -650.557 -650.638
-649.394 -649.394 -649.394 -649.459
-650.015 -650.015 -650.015 -650.090
-654.988 -654.988 -654.988 -655.062
-649.679 -649.679 -649.679 -649.763
-650.572 -650.572 -650.572 -650.647
-647.655 -647.655 -647.655 -647.737
-644.649 -644.649 -644.649 -644.740
-652.053 -652.053 -652.053 -652.128
-647.971 -647.971 -647.971 -648.058
-649.637 -649.637 -649.637 -649.706
-647.765 -647.765 -647.765 -647.857
-648.161 -648.161 -648.161 -648.241
-650.302 -650.302 -650.302 -650.381
-650.148 -650.148 -650.148 -650.225
-649.518 -649.990 -649.990 -650.070
-645.834 -645.834 -645.834 -645.921
-650.777 -650.776 -650.776 -650.854
-651.984 -651.984 -651.984 -652.058
-646.942 -646.942 -646.942 -647.027
-646.104 -646.103 -646.103 -647.018
-648.248 -648.248 -648.248 -648.321
-643.602 -643.951 -643.951 -644.032
-648.254 -648.269 -648.269 -648.351
-648.743 -648.743 -648.743 -648.814
-646.568 -646.568 -646.568 -646.660
-650.668 -650.668 -650.668 -650.738
-651.996 -651.996 -651.996 -652.070
-649.690 -649.690 -649.690 -649.755
-652.589 -652.589 -652.589 -652.660
-651.070 -651.123 -651.123 -651.195
-648.028 -648.028 -648.028 -648.103
-649.898 -649.898 -649.898 -649.977
-647.852 -647.852 -647.852 -647.931
-650.494 -650.493 -650.493 -650.571
-647.034 -647.034 -647.034 -647.117
-649.978 -649.978 -649.978 -650.060
-654.988 -654.988 -654.988 -655.062
-650.668 -650.668 -650.668 -650.738
-643.888 -643.888 -643.888 -643.992
-641.912 -641.912 -641.912 -641.990
-654.988 -654.988 -654.988 -655.062
-653.490 -653.490 -653.490 -653.565
-652.589 -652.589 -652.589 -652.660
-651.972 -651.972 -651.972 -652.042
-651.231 -651.231 -651.231 -651.304
-650.557 -650.557 -650.557 -650.638
-651.403 -651.403 -651.403 -651.475
-646.912 -651.237 -651.237 -651.309
-649.564 -649.564 -649.564 -649.633
-646.511 -648.997 -648.997 -649.079
-649.171 -649.171 -649.171 -649.254
-646.548 -648.307 -648.307 -648.383
-650.347 -650.347 -650.347 -650.423
-644.418 -644.418 -644.418 -644.515
-647.483 -648.089 -648.089 -648.170
-651.820 -651.820 -651.820 -651.899
-650.011 -650.052 -650.052 -650.130
-648.904 -648.904 -648.904 -648.970
-644.428 -644.428 -644.428 -644.508
-650.698 -650.698 -650.698 -650.772
-651.166 -651.165 -651.165 -651.242
-649.688 -649.688 -649.688 -649.767
-649.612 -649.612 -649.612 -649.690
-649.149 -649.149 -649.149 -649.221
-647.152 -647.152 -647.152 -647.223
-648.405 -648.405 -648.405 -648.487
-645.577 -645.577 -645.577 -645.672
-649.319 -649.319 -649.319 -649.386
-644.132 -644.272 -644.272 -644.362
-648.236 -648.236 -648.236 -648.309
-642.709 -642.709 -642.709 -642.788
-644.812 -644.812 -644.812 -644.895
-649.125 -649.125 -649.125 -649.215
-649.162 -649.162 -649.161 -649.234
-650.572 -650.572 -650.572 -650.647
-650.266 -650.266 -650.266 -650.338
-649.162 -649.162 -649.161 -649.234
-647.982 -647.982 -647.982 -648.060
-648.235 -648.235 -648.235 -648.315
-652.589 -652.589 -652.589 -652.660
-650.494 -650.493 -650.493 -650.571
-648.365 -648.365 -648.365 -648.446
-652.589 -652.589 -652.589 -652.660
-648.067 -648.252 -648.252 -648.334
-647.990 -647.990 -647.990 -648.070
-650.668 -650.668 -650.668 -650.738
-654.988 -654.988 -654.988 -655.062
-653.490 -653.490 -653.490 -653.565
-652.589 -652.589 -652.589 -652.660
-651.972 -651.972 -651.972 -652.042
-651.231 -651.231 -651.231 -651.304
-650.557 -650.557 -650.557 -650.638
-651.318 -651.318 -651.318 -651.391
-651.176 -651.176 -651.176 -651.248
-649.070 -649.070 -649.070 -649.153
-646.844 -646.844 -646.844 -646.926
-652.688 -652.688 -652.688 -652.762
-649.078 -649.078 -649.078 -649.155
-650.649 -650.649 -650.649 -650.726
-648.688 -648.688 -648.688 -648.770
-650.964 -650.964 -650.964 -651.043
-651.783 -651.783 -651.783 -651.854
-647.781 -649.008 -649.008 -649.082
-649.792 -649.792 -649.792 -649.871
-649.368 -650.978 -650.978 -651.060
-649.572 -649.572 -649.572 -649.639
-649.295 -649.295 -649.295 -649.369
-649.149 -649.149 -649.149 -649.222
-647.580 -647.580 -647.580 -647.664
-650.786 -650.786 -650.786 -650.858
-652.255 -652.255 -652.255 -652.327
-652.231 -652.265 -652.265 -652.338
-649.435 -649.435 -649.435 -649.501
-649.173 -649.323 -649.323 -649.400
-646.813 -646.813 -646.813 -646.886
-644.200 -644.200 -644.200 -644.289
-645.967 -647.778 -647.778 -647.855
-644.942 -644.942 -644.942 -645.024
-647.466 -647.466 -647.466 -647.556
-648.870 -648.870 -648.870 -648.950
-647.481 -647.481 -647.481 -647.559
-651.632 -651.805 -651.805 -651.877
-650.954 -650.954 -650.954 -651.027
-647.734 -647.734 -647.734 -647.804
-653.490 -653.490 -653.490 -653.565
-647.662 -647.662 -647.662 -647.737
-643.732 -648.561 -648.561 -648.634
-649.817 -649.817 -649.817 -649.896
-646.499 -646.984 -646.984 -647.067
-651.428 -651.428 -651.428 -651.500
-651.046 -651.046 -651.046 -651.119
-649.753 -649.753 -649.753 -649.830
-654.988 -654.988 -654.988 -655.062
-653.490 -653.490 -653.490 -653.565
-652.589 -652.589 -652.589 -652.660
-651.972 -651.972 -651.972 -652.042
-651.231 -651.231 -651.231 -651.304
-650.011 -650.052 -650.052 -650.130
-650.182 -650.182 -650.182 -650.255
-646.129 -646.129 -646.129 -646.214
-649.461 -649.461 -649.461 -649.544
-647.859 -647.943 -647.943 -648.021
-648.211 -648.211 -648.211 -648.283
-651.047 -651.047 -651.047 -651.124
-647.063 -648.488 -648.535 -648.614
-648.321 -648.321 -648.321 -648.395
-650.589 -650.589 -650.589 -650.666
-649.092 -649.092 -649.092 -649.169
-650.268 -650.268 -650.268 -650.346
-648.148 -648.148 -648.148 -648.229
-644.285 -644.285 -644.285 -644.380
-650.182 -650.182 -650.182 -650.255
-648.575 -648.575 -648.575 -648.660
-652.861 -652.861 -652.861 -652.933
-650.277 -650.277 -650.277 -650.352
-645.869 -645.869 -645.869 -645.958
-647.726 -647.726 -647.726 -647.792
-648.694 -648.694 -648.694 -648.781
-645.268 -645.268 -645.268 -645.358
-647.968 -647.968 -647.968 -648.047
-645.792 -645.792 -645.792 -645.875
-651.878 -651.878 -651.878 -651.948
-651.831 -651.831 -651.831 -651.904
-651.972 -651.972 -651.972 -652.042
-650.382 -650.409 -650.409 -650.484
-648.347 -648.417 -648.417 -648.495
-648.886 -648.886 -648.886 -648.961
-652.846 -652.846 -652.846 -652.921
-647.461 -647.461 -647.461 -647.550
-651.128 -651.128 -651.128 -651.202
-650.318 -650.318 -650.318 -650.394
-645.761 -645.761 -645.761 -645.836
-648.010 -648.010 -648.010 -648.093
-650.687 -650.687 -650.687 -650.763
-644.000 -644.000 -644.000 -644.085
-649.572 -649.572 -649.572 -649.639
-648.942 -648.942 -648.942 -649.019
-648.860 -648.860 -648.860 -648.938
-654.988 -654.988 -654.988 -655.062
-653.490 -653.490 -653.490 -653.565
-652.589 -652.589 -652.589 -652.660
-651.972 -651.972 -651.972 -652.042
-651.231 -651.231 -651.231 -651.304
-651.046 -651.046 -651.046 -651.119
-651.072 -651.072 -651.072 -651.147
-645.598 -645.598 -645.598 -645.680
-651.452 -651.452 -651.452 -651.536
-650.567 -650.567 -650.567 -650.644
-648.645 -648.645 -648.645 -648.732
-651.088 -651.088 -651.088 -651.156
-649.310 -649.309 -649.309 -649.381
-648.465 -648.901 -648.901 -648.980
-650.630 -650.630 -650.630 -650.701
-648.038 -648.038 -648.038 -648.122
-649.636 -649.636 -649.636 -649.719
-650.022 -650.022 -650.022 -650.100
-645.284 -645.284 -645.284 -645.381
-649.733 -649.733 -649.733 -649.806
-648.983 -648.983 -648.983 -649.071
-644.292 -644.292 -644.292 -644.377
-648.645 -648.645 -648.645 -648.737
-649.241 -649.241 -649.241 -649.312
-643.333 -643.333 -643.333 -648.014
-650.932 -650.954 -650.954 -651.034
-644.054 -644.054 -644.054 -644.142
-646.875 -650.011 -650.011 -650.082
-642.848 -642.848 -642.848 -642.941
-649.464 -649.464 -649.464 -649.551
-646.859 -646.859 -646.859 -646.932
-648.289 -648.289 -648.289 -648.368
-645.995 -645.995 -645.995 -646.085
-646.020 -646.020 -646.020 -646.104
-651.046 -651.046 -651.046 -651.119
-646.851 -649.551 -649.551 -649.640
-652.846 -652.846 -652.846 -652.921
-650.583 -650.583 -650.583 -650.663
-649.317 -649.317 -649.317 -649.395
-652.846 -652.846 -652.846 -652.921
-648.721 -648.721 -648.721 -648.800
-648.056 -648.056 -648.056 -648.134
-650.182 -650.182 -650.182 -650.255
-650.182 -650.182 -650.182 -650.255
-651.783 -651.783 -651.783 -651.854
-651.934 -651.934 -651.934 -652.003
-654.988 -654.988 -654.988 -655.062
-653.490 -653.490 -653.490 -653.565
-652.589 -652.589 -652.589 -652.660
-651.972 -651.972 -651.972 -652.042
-651.231 -651.231 -651.231 -651.304
-649.461 -649.461 -649.461 -649.544
