  ID   Compositions    Enthalpies    Volumes    fitness  SYMM
                       (eV/atom)    (A^3/atom)    ()         
 216  [   4  8 16 ]    -23.3951      7.1808   -655.0622    62
  22  [   4  8 16 ]    -23.3416      7.1930   -653.5654    63
1261  [   4  8 16 ]    -23.3190      7.2152   -652.9332     6
 310  [   4  8 16 ]    -23.3093      7.2204   -652.6599    62
 676  [   4  8 16 ]    -23.2968      7.1721   -652.3109     4
 133  [   4  8 16 ]    -23.2947      7.1900   -652.2528     1
 559  [   4  8 16 ]    -23.2903      7.2024   -652.1281     6
  30  [   4  8 16 ]    -23.2872      7.2347   -652.0420    62
 884  [   4  8 16 ]    -23.2857      7.1991   -651.9999     6
 789  [   4  8 16 ]    -23.2805      7.1799   -651.8537     1
 332  [   4  8 16 ]    -23.2790      7.2205   -651.8132     1
  94  [   4  8 16 ]    -23.2778      7.2626   -651.7772     6
 661  [   4  8 16 ]    -23.2749      7.2043   -651.6959     1
 645  [   4  8 16 ]    -23.2722      7.2447   -651.6205     1
1171  [   4  8 16 ]    -23.2642      7.2345   -651.3986     6
 377  [   4  8 16 ]    -23.2639      7.2317   -651.3891     1
 160  [   4  8 16 ]    -23.2616      7.2569   -651.3261    26
  16  [   4  8 16 ]    -23.2609      7.2774   -651.3040    14
1276  [   4  8 16 ]    -23.2594      7.2259   -651.2644     8
 537  [   4  8 16 ]    -23.2586      7.2642   -651.2421     6
1046  [   4  8 16 ]    -23.2515      7.2855   -651.0434     1
1248  [   4  8 16 ]    -23.2495      7.2160   -650.9868     1
1079  [   4  8 16 ]    -23.2480      7.2285   -650.9433     1
 840  [   4  8 16 ]    -23.2418      7.1830   -650.7701     8
1294  [   4  8 16 ]    -23.2406      7.2531   -650.7378     6
1412  [   4  8 16 ]    -23.2374      7.2509   -650.6465     6
1088  [   4  8 16 ]    -23.2340      7.2545   -650.5514     1
1502  [   4  8 16 ]    -23.2316      7.2529   -650.4845     1
1204  [   4  8 16 ]    -23.2303      7.2321   -650.4482     1
 578  [   4  8 16 ]    -23.2287      7.2182   -650.4049    25
   4  [   4  8 16 ]    -23.2279      7.2470   -650.3814     6
1038  [   4  8 16 ]    -23.2245      7.3388   -650.2854     1
 878  [   4  8 16 ]    -23.2204      7.2354   -650.1722     8
1533  [   4  8 16 ]    -23.2178      7.2594   -650.0998     1
 237  [   4  8 16 ]    -23.2174      7.0439   -650.0864     1
1301  [   4  8 16 ]    -23.2135      7.2532   -649.9768     1
1535  [   4  8 16 ]    -23.2074      7.2301   -649.8059     1
1007  [   4  8 16 ]    -23.2045      7.2301   -649.7268     8
 839  [   4  8 16 ]    -23.2020      7.0666   -649.6566     1
1158  [   4  8 16 ]    -23.2007      7.1832   -649.6190     1
