 ID    Origin    Enthalpy   Parent-E   Parent-ID
   1   Random     -23.141   -23.141  [         0]
   2   Random     -23.036   -23.036  [         0]
   3   Random     -22.916   -22.916  [         0]
   4   Random     -23.228   -23.228  [         0]
   5   Random     -23.003   -23.003  [         0]
   6   Random     -23.216   -23.216  [         0]
   7   Random     -23.167   -23.167  [         0]
   8   Random     -23.096   -23.096  [         0]
   9   Random     -23.133   -23.133  [         0]
  10   Random     -23.169   -23.169  [         0]
  11   Random     -23.013   -23.013  [         0]
  12   Random     -22.608   -22.608  [         0]
  13   Random     -23.175   -23.175  [         0]
  14   Random     -23.094   -23.094  [         0]
  15   Random     -23.196   -23.196  [         0]
  16   Random     -23.261   -23.261  [         0]
  17   Random     -23.101   -23.101  [         0]
  18   Random     -23.079   -23.079  [         0]
  19   Random     -23.162   -23.162  [         0]
  20   Random     -23.098   -23.098  [         0]
  21   Random     -23.204   -23.204  [         0]
  22   Random     -23.342   -23.342  [         0]
  23   Random     -23.002   -23.002  [         0]
  24   Random     -22.988   -22.988  [         0]
  25   Random     -22.987   -22.987  [         0]
  26   Random     -23.228   -23.228  [         0]
  27   Random     -23.092   -23.092  [         0]
  28   Random     -23.287   -23.287  [         0]
  29   Random     -23.124   -23.124  [         0]
  30   Random     -23.287   -23.287  [         0]
  31   Random     -23.093   -23.093  [         0]
  32   Random     -23.342   -23.342  [         0]
  33   Random     -23.007   -23.007  [         0]
  34   Random     -22.948   -22.948  [         0]
  35   Random     -23.110   -23.110  [         0]
  36   Random     -23.007   -23.007  [         0]
  37   Random     -22.964   -22.964  [         0]
  38   Random     -23.169   -23.169  [         0]
  39   Random     -23.154   -23.154  [         0]
  40   Random     -23.261   -23.261  [         0]
  41  Heredity    -23.044   -23.193  [     4  38]
  42  Heredity    -22.975   -23.278  [    30  16]
  43  Heredity    -23.294   -23.097  [    31  20]
  44  Heredity    -23.139   -23.121  [      1  8]
  45  Heredity    -23.279   -23.236  [    30   6]
  46  Heredity    -23.211   -23.316  [    30  22]
  47  Heredity    -23.203   -23.155  [    13   1]
  48  Heredity    -23.199   -23.183  [    15  13]
  49  Heredity    -23.124   -23.250  [    15  30]
  50  Heredity    -23.201   -23.229  [    15  30]
  51  Heredity    -23.123   -23.226  [    15  28]
  52  Heredity    -23.202   -23.202  [    21  15]
  53  Heredity    -23.012   -23.183  [     1  28]
  54  Heredity    -23.254   -23.235  [    15  30]
  55  Heredity    -23.027   -23.202  [    15   6]
  56  Heredity    -22.913   -23.175  [    20  30]
  57  Heredity    -23.247   -23.287  [    30  28]
  58  Heredity    -23.196   -23.263  [    28  15]
  59  Heredity    -23.179   -23.213  [     4  15]
  60  Heredity    -23.096   -23.251  [    22  21]
  61   Random     -23.274   -23.274  [         0]
  62   Random     -23.197   -23.197  [         0]
  63   Random     -23.116   -23.116  [         0]
  64   Random     -23.143   -23.143  [         0]
  65   Random     -23.065   -23.065  [         0]
  66   Random     -23.141   -23.141  [         0]
  67   Random     -23.216   -23.216  [         0]
  68   Random     -23.021   -23.021  [         0]
  69 Permutate    -23.204   -23.204  [        21]
  70 Permutate    -23.151   -23.124  [        29]
  71 Permutate    -23.167   -23.169  [        10]
  72 Permutate    -23.217   -23.204  [        21]
  73 softmutate   -23.174   -23.342  [        22]
  74 softmutate   -22.944   -23.079  [        18]
  75 softmutate   -23.267   -23.079  [        18]
  76 softmutate   -23.249   -23.169  [        38]
  77 softmutate   -23.342   -23.342  [        22]
  78 softmutate   -23.290   -23.287  [        30]
  79 softmutate   -23.214   -23.169  [        38]
  80 softmutate   -23.214   -23.169  [        38]
  81 keptBest     -23.342   -23.342  [        22]
  82 keptBest     -23.287   -23.287  [        30]
  83 keptBest     -23.287   -23.287  [        28]
  84 keptBest     -23.261   -23.261  [        16]
  85 keptBest     -23.228   -23.228  [         4]
  86 keptBest     -23.216   -23.216  [         6]
  87  Heredity    -23.187   -23.251  [    43  52]
  88  Heredity    -23.185   -23.305  [    77  72]
  89  Heredity    -23.313   -23.282  [    61  43]
  90  Heredity    -23.169   -23.218  [    85  69]
  91  Heredity    -23.127   -23.243  [    61  69]
  92  Heredity    -23.073   -23.234  [    48  78]
  93  Heredity    -23.212   -23.310  [    77  54]
  94  Heredity    -23.278   -23.225  [    76  79]
  95  Heredity    -23.201   -23.292  [    78  43]
  96  Heredity    -23.189   -23.265  [    43  85]
  97  Heredity    -23.033   -23.246  [    79  61]
  98  Heredity    -23.206   -23.246  [    52  61]
  99  Heredity    -23.231   -23.263  [    78  72]
 100  Heredity    -23.166   -23.252  [    48  78]
 101  Heredity    -23.129   -23.236  [    54  79]
 102  Heredity    -23.134   -23.258  [    79  61]
 103  Heredity    -23.157   -23.234  [    79  54]
 104  Heredity    -23.255   -23.170  [    76  49]
 105  Heredity    -23.124   -23.213  [    72  46]
 106  Heredity    -23.228   -23.319  [    84  77]
 107  Heredity    -23.161   -23.235  [    84  46]
 108  Heredity    -22.954   -23.214  [    85  69]
 109  Heredity    -23.107   -23.210  [    79  50]
 110   Random     -23.165   -23.165  [         0]
 111   Random     -23.163   -23.163  [         0]
 112   Random     -23.259   -23.259  [         0]
 113   Random     -23.212   -23.212  [         0]
 114   Random     -23.009   -23.009  [         0]
 115   Random     -23.027   -23.027  [         0]
 116 Permutate    -23.258   -23.201  [        50]
 117 Permutate    -23.217   -23.217  [        72]
 118 Permutate    -23.274   -23.274  [        61]
 119 softmutate   -23.180   -23.342  [        77]
 120 softmutate   -23.051   -23.228  [        85]
 121 softmutate   -23.228   -23.228  [        85]
 122 softmutate   -23.294   -23.294  [        43]
 123 softmutate   -23.294   -23.294  [        43]
 124 softmutate   -23.174   -23.174  [        73]
 125 softmutate   -23.286   -23.294  [        43]
 126 softmutate   -23.286   -23.294  [        43]
 127 keptBest     -23.342   -23.342  [        77]
 128 keptBest     -23.287   -23.287  [        82]
 129 keptBest     -23.261   -23.261  [        84]
 130 keptBest     -23.254   -23.254  [        54]
 131 keptBest     -23.228   -23.228  [        85]
 132 keptBest     -23.201   -23.201  [        50]
 133  Heredity    -23.295   -23.262  [  122  121]
 134  Heredity    -23.266   -23.246  [  130   99]
 135  Heredity    -23.149   -23.309  [  127  128]
 136  Heredity    -23.205   -23.309  [  118  127]
 137  Heredity    -23.193   -23.276  [  122  129]
 138  Heredity    -23.219   -23.263  [  118   99]
 139  Heredity    -23.040   -23.241  [  128   95]
 140  Heredity    -23.281   -23.221  [   89  124]
 141  Heredity    -23.138   -23.251  [  127  100]
 142  Heredity    -23.158   -23.248  [   94  132]
 143  Heredity    -23.068   -23.252  [   95  118]
 144  Heredity    -23.261   -23.281  [  129  128]
 145  Heredity    -23.115   -23.293  [  127   88]
 146  Heredity    -23.132   -23.227  [  118   95]
 147  Heredity    -23.013   -23.200  [  130  107]
 148  Heredity    -23.044   -23.231  [  118  113]
 149  Heredity    -23.221   -23.253  [    99  94]
 150  Heredity    -23.224   -23.256  [  112  130]
 151  Heredity    -23.277   -23.273  [  129  122]
 152  Heredity    -23.122   -23.260  [  112  129]
 153  Heredity    -22.983   -23.277  [  128  112]
 154  Heredity    -23.213   -23.306  [  130  127]
 155   Random     -23.130   -23.130  [         0]
 156   Random     -23.215   -23.215  [         0]
 157   Random     -23.046   -23.046  [         0]
 158   Random     -23.177   -23.177  [         0]
 159   Random     -23.145   -23.145  [         0]
 160   Random     -23.262   -23.262  [         0]
 161   Random     -22.941   -22.941  [         0]
 162 Permutate    -23.301   -23.274  [       118]
 163 Permutate    -23.261   -23.261  [       129]
 164 Permutate    -23.278   -23.278  [        94]
 165 Permutate    -23.251   -23.313  [        89]
 166 softmutate   -23.342   -23.261  [       129]
 167 softmutate   -23.260   -23.261  [       129]
 168 softmutate   -23.021   -23.274  [       118]
 169 softmutate   -23.098   -23.274  [       118]
 170 softmutate   -23.259   -23.259  [       112]
 171 softmutate   -23.313   -23.313  [        89]
 172 softmutate   -23.259   -23.313  [        89]
 173 keptBest     -23.342   -23.342  [       127]
 174 keptBest     -23.287   -23.287  [       128]
 175 keptBest     -23.278   -23.278  [        94]
 176 keptBest     -23.261   -23.261  [       129]
 177 keptBest     -23.259   -23.259  [       112]
 178 keptBest     -23.254   -23.254  [       130]
 179  Heredity    -23.211   -23.279  [  174  160]
 180  Heredity    -23.177   -23.292  [  133  174]
 181  Heredity    -23.287   -23.275  [  160  174]
 182  Heredity    -23.200   -23.211  [  151  159]
 183  Heredity    -22.972   -23.277  [  174  170]
 184  Heredity    -23.220   -23.303  [  151  166]
 185  Heredity    -23.282   -23.206  [  149  158]
 186  Heredity    -22.991   -23.296  [  171  174]
 187  Heredity    -23.131   -23.280  [  170  133]
 188  Heredity    -23.170   -23.273  [  138  171]
 189  Heredity    -23.126   -23.281  [  166  136]
 190  Heredity    -23.286   -23.285  [  166  134]
 191  Heredity    -23.104   -23.245  [  160  138]
 192  Heredity    -23.262   -23.262  [  163  134]
 193  Heredity    -23.257   -23.263  [  170  134]
 194  Heredity    -23.284   -23.217  [  136  149]
 195  Heredity    -23.085   -23.315  [  166  133]
 196   Random     -23.082   -23.082  [         0]
 197   Random     -23.228   -23.228  [         0]
 198   Random     -23.288   -23.288  [         0]
 199   Random     -22.892   -22.892  [         0]
 200   Random     -23.062   -23.062  [         0]
 201   Random     -23.219   -23.219  [         0]
 202   Random     -22.985   -22.985  [         0]
 203   Random     -23.202   -23.202  [         0]
 204   Random     -23.157   -23.157  [         0]
 205   Random     -23.116   -23.116  [         0]
 206   Random     -23.079   -23.079  [         0]
 207   Random     -23.281   -23.281  [         0]
 208 Permutate    -23.265   -23.277  [       151]
 209 Permutate    -22.948   -23.287  [       174]
 210 Permutate    -23.121   -23.277  [       151]
 211 Permutate    -23.123   -23.068  [       143]
 212 softmutate   -23.013   -23.193  [       137]
 213 softmutate   -23.202   -23.193  [       137]
 214 softmutate   -23.122   -23.251  [       165]
 215 softmutate   -22.971   -23.251  [       165]
 216 softmutate   -23.395   -23.342  [       166]
 217 softmutate   -23.134   -23.277  [       151]
 218 softmutate   -22.982   -23.277  [       151]
 219 keptBest     -23.342   -23.342  [       166]
 220 keptBest     -23.287   -23.287  [       174]
 221 keptBest     -23.278   -23.278  [       164]
 222 keptBest     -23.266   -23.266  [       134]
 223 keptBest     -23.261   -23.261  [       163]
 224 keptBest     -23.259   -23.259  [       170]
 225  Heredity    -23.019   -23.288  [  219  224]
 226  Heredity    -23.198   -23.243  [  197  224]
 227  Heredity    -23.115   -23.312  [  216  195]
 228  Heredity    -23.156   -23.316  [  181  219]
 229  Heredity    -22.946   -23.281  [  223  181]
 230  Heredity    -23.239   -23.236  [  184  224]
 231  Heredity    -23.094   -23.295  [  217  216]
 232  Heredity    -23.143   -23.222  [  222  180]
 233  Heredity    -23.299   -23.260  [  223  224]
 234  Heredity    -23.156   -23.271  [  197  181]
 235  Heredity    -23.073   -23.301  [  201  216]
 236  Heredity    -23.203   -23.255  [  184  198]
 237  Heredity    -23.217   -23.239  [  197  222]
 238  Heredity    -23.043   -23.287  [  190  198]
 239  Heredity    -22.992   -23.277  [  224  181]
 240  Heredity    -23.255   -23.260  [  208  224]
 241  Heredity    -23.237   -23.292  [  216  217]
 242  Heredity    -22.824   -23.239  [  198  201]
 243   Random     -23.021   -23.021  [         0]
 244   Random     -22.887   -22.887  [         0]
 245   Random     -23.135   -23.135  [         0]
 246   Random     -23.146   -23.146  [         0]
 247   Random     -23.092   -23.092  [         0]
 248   Random     -23.055   -23.055  [         0]
 249   Random     -23.090   -23.090  [         0]
 250   Random     -23.161   -23.161  [         0]
 251   Random     -23.150   -23.150  [         0]
 252   Random     -23.141   -23.141  [         0]
 253   Random     -23.187   -23.187  [         0]
 254 Permutate    -23.259   -23.259  [       224]
 255 Permutate    -23.265   -23.286  [       190]
 256 Permutate    -23.319   -23.395  [       216]
 257 Permutate    -23.217   -23.287  [       181]
 258 softmutate   -23.342   -23.342  [       219]
 259 softmutate   -23.288   -23.286  [       190]
 260 softmutate   -23.288   -23.286  [       190]
 261 softmutate   -23.342   -23.395  [       216]
 262 softmutate   -23.202   -23.202  [       203]
 263 softmutate   -23.019   -23.202  [       203]
 264 softmutate   -23.261   -23.261  [       223]
 265 keptBest     -23.395   -23.395  [       216]
 266 keptBest     -23.342   -23.342  [       219]
 267 keptBest     -23.287   -23.287  [       181]
 268 keptBest     -23.266   -23.266  [       222]
 269 keptBest     -23.261   -23.261  [       223]
 270 keptBest     -23.259   -23.259  [       224]
 271  Heredity    -23.261   -23.301  [  264  256]
 272  Heredity    -23.203   -23.127  [  236  247]
 273  Heredity    -23.163   -23.293  [  255  256]
 274  Heredity    -23.231   -23.227  [  254  228]
 275  Heredity    -22.966   -23.268  [  245  256]
 276  Heredity    -23.089   -23.200  [  250  268]
 277  Heredity    -23.268   -23.258  [  255  241]
 278  Heredity    -23.342   -23.220  [  262  264]
 279  Heredity    -23.092   -23.311  [  255  258]
 280  Heredity    -23.142   -23.305  [  256  267]
 281  Heredity    -23.269   -23.258  [  237  258]
 282  Heredity    -23.176   -23.258  [  256  262]
 283  Heredity    -23.154   -23.254  [  262  267]
 284  Heredity    -23.293   -23.232  [  237  241]
 285  Heredity    -23.164   -23.218  [  234  267]
 286  Heredity    -23.172   -23.259  [  267  262]
 287  Heredity    -23.094   -23.221  [  234  254]
 288  Heredity    -22.939   -23.309  [  267  256]
 289  Heredity    -23.170   -23.293  [  233  267]
 290   Random     -23.166   -23.166  [         0]
 291   Random     -23.195   -23.195  [         0]
 292   Random     -23.131   -23.131  [         0]
 293   Random     -23.131   -23.131  [         0]
 294   Random     -23.131   -23.131  [         0]
 295   Random     -23.128   -23.128  [         0]
 296   Random     -23.107   -23.107  [         0]
 297   Random     -23.198   -23.198  [         0]
 298   Random     -23.231   -23.231  [         0]
 299 Permutate    -23.395   -23.395  [       265]
 300 Permutate    -23.234   -23.342  [       258]
 301 Permutate    -23.067   -23.202  [       262]
 302 Permutate    -23.239   -23.239  [       230]
 303 Permutate    -23.219   -23.156  [       234]
 304 Permutate    -23.164   -23.161  [       250]
 305 softmutate   -23.141   -23.161  [       250]
 306 softmutate   -23.110   -23.161  [       250]
 307 softmutate   -23.239   -23.239  [       230]
 308 softmutate   -23.228   -23.239  [       230]
 309 softmutate   -23.286   -23.395  [       265]
 310 softmutate   -23.309   -23.395  [       265]
 311 keptBest     -23.395   -23.395  [       265]
 312 keptBest     -23.342   -23.342  [       258]
 313 keptBest     -23.287   -23.287  [       267]
 314 keptBest     -23.266   -23.266  [       268]
 315 keptBest     -23.261   -23.261  [       264]
 316 keptBest     -23.259   -23.259  [       254]
 317  Heredity    -23.115   -23.267  [  281  314]
 318  Heredity    -23.148   -23.316  [  278  313]
 319  Heredity    -23.074   -23.253  [  302  281]
 320  Heredity    -23.271   -23.293  [  310  313]
 321  Heredity    -23.114   -23.367  [  299  313]
 322  Heredity    -23.342   -23.289  [  314  278]
 323  Heredity    -23.197   -23.268  [  281  314]
 324  Heredity    -23.188   -23.290  [  284  313]
 325  Heredity    -23.164   -23.277  [  284  271]
 326  Heredity    -23.173   -23.271  [  310  303]
 327  Heredity    -23.236   -23.213  [  308  282]
 328  Heredity    -23.218   -23.282  [  310  281]
 329  Heredity    -23.140   -23.287  [  302  278]
 330  Heredity    -23.241   -23.304  [  310  313]
 331  Heredity    -23.061   -23.215  [  308  272]
 332  Heredity    -23.279   -23.281  [  281  310]
 333  Heredity    -23.188   -23.171  [  310  279]
 334  Heredity    -23.291   -23.342  [  313  299]
 335  Heredity    -23.077   -23.234  [  298  302]
 336  Heredity    -23.189   -23.341  [  299  271]
 337  Heredity    -23.268   -23.271  [  303  299]
 338   Random     -23.135   -23.135  [         0]
 339   Random     -23.060   -23.060  [         0]
 340   Random     -23.135   -23.135  [         0]
 341   Random     -23.120   -23.120  [         0]
 342   Random     -23.067   -23.067  [         0]
 343   Random     -22.990   -22.990  [         0]
 344 Permutate    -23.261   -23.261  [       271]
 345 Permutate    -23.232   -23.231  [       298]
 346 Permutate    -23.172   -23.261  [       271]
 347 Permutate    -23.069   -23.094  [       287]
 348 Permutate    -23.252   -23.309  [       310]
 349 Permutate    -23.204   -23.287  [       313]
 350 Permutate    -23.342   -23.342  [       278]
 351 softmutate   -23.097   -23.094  [       287]
 352 softmutate   -23.128   -23.094  [       287]
 353 softmutate   -23.232   -23.092  [       279]
 354 softmutate   -23.190   -23.092  [       279]
 355 softmutate   -23.245   -23.234  [       300]
 356 softmutate   -23.269   -23.269  [       281]
 357 keptBest     -23.395   -23.395  [       299]
 358 keptBest     -23.342   -23.342  [       278]
 359 keptBest     -23.309   -23.309  [       310]
 360 keptBest     -23.287   -23.287  [       313]
 361 keptBest     -23.266   -23.266  [       314]
 362 keptBest     -23.261   -23.261  [       271]
 363  Heredity    -23.242   -23.282  [  359  348]
 364  Heredity    -23.218   -23.243  [  349  359]
 365  Heredity    -23.163   -23.334  [  357  361]
 366  Heredity    -23.240   -23.352  [  359  357]
 367  Heredity    -23.239   -23.289  [  334  360]
 368  Heredity    -23.247   -23.296  [  359  344]
 369  Heredity    -23.261   -23.329  [  357  332]
 370  Heredity    -23.250   -23.284  [  334  332]
 371  Heredity    -23.243   -23.247  [  359  354]
 372  Heredity    -23.260   -23.224  [  324  348]
 373  Heredity    -23.133   -23.265  [  334  355]
 374  Heredity    -23.002   -23.256  [  332  349]
 375  Heredity    -23.071   -23.278  [  361  360]
 376  Heredity    -23.169   -23.248  [  348  355]
 377  Heredity    -23.264   -23.302  [  322  354]
 378  Heredity    -23.183   -23.309  [  322  353]
 379  Heredity    -23.245   -23.257  [  320  353]
 380  Heredity    -23.288   -23.333  [  359  322]
 381  Heredity    -23.245   -23.291  [  355  359]
 382  Heredity    -23.291   -23.346  [  357  359]
 383  Heredity    -23.162   -23.191  [  334  338]
 384  Heredity    -23.313   -23.333  [  359  357]
 385  Heredity    -23.259   -23.353  [  348  357]
 386   Random     -23.086   -23.086  [         0]
 387   Random     -23.067   -23.067  [         0]
 388   Random     -23.067   -23.067  [         0]
 389   Random     -23.138   -23.138  [         0]
 390   Random     -23.127   -23.127  [         0]
 391   Random     -23.088   -23.088  [         0]
 392   Random     -23.029   -23.029  [         0]
 393 Permutate    -23.159   -23.232  [       353]
 394 Permutate    -23.313   -23.266  [       361]
 395 Permutate    -23.241   -23.241  [       330]
 396 Permutate    -23.294   -23.204  [       349]
 397 softmutate   -23.233   -23.232  [       353]
 398 softmutate   -23.228   -23.232  [       353]
 399 softmutate   -23.233   -23.309  [       359]
 400 softmutate   -23.271   -23.271  [       320]
 401 softmutate   -23.309   -23.309  [       359]
 402 softmutate   -23.141   -23.271  [       320]
 403 softmutate   -23.264   -23.271  [       320]
 404 keptBest     -23.395   -23.395  [       357]
 405 keptBest     -23.342   -23.342  [       322]
 406 keptBest     -23.309   -23.309  [       359]
 407 keptBest     -23.287   -23.287  [       360]
 408 keptBest     -23.266   -23.266  [       361]
 409 keptBest     -23.261   -23.261  [       344]
 410  Heredity    -23.184   -23.267  [  370  401]
 411  Heredity    -23.240   -23.256  [  363  377]
 412  Heredity    -23.052   -23.276  [  396  363]
 413  Heredity    -23.212   -23.253  [  407  364]
 414  Heredity    -23.112   -23.270  [  407  363]
 415  Heredity    -23.256   -23.285  [  377  384]
 416  Heredity    -22.985   -23.320  [  408  404]
 417  Heredity    -23.176   -23.278  [  384  408]
 418  Heredity    -23.259   -23.319  [  405  385]
 419  Heredity    -23.175   -23.242  [  364  409]
 420  Heredity    -23.284   -23.311  [  404  363]
 421  Heredity    -23.121   -23.260  [  370  408]
 422  Heredity    -23.259   -23.288  [  405  385]
 423  Heredity    -23.234   -23.281  [  385  405]
 424  Heredity    -23.226   -23.369  [  384  404]
 425  Heredity    -23.000   -23.306  [  407  384]
 426  Heredity    -23.210   -23.190  [  393  364]
 427  Heredity    -23.258   -23.283  [  384  377]
 428  Heredity    -23.246   -23.324  [  405  384]
 429  Heredity    -23.144   -23.290  [  380  396]
 430  Heredity    -23.265   -23.260  [  401  364]
 431  Heredity    -23.194   -23.296  [  407  401]
 432  Heredity    -23.180   -23.293  [  385  401]
 433   Random     -23.200   -23.200  [         0]
 434   Random     -22.876   -22.876  [         0]
 435   Random     -23.171   -23.171  [         0]
 436   Random     -22.996   -22.996  [         0]
 437   Random     -22.986   -22.986  [         0]
 438   Random     -23.220   -23.220  [         0]
 439   Random     -22.964   -22.964  [         0]
 440 Permutate    -23.259   -23.259  [       385]
 441 Permutate    -23.220   -23.294  [       396]
 442 Permutate    -23.107   -23.261  [       409]
 443 Permutate    -23.236   -23.241  [       395]
 444 softmutate   -23.250   -23.250  [       370]
 445 softmutate   -22.984   -23.294  [       396]
 446 softmutate   -23.167   -23.294  [       396]
 447 softmutate   -23.281   -23.395  [       404]
 448 softmutate   -23.313   -23.313  [       384]
 449 softmutate   -23.186   -23.294  [       396]
 450 softmutate   -23.024   -23.294  [       396]
 451 keptBest     -23.395   -23.395  [       404]
 452 keptBest     -23.342   -23.342  [       405]
 453 keptBest     -23.309   -23.309  [       401]
 454 keptBest     -23.287   -23.287  [       407]
 455 keptBest     -23.266   -23.266  [       408]
 456 keptBest     -23.261   -23.261  [       409]
 457  Heredity    -23.120   -23.226  [  433  455]
 458  Heredity    -23.244   -23.335  [  418  451]
 459  Heredity    -23.269   -23.286  [  430  452]
 460  Heredity    -23.280   -23.277  [  448  444]
 461  Heredity    -23.187   -23.260  [  454  443]
 462  Heredity    -23.217   -23.285  [  423  452]
 463  Heredity    -22.886   -23.244  [  443  430]
 464  Heredity    -23.107   -23.290  [  452  456]
 465  Heredity    -22.999   -23.204  [  453  429]
 466  Heredity    -23.070   -23.281  [  454  455]
 467  Heredity    -23.246   -23.260  [  430  444]
 468  Heredity    -23.252   -23.366  [  451  453]
 469  Heredity    -23.173   -23.231  [  456  419]
 470  Heredity    -23.034   -23.271  [  448  413]
 471  Heredity    -23.053   -23.243  [  456  423]
 472  Heredity    -23.313   -23.285  [  452  430]
 473  Heredity    -23.266   -23.296  [  448  455]
 474   Random     -23.030   -23.030  [         0]
 475   Random     -23.169   -23.169  [         0]
 476   Random     -22.989   -22.989  [         0]
 477   Random     -23.220   -23.220  [         0]
 478   Random     -23.114   -23.114  [         0]
 479   Random     -23.097   -23.097  [         0]
 480   Random     -23.019   -23.019  [         0]
 481   Random     -23.135   -23.135  [         0]
 482   Random     -23.089   -23.089  [         0]
 483   Random     -22.997   -22.997  [         0]
 484   Random     -23.063   -23.063  [         0]
 485   Random     -22.981   -22.981  [         0]
 486 Permutate    -23.287   -23.287  [       454]
 487 Permutate    -23.262   -23.259  [       418]
 488 Permutate    -23.170   -23.234  [       423]
 489 Permutate    -23.214   -23.395  [       451]
 490 softmutate   -23.121   -23.313  [       448]
 491 softmutate   -23.275   -23.313  [       448]
 492 softmutate   -23.150   -23.313  [       448]
 493 softmutate   -23.313   -23.313  [       448]
 494 softmutate   -23.246   -23.259  [       418]
 495 softmutate   -23.259   -23.259  [       418]
 496 softmutate   -23.072   -23.261  [       456]
 497 keptBest     -23.395   -23.395  [       451]
 498 keptBest     -23.342   -23.342  [       452]
 499 keptBest     -23.309   -23.309  [       453]
 500 keptBest     -23.287   -23.287  [       454]
 501 keptBest     -23.266   -23.266  [       455]
 502 keptBest     -23.261   -23.261  [       456]
 503  Heredity    -23.395   -23.313  [  491  497]
 504  Heredity    -23.177   -23.306  [  461  497]
 505  Heredity    -23.202   -23.303  [  486  499]
 506  Heredity    -23.251   -23.299  [  498  459]
 507  Heredity    -23.209   -23.263  [  459  495]
 508  Heredity    -23.165   -23.314  [  498  459]
 509  Heredity    -23.186   -23.274  [  486  473]
 510  Heredity    -23.015   -23.250  [  502  467]
 511  Heredity    -23.175   -23.278  [  499  473]
 512  Heredity    -23.224   -23.343  [  497  467]
 513  Heredity    -23.147   -23.272  [  486  495]
 514  Heredity    -23.266   -23.351  [  497  499]
 515  Heredity    -23.154   -23.268  [  491  473]
 516  Heredity    -23.196   -23.260  [  502  495]
 517   Random     -23.154   -23.154  [         0]
 518   Random     -23.067   -23.067  [         0]
 519   Random     -22.913   -22.913  [         0]
 520   Random     -23.121   -23.121  [         0]
 521   Random     -23.219   -23.219  [         0]
 522   Random     -23.157   -23.157  [         0]
 523   Random     -23.088   -23.088  [         0]
 524   Random     -23.046   -23.046  [         0]
 525   Random     -23.123   -23.123  [         0]
 526   Random     -23.198   -23.198  [         0]
 527 Permutate    -23.313   -23.313  [       493]
 528 Permutate    -23.252   -23.395  [       497]
 529 Permutate    -23.395   -23.395  [       497]
 530 Permutate    -23.313   -23.313  [       493]
 531 softmutate   -23.246   -23.246  [       467]
 532 softmutate   -23.246   -23.246  [       467]
 533 softmutate   -23.209   -23.395  [       497]
 534 softmutate   -23.146   -23.342  [       498]
 535 softmutate   -23.395   -23.309  [       499]
 536 softmutate   -23.127   -23.309  [       499]
 537 softmutate   -23.259   -23.246  [       467]
 538 softmutate   -23.186   -23.246  [       467]
 539 softmutate   -23.170   -23.246  [       494]
 540 softmutate   -23.246   -23.246  [       494]
 541 softmutate   -23.342   -23.395  [       497]
 542 softmutate   -23.217   -23.187  [       461]
 543 softmutate   -23.284   -23.187  [       461]
 544 keptBest     -23.395   -23.395  [       497]
 545 keptBest     -23.342   -23.342  [       498]
 546 keptBest     -23.309   -23.309  [       499]
 547 keptBest     -23.287   -23.287  [       486]
 548 keptBest     -23.266   -23.266  [       473]
 549 keptBest     -23.261   -23.261  [       502]
 550  Heredity    -23.313   -23.238  [  537  512]
 551  Heredity    -23.212   -23.322  [  506  503]
 552  Heredity    -23.229   -23.319  [  541  514]
 553  Heredity    -23.271   -23.309  [  503  506]
 554  Heredity    -23.235   -23.255  [  512  547]
 555  Heredity    -23.202   -23.255  [  514  540]
 556  Heredity    -23.252   -23.283  [  546  514]
 557  Heredity    -23.258   -23.222  [  509  527]
 558  Heredity    -22.928   -23.240  [  509  527]
 559  Heredity    -23.290   -23.326  [  503  528]
 560  Heredity    -23.188   -23.269  [  543  549]
 561  Heredity    -23.009   -23.236  [  526  543]
 562  Heredity    -23.122   -23.263  [  514  549]
 563  Heredity    -23.261   -23.306  [  506  541]
 564  Heredity    -22.960   -23.217  [  514  504]
 565  Heredity    -23.156   -23.279  [  540  527]
 566  Heredity    -23.234   -23.316  [  528  541]
 567  Heredity    -23.198   -23.250  [  505  514]
 568  Heredity    -23.232   -23.260  [  506  514]
 569  Heredity    -22.912   -23.259  [  543  512]
 570   Random     -22.608   -22.608  [         0]
 571   Random     -23.103   -23.103  [         0]
 572   Random     -23.230   -23.230  [         0]
 573   Random     -23.254   -23.254  [         0]
 574   Random     -23.149   -23.149  [         0]
 575   Random     -23.165   -23.165  [         0]
 576   Random     -23.342   -23.342  [         0]
 577 Permutate    -23.157   -23.287  [       547]
 578 Permutate    -23.229   -23.259  [       537]
 579 Permutate    -23.270   -23.252  [       528]
 580 Permutate    -23.249   -23.251  [       506]
 581 softmutate   -23.342   -23.395  [       503]
 582 softmutate   -23.137   -23.186  [       509]
 583 softmutate   -23.163   -23.186  [       509]
 584 softmutate   -23.342   -23.342  [       541]
 585 softmutate   -23.130   -23.266  [       514]
 586 softmutate   -23.284   -23.266  [       514]
 587 softmutate   -23.284   -23.284  [       543]
 588 softmutate   -23.284   -23.284  [       543]
 589 softmutate   -23.287   -23.287  [       547]
 590 keptBest     -23.395   -23.395  [       503]
 591 keptBest     -23.342   -23.342  [       541]
 592 keptBest     -23.309   -23.309  [       546]
 593 keptBest     -23.287   -23.287  [       547]
 594 keptBest     -23.266   -23.266  [       514]
 595 keptBest     -23.219   -23.219  [       521]
 596  Heredity    -23.216   -23.333  [  576  550]
 597  Heredity    -23.277   -23.247  [  589  578]
 598  Heredity    -23.272   -23.286  [  563  592]
 599  Heredity    -23.217   -23.289  [  559  589]
 600  Heredity    -23.182   -23.228  [  555  563]
 601  Heredity    -23.239   -23.222  [  557  567]
 602  Heredity    -23.253   -23.252  [  563  554]
 603  Heredity    -23.218   -23.220  [  555  557]
 604  Heredity    -23.309   -23.299  [  592  559]
 605  Heredity    -23.216   -23.298  [  550  587]
 606  Heredity    -23.290   -23.286  [  586  559]
 607  Heredity    -23.153   -23.258  [  578  589]
 608  Heredity    -23.090   -23.212  [  565  573]
 609  Heredity    -23.162   -23.246  [  555  559]
 610  Heredity    -23.194   -23.262  [  556  594]
 611  Heredity    -23.166   -23.262  [  587  556]
 612  Heredity    -23.054   -23.302  [  592  559]
 613   Random     -23.052   -23.052  [         0]
 614   Random     -22.993   -22.993  [         0]
 615   Random     -23.006   -23.006  [         0]
 616   Random     -23.138   -23.138  [         0]
 617   Random     -23.107   -23.107  [         0]
 618   Random     -23.030   -23.030  [         0]
 619   Random     -22.885   -22.885  [         0]
 620 Permutate    -23.010   -23.342  [       576]
 621 Permutate    -23.284   -23.284  [       587]
 622 Permutate    -23.207   -23.235  [       554]
 623 Permutate    -23.229   -23.261  [       563]
 624 softmutate   -23.237   -23.234  [       566]
 625 softmutate   -23.237   -23.234  [       566]
 626 softmutate   -23.252   -23.252  [       556]
 627 softmutate   -23.298   -23.252  [       556]
 628 softmutate   -23.251   -23.266  [       594]
 629 softmutate   -23.154   -23.266  [       594]
 630 softmutate   -23.226   -23.284  [       586]
 631 softmutate   -23.188   -23.284  [       586]
 632 softmutate   -23.147   -23.342  [       576]
 633 softmutate   -23.186   -23.284  [       587]
 634 softmutate   -23.284   -23.284  [       587]
 635 softmutate   -23.206   -23.252  [       556]
 636 softmutate   -23.180   -23.252  [       556]
 637 keptBest     -23.395   -23.395  [       590]
 638 keptBest     -23.342   -23.342  [       576]
 639 keptBest     -23.309   -23.309  [       592]
 640 keptBest     -23.287   -23.287  [       589]
 641 keptBest     -23.266   -23.266  [       594]
 642 keptBest     -23.219   -23.219  [       595]
 643  Heredity    -23.018   -23.297  [  597  604]
 644  Heredity    -23.097   -23.251  [  640  636]
 645  Heredity    -23.272   -23.362  [  637  638]
 646  Heredity    -23.242   -23.258  [  601  606]
 647  Heredity    -23.226   -23.234  [  624  623]
 648  Heredity    -23.181   -23.296  [  638  601]
 649  Heredity    -23.240   -23.285  [  626  604]
 650  Heredity    -23.027   -23.278  [  598  621]
 651  Heredity    -23.062   -23.298  [  604  640]
 652  Heredity    -23.237   -23.263  [  606  630]
 653  Heredity    -23.118   -23.297  [  604  640]
 654  Heredity    -23.252   -23.349  [  630  637]
 655  Heredity    -23.252   -23.251  [  628  626]
 656  Heredity    -23.155   -23.303  [  621  638]
 657  Heredity    -23.063   -23.255  [  601  621]
 658  Heredity    -23.265   -23.292  [  604  628]
 659  Heredity    -22.830   -23.289  [  597  604]
 660  Heredity    -23.218   -23.324  [  638  604]
 661  Heredity    -23.275   -23.367  [  637  606]
 662   Random     -23.120   -23.120  [         0]
 663   Random     -22.950   -22.950  [         0]
 664   Random     -23.053   -23.053  [         0]
 665   Random     -23.182   -23.182  [         0]
 666   Random     -23.195   -23.195  [         0]
 667   Random     -23.088   -23.088  [         0]
 668   Random     -23.201   -23.201  [         0]
 669 Permutate    -23.138   -23.138  [       616]
 670 Permutate    -23.226   -23.226  [       630]
 671 Permutate    -23.231   -23.395  [       637]
 672 Permutate    -23.286   -23.342  [       638]
 673 Permutate    -23.295   -23.342  [       638]
 674 softmutate   -23.156   -23.277  [       597]
 675 softmutate   -23.070   -23.277  [       597]
 676 softmutate   -23.297   -23.277  [       597]
 677 softmutate   -23.170   -23.277  [       597]
 678 softmutate   -23.091   -23.287  [       640]
 679 softmutate   -23.342   -23.342  [       638]
 680 softmutate   -23.275   -23.229  [       623]
 681 softmutate   -23.222   -23.229  [       623]
 682 softmutate   -23.126   -23.290  [       606]
 683 softmutate   -23.140   -23.290  [       606]
 684 keptBest     -23.395   -23.395  [       637]
 685 keptBest     -23.342   -23.342  [       638]
 686 keptBest     -23.309   -23.309  [       604]
 687 keptBest     -23.287   -23.287  [       640]
 688 keptBest     -23.229   -23.229  [       623]
 689 keptBest     -23.219   -23.219  [       642]
 690  Heredity    -23.227   -23.261  [  686  666]
 691  Heredity    -23.244   -23.309  [  679  658]
 692  Heredity    -23.236   -23.288  [  658  686]
 693  Heredity    -23.186   -23.297  [  679  680]
 694  Heredity    -23.238   -23.260  [  646  676]
 695  Heredity    -23.164   -23.222  [  668  658]
 696  Heredity    -23.236   -23.325  [  679  676]
 697  Heredity    -23.175   -23.239  [  671  654]
 698  Heredity    -23.091   -23.263  [  676  688]
 699  Heredity    -23.055   -23.213  [  670  668]
 700  Heredity    -23.183   -23.250  [  687  681]
 701  Heredity    -23.224   -23.276  [  686  646]
 702  Heredity    -23.147   -23.279  [  654  676]
 703  Heredity    -23.100   -23.344  [  687  684]
 704   Random     -22.985   -22.985  [         0]
 705   Random     -23.061   -23.061  [         0]
 706   Random     -23.168   -23.168  [         0]
 707   Random     -23.145   -23.145  [         0]
 708   Random     -23.128   -23.128  [         0]
 709   Random     -23.182   -23.182  [         0]
 710   Random     -23.153   -23.153  [         0]
 711   Random     -23.168   -23.168  [         0]
 712   Random     -23.175   -23.175  [         0]
 713   Random     -23.145   -23.145  [         0]
 714   Random     -23.124   -23.124  [         0]
 715   Random     -23.185   -23.185  [         0]
 716 Permutate    -23.295   -23.295  [       673]
 717 Permutate    -23.063   -23.231  [       671]
 718 Permutate    -23.202   -23.182  [       665]
 719 Permutate    -23.193   -23.231  [       671]
 720 Permutate    -23.293   -23.395  [       684]
 721 softmutate   -23.213   -23.395  [       684]
 722 softmutate   -23.206   -23.231  [       671]
 723 softmutate   -23.193   -23.231  [       671]
 724 softmutate   -23.294   -23.295  [       673]
 725 softmutate   -23.103   -23.295  [       673]
 726 softmutate   -23.042   -23.309  [       686]
 727 softmutate   -23.309   -23.309  [       686]
 728 softmutate   -23.166   -23.309  [       686]
 729 softmutate   -23.148   -23.309  [       686]
 730 keptBest     -23.395   -23.395  [       684]
 731 keptBest     -23.342   -23.342  [       679]
 732 keptBest     -23.309   -23.309  [       686]
 733 keptBest     -23.287   -23.287  [       687]
 734 keptBest     -23.252   -23.252  [       654]
 735 keptBest     -23.229   -23.229  [       688]
 736  Heredity    -23.163   -23.275  [  718  731]
 737  Heredity    -23.081   -23.329  [  734  730]
 738  Heredity    -23.254   -23.245  [  727  722]
 739  Heredity    -23.130   -23.314  [  692  731]
 740  Heredity    -23.200   -23.301  [  731  691]
 741  Heredity    -23.180   -23.241  [  691  692]
 742  Heredity    -23.170   -23.201  [  715  692]
 743  Heredity    -23.172   -23.276  [  691  716]
 744  Heredity    -23.207   -23.330  [  730  716]
 745  Heredity    -23.128   -23.171  [  706  712]
 746  Heredity    -23.163   -23.205  [  718  722]
 747  Heredity    -23.132   -23.345  [  730  733]
 748  Heredity    -23.175   -23.269  [  716  735]
 749  Heredity    -23.237   -23.266  [  727  692]
 750  Heredity    -23.155   -23.381  [  730  731]
 751  Heredity    -22.979   -23.214  [  727  710]
 752  Heredity    -23.193   -23.309  [  731  734]
 753  Heredity    -23.245   -23.240  [  694  691]
 754   Random     -23.261   -23.261  [         0]
 755   Random     -22.875   -22.875  [         0]
 756   Random     -23.005   -23.005  [         0]
 757   Random     -23.198   -23.198  [         0]
 758   Random     -23.167   -23.167  [         0]
 759   Random     -23.131   -23.131  [         0]
 760   Random     -23.072   -23.072  [         0]
 761   Random     -23.177   -23.177  [         0]
 762   Random     -23.187   -23.187  [         0]
 763 Permutate    -23.078   -23.395  [       730]
 764 Permutate    -23.185   -23.185  [       715]
 765 Permutate    -23.240   -23.309  [       727]
 766 Permutate    -23.148   -23.175  [       712]
 767 Permutate    -23.252   -23.252  [       734]
 768 Permutate    -23.229   -23.175  [       712]
 769 Permutate    -23.159   -23.185  [       715]
 770 softmutate   -23.138   -23.295  [       716]
 771 softmutate   -23.294   -23.295  [       716]
 772 softmutate   -23.202   -23.202  [       718]
 773 softmutate   -23.202   -23.202  [       718]
 774 softmutate   -23.204   -23.202  [       718]
 775 softmutate   -23.301   -23.202  [       718]
 776 keptBest     -23.395   -23.395  [       730]
 777 keptBest     -23.342   -23.342  [       731]
 778 keptBest     -23.309   -23.309  [       727]
 779 keptBest     -23.287   -23.287  [       733]
 780 keptBest     -23.252   -23.252  [       734]
 781 keptBest     -23.229   -23.229  [       735]
 782  Heredity    -23.078   -23.300  [  771  778]
 783  Heredity    -23.134   -23.282  [  776  774]
 784  Heredity    -23.260   -23.260  [  765  778]
 785  Heredity    -23.200   -23.268  [  754  779]
 786  Heredity    -23.275   -23.376  [  776  777]
 787  Heredity    -23.114   -23.228  [  757  754]
 788  Heredity    -23.139   -23.298  [  778  779]
 789  Heredity    -23.280   -23.240  [  754  768]
 790  Heredity    -23.213   -23.245  [  738  749]
 791  Heredity    -23.143   -23.331  [  776  771]
 792  Heredity    -23.254   -23.196  [  765  761]
 793  Heredity    -23.137   -23.278  [  744  778]
 794  Heredity    -23.032   -23.260  [  771  768]
 795  Heredity    -23.030   -23.250  [  778  781]
 796  Heredity    -23.151   -23.267  [  776  748]
 797  Heredity    -23.258   -23.274  [  778  767]
 798  Heredity    -23.219   -23.279  [  749  776]
 799  Heredity    -23.212   -23.247  [  767  765]
 800  Heredity    -23.216   -23.221  [  754  757]
 801  Heredity    -23.051   -23.249  [  754  749]
 802   Random     -23.168   -23.168  [         0]
 803   Random     -23.135   -23.135  [         0]
 804   Random     -23.172   -23.172  [         0]
 805   Random     -23.130   -23.130  [         0]
 806   Random     -23.135   -23.135  [         0]
 807   Random     -23.108   -23.108  [         0]
 808   Random     -23.142   -23.142  [         0]
 809   Random     -23.147   -23.147  [         0]
 810   Random     -22.988   -22.988  [         0]
 811   Random     -23.195   -23.195  [         0]
 812 Permutate    -23.240   -23.309  [       778]
 813 Permutate    -23.237   -23.237  [       749]
 814 Permutate    -23.189   -23.200  [       740]
 815 Permutate    -23.254   -23.254  [       738]
 816 softmutate   -23.128   -23.395  [       776]
 817 softmutate   -23.287   -23.287  [       779]
 818 softmutate   -23.160   -23.198  [       757]
 819 softmutate   -23.180   -23.309  [       778]
 820 softmutate   -23.200   -23.200  [       740]
 821 softmutate   -23.254   -23.254  [       738]
 822 softmutate   -23.254   -23.254  [       738]
 823 keptBest     -23.395   -23.395  [       776]
 824 keptBest     -23.342   -23.342  [       777]
 825 keptBest     -23.309   -23.309  [       778]
 826 keptBest     -23.287   -23.287  [       779]
 827 keptBest     -23.261   -23.261  [       754]
 828 keptBest     -23.252   -23.252  [       767]
 829  Heredity    -23.277   -23.301  [  789  825]
 830  Heredity    -23.107   -23.308  [  824  789]
 831  Heredity    -23.195   -23.242  [  828  813]
 832  Heredity    -23.271   -23.365  [  824  823]
 833  Heredity    -23.184   -23.338  [  823  828]
 834  Heredity    -23.233   -23.277  [  817  828]
 835  Heredity    -23.193   -23.230  [  825  819]
 836  Heredity    -23.259   -23.283  [  817  786]
 837  Heredity    -23.272   -23.217  [  790  798]
 838  Heredity    -23.195   -23.151  [  805  811]
 839  Heredity    -23.202   -23.272  [  789  797]
 840  Heredity    -23.242   -23.273  [  828  817]
 841  Heredity    -23.213   -23.316  [  819  823]
 842  Heredity    -23.189   -23.314  [  786  824]
 843  Heredity    -23.254   -23.277  [  813  824]
 844  Heredity    -23.313   -23.332  [  825  823]
 845  Heredity    -23.142   -23.298  [  825  817]
 846  Heredity    -23.188   -23.215  [  798  790]
 847  Heredity    -23.131   -23.226  [  811  789]
 848  Heredity    -23.268   -23.207  [  790  785]
 849  Heredity    -23.098   -23.278  [  786  817]
 850  Heredity    -23.181   -23.301  [  827  823]
 851  Heredity    -23.170   -23.151  [  804  793]
 852   Random     -23.133   -23.133  [         0]
 853   Random     -22.984   -22.984  [         0]
 854   Random     -23.212   -23.212  [         0]
 855   Random     -23.052   -23.052  [         0]
 856   Random     -23.213   -23.213  [         0]
 857   Random     -23.155   -23.155  [         0]
 858   Random     -23.017   -23.017  [         0]
 859 Permutate    -23.313   -23.395  [       823]
 860 Permutate    -23.205   -23.252  [       828]
 861 Permutate    -23.281   -23.309  [       825]
 862 Permutate    -23.195   -23.261  [       827]
 863 softmutate   -23.213   -23.213  [       790]
 864 softmutate   -23.107   -23.213  [       790]
 865 softmutate   -23.395   -23.395  [       823]
 866 softmutate   -23.157   -23.287  [       817]
 867 softmutate   -23.179   -23.130  [       805]
 868 softmutate   -23.201   -23.130  [       805]
 869 keptBest     -23.395   -23.395  [       823]
 870 keptBest     -23.342   -23.342  [       824]
 871 keptBest     -23.309   -23.309  [       825]
 872 keptBest     -23.287   -23.287  [       817]
 873 keptBest     -23.261   -23.261  [       827]
 874 keptBest     -23.252   -23.252  [       828]
 875  Heredity    -23.342   -23.382  [  865  870]
 876  Heredity    -23.168   -23.256  [  872  863]
 877  Heredity    -23.041   -23.341  [  873  865]
 878  Heredity    -23.220   -23.274  [  870  842]
 879  Heredity    -23.161   -23.290  [  844  874]
 880  Heredity    -23.254   -23.309  [  870  874]
 881  Heredity    -23.184   -23.243  [  834  874]
 882  Heredity    -23.232   -23.349  [  871  865]
 883  Heredity    -23.235   -23.336  [  865  834]
 884  Heredity    -23.286   -23.310  [  871  844]
 885  Heredity    -22.943   -23.269  [  873  829]
 886  Heredity    -23.072   -23.284  [  829  872]
 887  Heredity    -22.977   -23.331  [  865  856]
 888  Heredity    -23.105   -23.282  [  856  844]
 889  Heredity    -23.189   -23.233  [  873  856]
 890  Heredity    -23.202   -23.233  [  872  842]
 891  Heredity    -23.194   -23.302  [  870  874]
 892   Random     -23.051   -23.051  [         0]
 893   Random     -22.871   -22.871  [         0]
 894   Random     -22.947   -22.947  [         0]
 895   Random     -23.158   -23.158  [         0]
 896   Random     -23.086   -23.086  [         0]
 897   Random     -22.947   -22.947  [         0]
 898   Random     -23.177   -23.177  [         0]
 899   Random     -23.177   -23.177  [         0]
 900   Random     -22.926   -22.926  [         0]
 901   Random     -22.931   -22.931  [         0]
 902 Permutate    -23.319   -23.254  [       843]
 903 Permutate    -23.319   -23.395  [       865]
 904 Permutate    -23.199   -23.213  [       863]
 905 Permutate    -23.240   -23.309  [       871]
 906 Permutate    -23.309   -23.309  [       871]
 907 softmutate   -23.261   -23.252  [       874]
 908 softmutate   -23.313   -23.313  [       844]
 909 softmutate   -23.180   -23.309  [       871]
 910 softmutate   -23.280   -23.309  [       871]
 911 softmutate   -23.146   -23.309  [       871]
 912 softmutate   -23.195   -23.195  [       838]
 913 softmutate   -23.195   -23.195  [       838]
 914 softmutate   -23.319   -23.252  [       874]
 915 keptBest     -23.395   -23.395  [       865]
 916 keptBest     -23.342   -23.342  [       870]
 917 keptBest     -23.309   -23.309  [       871]
 918 keptBest     -23.287   -23.287  [       872]
 919 keptBest     -23.277   -23.277  [       829]
 920 keptBest     -23.261   -23.261  [       873]
 921  Heredity    -23.281   -23.234  [  909  906]
 922  Heredity    -23.280   -23.296  [  902  910]
 923  Heredity    -23.194   -23.154  [  904  888]
 924  Heredity    -23.170   -23.298  [  882  915]
 925  Heredity    -23.032   -23.213  [  907  912]
 926  Heredity    -22.978   -23.233  [  918  912]
 927  Heredity    -23.309   -23.300  [  915  907]
 928  Heredity    -23.211   -23.347  [  883  915]
 929  Heredity    -23.277   -23.322  [  875  910]
 930  Heredity    -22.965   -23.261  [  920  907]
 931  Heredity    -23.235   -23.194  [  909  882]
 932  Heredity    -23.313   -23.255  [  911  915]
 933  Heredity    -22.929   -23.267  [  910  920]
 934  Heredity    -22.939   -23.216  [  890  905]
 935  Heredity    -23.319   -23.302  [  884  906]
 936  Heredity    -23.152   -23.302  [  890  875]
 937  Heredity    -23.167   -23.371  [  915  906]
 938  Heredity    -23.248   -23.324  [  906  875]
 939  Heredity    -23.179   -23.276  [  906  920]
 940  Heredity    -22.978   -23.251  [  890  910]
 941  Heredity    -23.150   -23.297  [  915  883]
 942  Heredity    -23.200   -23.233  [  906  891]
 943  Heredity    -23.230   -23.266  [  890  906]
 944  Heredity    -23.195   -23.266  [  884  883]
 945   Random     -23.023   -23.023  [         0]
 946   Random     -22.933   -22.933  [         0]
 947   Random     -23.342   -23.342  [         0]
 948   Random     -23.037   -23.037  [         0]
 949   Random     -23.120   -23.120  [         0]
 950   Random     -23.136   -23.136  [         0]
 951   Random     -23.081   -23.081  [         0]
 952 Permutate    -23.229   -23.261  [       907]
 953 Permutate    -23.115   -23.287  [       918]
 954 Permutate    -23.272   -23.342  [       875]
 955 softmutate   -23.260   -23.232  [       882]
 956 softmutate   -23.160   -23.232  [       882]
 957 softmutate   -23.319   -23.319  [       902]
 958 softmutate   -23.281   -23.309  [       906]
 959 softmutate   -23.220   -23.220  [       878]
 960 softmutate   -23.232   -23.232  [       882]
 961 softmutate   -23.218   -23.232  [       882]
 962 keptBest     -23.395   -23.395  [       915]
 963 keptBest     -23.342   -23.342  [       875]
 964 keptBest     -23.309   -23.309  [       906]
 965 keptBest     -23.287   -23.287  [       918]
 966 keptBest     -23.261   -23.261  [       920]
 967 keptBest     -23.220   -23.220  [       878]
 968  Heredity    -23.246   -23.337  [  962  964]
 969  Heredity    -23.277   -23.266  [  964  956]
 970  Heredity    -23.309   -23.316  [  962  955]
 971  Heredity    -23.168   -23.228  [  939  966]
 972  Heredity    -23.211   -23.200  [  924  959]
 973  Heredity    -23.177   -23.185  [  923  956]
 974  Heredity    -23.102   -23.336  [  922  962]
 975  Heredity    -22.995   -23.297  [  966  947]
 976  Heredity    -23.148   -23.346  [  962  960]
 977  Heredity    -23.258   -23.333  [  962  955]
 978  Heredity    -23.223   -23.248  [  959  922]
 979  Heredity    -23.177   -23.340  [  962  965]
 980  Heredity    -23.181   -23.270  [  922  966]
 981  Heredity    -23.229   -23.182  [  941  922]
 982  Heredity    -23.159   -23.346  [  964  962]
 983   Random     -23.217   -23.217  [         0]
 984   Random     -23.244   -23.244  [         0]
 985   Random     -23.159   -23.159  [         0]
 986   Random     -23.034   -23.034  [         0]
 987   Random     -23.145   -23.145  [         0]
 988   Random     -23.135   -23.135  [         0]
 989   Random     -23.101   -23.101  [         0]
 990   Random     -23.023   -23.023  [         0]
 991   Random     -23.146   -23.146  [         0]
 992   Random     -23.042   -23.042  [         0]
 993   Random     -23.065   -23.065  [         0]
 994 Permutate    -23.081   -23.081  [       951]
 995 Permutate    -23.265   -23.287  [       965]
 996 Permutate    -23.241   -23.232  [       960]
 997 Permutate    -23.228   -23.235  [       931]
 998 Permutate    -23.142   -23.235  [       931]
 999 Permutate    -23.342   -23.342  [       947]
1000 softmutate   -23.395   -23.395  [       962]
1001 softmutate   -23.309   -23.309  [       964]
1002 softmutate   -23.235   -23.218  [       961]
1003 softmutate   -23.218   -23.218  [       961]
1004 softmutate   -23.247   -23.342  [       947]
1005 softmutate   -23.235   -23.235  [       931]
1006 softmutate   -23.235   -23.235  [       931]
1007 softmutate   -23.205   -23.200  [       942]
1008 softmutate   -23.200   -23.200  [       942]
1009 keptBest     -23.395   -23.395  [       962]
1010 keptBest     -23.342   -23.342  [       947]
1011 keptBest     -23.309   -23.309  [       964]
1012 keptBest     -23.287   -23.287  [       965]
1013 keptBest     -23.261   -23.261  [       966]
1014 keptBest     -23.220   -23.220  [       959]
1015  Heredity    -23.147   -23.236  [ 983  1004]
1016  Heredity    -23.036   -23.241  [1012   978]
1017  Heredity    -23.195   -23.254  [  970  991]
1018  Heredity    -23.294   -23.269  [ 984  1012]
1019  Heredity    -23.243   -23.253  [  969  978]
1020  Heredity    -23.028   -23.231  [  980  995]
1021  Heredity    -23.143   -23.235  [  978  996]
1022  Heredity    -23.096   -23.281  [ 969  1012]
1023  Heredity    -23.013   -23.268  [  969  995]
1024  Heredity    -23.190   -23.210  [1008   983]
1025  Heredity    -23.220   -23.237  [  978  984]
1026  Heredity    -23.050   -23.249  [  972  970]
1027  Heredity    -23.235   -23.231  [ 983  1004]
1028  Heredity    -23.268   -23.231  [1003   995]
1029  Heredity    -23.166   -23.262  [1013   995]
1030  Heredity    -23.235   -23.343  [1000   968]
1031   Random     -23.262   -23.262  [         0]
1032   Random     -23.135   -23.135  [         0]
1033   Random     -23.253   -23.253  [         0]
1034   Random     -23.210   -23.210  [         0]
1035   Random     -22.962   -22.962  [         0]
1036   Random     -23.200   -23.200  [         0]
1037   Random     -23.177   -23.177  [         0]
1038   Random     -23.224   -23.224  [         0]
1039   Random     -23.011   -23.011  [         0]
1040   Random     -23.164   -23.164  [         0]
1041   Random     -23.086   -23.086  [         0]
1042 Permutate    -23.163   -23.218  [      1003]
1043 Permutate    -23.217   -23.217  [       983]
1044 Permutate    -23.268   -23.395  [      1000]
1045 Permutate    -23.226   -23.309  [       970]
1046 Permutate    -23.252   -23.246  [       968]
1047 softmutate   -23.259   -23.265  [       995]
1048 softmutate   -23.265   -23.265  [       995]
1049 softmutate   -23.269   -23.241  [       996]
1050 softmutate   -23.161   -23.241  [       996]
1051 softmutate   -23.291   -23.395  [      1000]
1052 softmutate   -23.291   -23.395  [      1000]
1053 softmutate   -23.212   -23.218  [      1003]
1054 softmutate   -23.212   -23.218  [      1003]
1055 keptBest     -23.395   -23.395  [      1000]
1056 keptBest     -23.342   -23.342  [       999]
1057 keptBest     -23.309   -23.309  [       970]
1058 keptBest     -23.287   -23.287  [      1012]
1059 keptBest     -23.261   -23.261  [      1013]
1060 keptBest     -23.247   -23.247  [      1004]
1061  Heredity    -23.120   -23.319  [1055  1051]
1062  Heredity    -23.216   -23.278  [1046  1056]
1063  Heredity    -23.275   -23.304  [1057  1018]
1064  Heredity    -23.241   -23.272  [1051  1059]
1065  Heredity    -23.202   -23.319  [1051  1055]
1066  Heredity    -23.150   -23.098  [1027  1026]
1067  Heredity    -23.153   -23.275  [1018  1028]
1068  Heredity    -23.282   -23.293  [1028  1057]
1069  Heredity    -22.992   -23.246  [1027  1059]
1070  Heredity    -23.146   -23.261  [1051  1037]
1071  Heredity    -23.075   -23.257  [1046  1059]
1072  Heredity    -23.281   -23.363  [1018  1055]
1073  Heredity    -23.299   -23.235  [1017  1056]
1074  Heredity    -23.143   -23.297  [1057  1051]
1075  Heredity    -23.180   -23.250  [1025  1059]
1076  Heredity    -23.180   -23.254  [1036  1057]
1077  Heredity    -23.101   -23.268  [1019  1058]
1078  Heredity    -23.030   -23.263  [1059  1028]
1079  Heredity    -23.248   -23.349  [1051  1055]
1080   Random     -23.270   -23.270  [         0]
1081   Random     -23.180   -23.180  [         0]
1082   Random     -23.217   -23.217  [         0]
1083   Random     -23.171   -23.171  [         0]
1084   Random     -23.110   -23.110  [         0]
1085   Random     -23.177   -23.177  [         0]
1086   Random     -23.159   -23.159  [         0]
1087   Random     -23.184   -23.184  [         0]
1088   Random     -23.234   -23.234  [         0]
1089 Permutate    -23.319   -23.395  [      1055]
1090 Permutate    -23.200   -23.200  [      1036]
1091 Permutate    -23.102   -23.309  [      1057]
1092 Permutate    -23.395   -23.247  [      1060]
1093 Permutate    -23.284   -23.268  [      1028]
1094 softmutate   -23.267   -23.268  [      1028]
1095 softmutate   -23.255   -23.268  [      1028]
1096 softmutate   -23.118   -23.243  [      1019]
1097 softmutate   -23.200   -23.195  [      1017]
1098 softmutate   -23.200   -23.195  [      1017]
1099 softmutate   -23.096   -23.269  [      1049]
1100 softmutate   -23.164   -23.269  [      1049]
1101 keptBest     -23.395   -23.395  [      1055]
1102 keptBest     -23.342   -23.342  [      1056]
1103 keptBest     -23.309   -23.309  [      1057]
1104 keptBest     -23.287   -23.287  [      1058]
1105 keptBest     -23.261   -23.261  [      1059]
1106 keptBest     -23.247   -23.247  [      1060]
1107  Heredity    -23.199   -23.312  [1103  1089]
1108  Heredity    -23.164   -23.319  [1093  1092]
1109  Heredity    -23.212   -23.309  [1102  1093]
1110  Heredity    -23.205   -23.273  [1062  1102]
1111  Heredity    -23.313   -23.318  [1092  1063]
1112  Heredity    -23.016   -23.279  [1079  1102]
1113  Heredity    -23.120   -23.307  [1102  1088]
1114  Heredity    -22.953   -23.281  [1094  1089]
1115  Heredity    -23.021   -23.245  [1088  1063]
1116  Heredity    -23.180   -23.293  [1103  1094]
1117  Heredity    -23.032   -23.252  [1098  1063]
1118  Heredity    -23.189   -23.202  [1063  1070]
1119  Heredity    -23.136   -23.308  [1092  1082]
1120  Heredity    -23.178   -23.327  [1089  1102]
1121  Heredity    -23.176   -23.275  [1094  1093]
1122  Heredity    -23.174   -23.191  [1093  1061]
1123  Heredity    -23.213   -23.348  [1103  1092]
1124  Heredity    -23.099   -23.347  [1092  1089]
1125  Heredity    -23.232   -23.253  [1076  1092]
1126  Heredity    -23.187   -23.243  [1094  1062]
1127  Heredity    -23.173   -23.320  [1093  1102]
1128  Heredity    -23.145   -23.276  [1094  1093]
1129  Heredity    -23.203   -23.381  [1092  1102]
1130   Random     -22.995   -22.995  [         0]
1131   Random     -23.201   -23.201  [         0]
1132   Random     -22.866   -22.866  [         0]
1133   Random     -23.150   -23.150  [         0]
1134   Random     -23.122   -23.122  [         0]
1135   Random     -22.961   -22.961  [         0]
1136   Random     -22.994   -22.994  [         0]
1137 Permutate    -23.275   -23.275  [      1063]
1138 Permutate    -23.274   -23.267  [      1094]
1139 Permutate    -23.243   -23.284  [      1093]
1140 Permutate    -23.275   -23.275  [      1063]
1141 softmutate   -23.261   -23.261  [      1105]
1142 softmutate   -23.149   -23.261  [      1105]
1143 softmutate   -23.223   -23.261  [      1105]
1144 softmutate   -23.200   -23.200  [      1098]
1145 softmutate   -23.190   -23.200  [      1098]
1146 softmutate   -23.287   -23.287  [      1104]
1147 softmutate   -23.085   -23.287  [      1104]
1148 keptBest     -23.395   -23.395  [      1092]
1149 keptBest     -23.342   -23.342  [      1102]
1150 keptBest     -23.309   -23.309  [      1103]
1151 keptBest     -23.287   -23.287  [      1104]
1152 keptBest     -23.261   -23.261  [      1105]
1153 keptBest     -23.202   -23.202  [      1065]
1154  Heredity    -23.152   -23.345  [1148  1143]
1155  Heredity    -23.177   -23.308  [1138  1149]
1156  Heredity    -23.237   -23.259  [1125  1111]
1157  Heredity    -23.147   -23.236  [1143  1139]
1158  Heredity    -23.201   -23.374  [1111  1148]
1159  Heredity    -23.250   -23.302  [1111  1137]
1160  Heredity    -23.247   -23.345  [1148  1150]
1161  Heredity    -23.275   -23.303  [1137  1111]
1162  Heredity    -23.128   -23.344  [1146  1148]
1163  Heredity    -23.147   -23.294  [1146  1111]
1164  Heredity    -23.342   -23.295  [1141  1150]
1165  Heredity    -23.144   -23.264  [1111  1139]
1166  Heredity    -23.135   -23.268  [1153  1149]
1167  Heredity    -23.111   -23.269  [1143  1150]
1168  Heredity    -23.236   -23.238  [1139  1143]
1169  Heredity    -23.093   -23.227  [1129  1138]
1170  Heredity    -23.052   -23.311  [1139  1148]
1171  Heredity    -23.264   -23.275  [1144  1111]
1172  Heredity    -23.170   -23.304  [1146  1111]
1173  Heredity    -23.169   -23.231  [1153  1141]
1174  Heredity    -23.294   -23.306  [1111  1146]
1175  Heredity    -23.199   -23.346  [1138  1148]
1176   Random     -23.261   -23.261  [         0]
1177   Random     -23.154   -23.154  [         0]
1178   Random     -23.056   -23.056  [         0]
1179   Random     -23.053   -23.053  [         0]
1180   Random     -23.287   -23.287  [         0]
1181   Random     -22.894   -22.894  [         0]
1182   Random     -23.148   -23.148  [         0]
1183   Random     -22.960   -22.960  [         0]
1184 Permutate    -23.201   -23.201  [      1131]
1185 Permutate    -23.232   -23.232  [      1125]
1186 Permutate    -23.274   -23.274  [      1138]
1187 Permutate    -23.255   -23.178  [      1120]
1188 softmutate   -23.182   -23.178  [      1120]
1189 softmutate   -23.217   -23.178  [      1120]
1190 softmutate   -23.309   -23.309  [      1150]
1191 softmutate   -23.274   -23.274  [      1138]
1192 softmutate   -23.274   -23.274  [      1138]
1193 softmutate   -23.395   -23.395  [      1148]
1194 keptBest     -23.395   -23.395  [      1148]
1195 keptBest     -23.342   -23.342  [      1149]
1196 keptBest     -23.309   -23.309  [      1150]
1197 keptBest     -23.287   -23.287  [      1146]
1198 keptBest     -23.261   -23.261  [      1141]
1199 keptBest     -23.203   -23.203  [      1129]
1200  Heredity    -23.281   -23.317  [1171  1193]
1201  Heredity    -23.297   -23.229  [1184  1176]
1202  Heredity    -23.126   -23.247  [1171  1189]
1203  Heredity    -23.184   -23.247  [1189  1174]
1204  Heredity    -23.230   -23.283  [1159  1190]
1205  Heredity    -23.395   -23.300  [1176  1193]
1206  Heredity    -23.151   -23.265  [1184  1197]
1207  Heredity    -23.157   -23.271  [1186  1171]
1208  Heredity    -23.110   -23.357  [1193  1174]
1209  Heredity    -23.195   -23.255  [1193  1157]
1210  Heredity    -23.261   -23.320  [1195  1176]
1211  Heredity    -23.156   -23.259  [1187  1176]
1212  Heredity    -23.262   -23.295  [1161  1190]
1213  Heredity    -23.258   -23.269  [1187  1161]
1214  Heredity    -23.199   -23.291  [1197  1174]
1215  Heredity    -23.098   -23.261  [1187  1171]
1216  Heredity    -23.274   -23.309  [1171  1195]
1217  Heredity    -23.129   -23.221  [1188  1190]
1218   Random     -23.085   -23.085  [         0]
1219   Random     -22.953   -22.953  [         0]
1220   Random     -23.012   -23.012  [         0]
1221   Random     -23.195   -23.195  [         0]
1222   Random     -23.195   -23.195  [         0]
1223   Random     -23.108   -23.108  [         0]
1224   Random     -22.986   -22.986  [         0]
1225   Random     -23.261   -23.261  [         0]
1226   Random     -22.966   -22.966  [         0]
1227   Random     -23.029   -23.029  [         0]
1228   Random     -23.145   -23.145  [         0]
1229   Random     -23.019   -23.019  [         0]
1230 Permutate    -23.239   -23.275  [      1161]
1231 Permutate    -23.213   -23.395  [      1193]
1232 Permutate    -23.319   -23.395  [      1193]
1233 Permutate    -23.294   -23.294  [      1174]
1234 softmutate   -23.257   -23.232  [      1185]
1235 softmutate   -23.147   -23.232  [      1185]
1236 softmutate   -23.103   -23.274  [      1186]
1237 softmutate   -23.183   -23.274  [      1186]
1238 softmutate   -23.274   -23.274  [      1186]
1239 softmutate   -23.211   -23.274  [      1186]
1240 keptBest     -23.395   -23.395  [      1193]
1241 keptBest     -23.342   -23.342  [      1195]
1242 keptBest     -23.309   -23.309  [      1190]
1243 keptBest     -23.287   -23.287  [      1197]
1244 keptBest     -23.261   -23.261  [      1176]
1245 keptBest     -23.203   -23.203  [      1199]
1246  Heredity    -22.934   -23.303  [1205  1239]
1247  Heredity    -23.183   -23.361  [1242  1205]
1248  Heredity    -23.250   -23.311  [1241  1243]
1249  Heredity    -23.039   -23.320  [1241  1242]
1250  Heredity    -23.178   -23.346  [1232  1205]
1251  Heredity    -23.342   -23.283  [1210  1241]
1252  Heredity    -23.294   -23.314  [1243  1241]
1253  Heredity    -23.319   -23.298  [1230  1205]
1254  Heredity    -23.281   -23.279  [1210  1242]
1255  Heredity    -23.290   -23.309  [1241  1200]
1256  Heredity    -23.119   -23.285  [1200  1243]
1257  Heredity    -23.225   -23.255  [1200  1231]
1258  Heredity    -23.290   -23.355  [1242  1205]
1259  Heredity    -23.237   -23.297  [1242  1200]
1260  Heredity    -23.228   -23.369  [1242  1205]
1261  Heredity    -23.319   -23.379  [1241  1205]
1262   Random     -23.163   -23.163  [         0]
1263   Random     -23.148   -23.148  [         0]
1264   Random     -23.051   -23.051  [         0]
1265   Random     -23.191   -23.191  [         0]
1266   Random     -23.007   -23.007  [         0]
1267   Random     -23.013   -23.013  [         0]
1268   Random     -22.890   -22.890  [         0]
1269   Random     -23.108   -23.108  [         0]
1270 Permutate    -23.169   -23.156  [      1211]
1271 Permutate    -23.238   -23.319  [      1232]
1272 Permutate    -23.262   -23.262  [      1212]
1273 Permutate    -23.157   -23.156  [      1211]
1274 Permutate    -23.319   -23.395  [      1205]
1275 Permutate    -23.237   -23.281  [      1200]
1276 Permutate    -23.259   -23.257  [      1234]
1277 Permutate    -23.147   -23.129  [      1217]
1278 softmutate   -23.261   -23.261  [      1210]
1279 softmutate   -23.342   -23.342  [      1241]
1280 softmutate   -23.013   -23.287  [      1243]
1281 softmutate   -23.124   -23.319  [      1232]
1282 softmutate   -23.229   -23.319  [      1232]
1283 softmutate   -23.342   -23.342  [      1241]
1284 softmutate   -23.342   -23.342  [      1241]
1285 softmutate   -23.272   -23.281  [      1200]
1286 keptBest     -23.395   -23.395  [      1205]
1287 keptBest     -23.342   -23.342  [      1241]
1288 keptBest     -23.309   -23.309  [      1242]
1289 keptBest     -23.287   -23.287  [      1243]
1290 keptBest     -23.261   -23.261  [      1210]
1291 keptBest     -23.213   -23.213  [      1231]
1292  Heredity    -23.104   -23.293  [1248  1261]
1293  Heredity    -23.220   -23.272  [1278  1252]
1294  Heredity    -23.241   -23.350  [1289  1286]
1295  Heredity    -23.059   -23.328  [1289  1286]
1296  Heredity    -23.228   -23.332  [1271  1286]
1297  Heredity    -23.159   -23.234  [1251  1263]
1298  Heredity    -23.139   -23.219  [1252  1265]
1299  Heredity    -23.282   -23.371  [1288  1286]
1300  Heredity    -23.189   -23.262  [1285  1259]
1301  Heredity    -23.213   -23.233  [1291  1278]
1302  Heredity    -23.288   -23.195  [1255  1281]
1303  Heredity    -23.204   -23.290  [1252  1289]
1304  Heredity    -23.147   -23.296  [1276  1286]
1305  Heredity    -23.211   -23.203  [1273  1272]
1306  Heredity    -23.171   -23.275  [1289  1248]
1307  Heredity    -23.216   -23.292  [1259  1261]
1308  Heredity    -23.063   -23.209  [1263  1278]
1309  Heredity    -23.228   -23.224  [1276  1263]
1310  Heredity    -23.125   -23.351  [1288  1286]
1311   Random     -23.013   -23.013  [         0]
1312   Random     -23.210   -23.210  [         0]
1313   Random     -23.155   -23.155  [         0]
1314   Random     -22.995   -22.995  [         0]
1315   Random     -23.148   -23.148  [         0]
1316   Random     -23.237   -23.237  [         0]
1317   Random     -23.127   -23.127  [         0]
1318   Random     -23.081   -23.081  [         0]
1319 Permutate    -23.241   -23.287  [      1289]
1320 Permutate    -23.309   -23.309  [      1288]
1321 Permutate    -23.213   -23.342  [      1251]
1322 Permutate    -23.155   -23.238  [      1271]
1323 Permutate    -23.259   -23.259  [      1276]
1324 Permutate    -23.167   -23.229  [      1282]
1325 softmutate   -23.081   -23.395  [      1286]
1326 softmutate   -23.143   -23.395  [      1286]
1327 softmutate   -23.196   -23.169  [      1270]
1328 softmutate   -23.193   -23.169  [      1270]
1329 softmutate   -23.286   -23.290  [      1255]
1330 softmutate   -23.235   -23.290  [      1255]
1331 softmutate   -23.282   -23.238  [      1271]
1332 keptBest     -23.395   -23.395  [      1286]
1333 keptBest     -23.342   -23.342  [      1251]
1334 keptBest     -23.309   -23.309  [      1288]
1335 keptBest     -23.287   -23.287  [      1289]
1336 keptBest     -23.261   -23.261  [      1278]
1337 keptBest     -23.237   -23.237  [      1259]
1338  Heredity    -23.195   -23.252  [1335  1330]
1339  Heredity    -23.218   -23.210  [1327  1307]
1340  Heredity    -23.395   -23.277  [1296  1332]
1341  Heredity    -23.206   -23.252  [1337  1302]
1342  Heredity    -23.237   -23.368  [1333  1332]
1343  Heredity    -23.133   -23.249  [1323  1337]
1344  Heredity    -23.026   -23.326  [1298  1332]
1345  Heredity    -23.290   -23.335  [1323  1332]
1346  Heredity    -23.145   -23.250  [1322  1335]
1347  Heredity    -23.204   -23.347  [1332  1335]
1348  Heredity    -23.138   -23.253  [1299  1294]
1349  Heredity    -23.151   -23.225  [1299  1313]
1350  Heredity    -23.228   -23.251  [1336  1294]
1351  Heredity    -23.222   -23.254  [1299  1330]
1352  Heredity    -23.217   -23.297  [1333  1323]
1353  Heredity    -23.069   -23.250  [1336  1294]
1354  Heredity    -23.245   -23.261  [1299  1337]
1355  Heredity    -23.288   -23.273  [1336  1302]
1356  Heredity    -23.108   -23.255  [1294  1299]
1357   Random     -23.108   -23.108  [         0]
1358   Random     -23.154   -23.154  [         0]
1359   Random     -23.001   -23.001  [         0]
1360   Random     -23.155   -23.155  [         0]
1361   Random     -23.172   -23.172  [         0]
1362   Random     -23.095   -23.095  [         0]
1363 Permutate    -23.241   -23.241  [      1294]
1364 Permutate    -23.288   -23.288  [      1302]
1365 Permutate    -23.206   -23.342  [      1333]
1366 Permutate    -23.309   -23.309  [      1320]
1367 softmutate   -23.257   -23.228  [      1296]
1368 softmutate   -23.147   -23.213  [      1301]
1369 softmutate   -23.213   -23.213  [      1301]
1370 softmutate   -23.140   -23.213  [      1301]
1371 softmutate   -23.235   -23.213  [      1301]
1372 softmutate   -23.111   -23.216  [      1307]
1373 softmutate   -23.216   -23.216  [      1307]
1374 softmutate   -23.395   -23.395  [      1332]
1375 softmutate   -23.241   -23.241  [      1294]
1376 softmutate   -23.000   -23.395  [      1332]
1377 softmutate   -22.928   -23.287  [      1335]
1378 keptBest     -23.395   -23.395  [      1332]
1379 keptBest     -23.342   -23.342  [      1333]
1380 keptBest     -23.309   -23.309  [      1320]
1381 keptBest     -23.287   -23.287  [      1335]
1382 keptBest     -23.261   -23.261  [      1336]
1383 keptBest     -23.237   -23.237  [      1337]
1384  Heredity    -23.267   -23.230  [1339  1363]
1385  Heredity    -23.261   -23.300  [1340  1369]
1386  Heredity    -23.201   -23.192  [1365  1361]
1387  Heredity    -23.181   -23.248  [1381  1369]
1388  Heredity    -23.188   -23.309  [1379  1371]
1389  Heredity    -23.157   -23.241  [1369  1367]
1390  Heredity    -23.229   -23.364  [1345  1340]
1391  Heredity    -23.018   -23.202  [1383  1360]
1392  Heredity    -23.149   -23.254  [1383  1382]
1393  Heredity    -23.282   -23.349  [1345  1340]
1394  Heredity    -23.219   -23.236  [1342  1371]
1395  Heredity    -23.177   -23.253  [1342  1381]
1396  Heredity    -23.018   -23.341  [1381  1340]
1397  Heredity    -23.242   -23.306  [1342  1340]
1398  Heredity    -23.259   -23.148  [1356  1342]
1399  Heredity    -23.206   -23.353  [1345  1340]
1400  Heredity    -23.203   -23.301  [1379  1371]
1401  Heredity    -23.186   -23.282  [1366  1382]
1402   Random     -23.115   -23.115  [         0]
1403   Random     -23.160   -23.160  [         0]
1404   Random     -23.060   -23.060  [         0]
1405   Random     -23.192   -23.192  [         0]
1406   Random     -23.013   -23.013  [         0]
1407   Random     -23.154   -23.154  [         0]
1408   Random     -22.957   -22.957  [         0]
1409   Random     -23.032   -23.032  [         0]
1410   Random     -23.186   -23.186  [         0]
1411 Permutate    -23.187   -23.287  [      1381]
1412 Permutate    -23.237   -23.237  [      1342]
1413 Permutate    -23.226   -23.172  [      1361]
1414 Permutate    -23.187   -23.172  [      1361]
1415 softmutate   -23.145   -23.155  [      1360]
1416 softmutate   -23.154   -23.155  [      1360]
1417 softmutate   -23.309   -23.309  [      1366]
1418 softmutate   -23.235   -23.235  [      1371]
1419 softmutate   -23.159   -23.235  [      1371]
1420 softmutate   -23.309   -23.309  [      1366]
1421 softmutate   -23.155   -23.140  [      1370]
1422 softmutate   -23.145   -23.140  [      1370]
1423 softmutate   -23.241   -23.241  [      1363]
1424 keptBest     -23.395   -23.395  [      1340]
1425 keptBest     -23.342   -23.342  [      1379]
1426 keptBest     -23.309   -23.309  [      1366]
1427 keptBest     -23.287   -23.287  [      1381]
1428 keptBest     -23.261   -23.261  [      1382]
1429 keptBest     -23.237   -23.237  [      1383]
1430  Heredity    -23.264   -23.292  [1385  1417]
1431  Heredity    -23.259   -23.261  [1385  1428]
1432  Heredity    -23.184   -23.279  [1427  1385]
1433  Heredity    -23.105   -23.206  [1411  1423]
1434  Heredity    -23.313   -23.246  [1400  1425]
1435  Heredity    -23.184   -23.281  [1385  1417]
1436  Heredity    -23.240   -23.369  [1424  1425]
1437  Heredity    -23.170   -23.278  [1384  1417]
1438  Heredity    -23.252   -23.359  [1424  1417]
1439  Heredity    -23.280   -23.264  [1428  1384]
1440  Heredity    -23.181   -23.283  [1394  1417]
1441  Heredity    -23.210   -23.249  [1398  1397]
1442  Heredity    -23.252   -23.274  [1428  1393]
1443  Heredity    -23.201   -23.296  [1384  1425]
1444  Heredity    -23.192   -23.315  [1425  1393]
1445  Heredity    -23.186   -23.278  [1393  1384]
1446  Heredity    -23.131   -23.243  [1399  1393]
1447  Heredity    -23.245   -23.273  [1427  1384]
1448  Heredity    -23.297   -23.362  [1417  1424]
1449  Heredity    -23.298   -23.315  [1388  1424]
1450  Heredity    -23.196   -23.259  [1413  1427]
1451  Heredity    -23.193   -23.301  [1425  1397]
1452  Heredity    -23.103   -23.232  [1397  1399]
1453   Random     -23.010   -23.010  [         0]
1454   Random     -23.138   -23.138  [         0]
1455   Random     -23.037   -23.037  [         0]
1456   Random     -23.127   -23.127  [         0]
1457   Random     -23.177   -23.177  [         0]
1458   Random     -23.127   -23.127  [         0]
1459   Random     -23.281   -23.281  [         0]
1460 Permutate    -23.251   -23.241  [      1423]
1461 Permutate    -23.136   -23.219  [      1394]
1462 Permutate    -23.342   -23.342  [      1425]
1463 Permutate    -23.133   -23.237  [      1412]
1464 softmutate   -23.165   -23.282  [      1393]
1465 softmutate   -23.211   -23.282  [      1393]
1466 softmutate   -23.110   -23.267  [      1384]
1467 softmutate   -23.268   -23.267  [      1384]
1468 softmutate   -23.254   -23.342  [      1425]
1469 softmutate   -23.208   -23.259  [      1398]
1470 keptBest     -23.395   -23.395  [      1424]
1471 keptBest     -23.342   -23.342  [      1425]
1472 keptBest     -23.309   -23.309  [      1417]
1473 keptBest     -23.287   -23.287  [      1427]
1474 keptBest     -23.261   -23.261  [      1428]
1475 keptBest     -23.219   -23.219  [      1394]
1476  Heredity    -23.223   -23.269  [1473  1460]
1477  Heredity    -23.079   -23.296  [1439  1472]
1478  Heredity    -23.198   -23.311  [1472  1434]
1479  Heredity    -23.144   -23.307  [1443  1470]
1480  Heredity    -23.153   -23.334  [1462  1434]
1481  Heredity    -23.254   -23.205  [1436  1451]
1482  Heredity    -23.165   -23.329  [1475  1470]
1483  Heredity    -23.157   -23.236  [1475  1442]
1484  Heredity    -23.238   -23.258  [1468  1474]
1485  Heredity    -23.185   -23.266  [1434  1451]
1486  Heredity    -23.227   -23.204  [1434  1464]
1487  Heredity    -23.151   -23.164  [1454  1445]
1488  Heredity    -23.014   -23.344  [1470  1473]
1489  Heredity    -23.223   -23.323  [1462  1473]
1490  Heredity    -23.166   -23.255  [1439  1436]
1491  Heredity    -23.319   -23.228  [1435  1468]
1492   Random     -23.227   -23.227  [         0]
1493   Random     -23.070   -23.070  [         0]
1494   Random     -23.135   -23.135  [         0]
1495   Random     -23.171   -23.171  [         0]
1496   Random     -23.048   -23.048  [         0]
1497   Random     -23.145   -23.145  [         0]
1498   Random     -23.067   -23.067  [         0]
1499 Permutate    -23.284   -23.280  [      1439]
1500 Permutate    -23.282   -23.280  [      1439]
1501 Permutate    -23.287   -23.287  [      1473]
1502 Permutate    -23.232   -23.264  [      1430]
1503 Permutate    -23.161   -23.138  [      1454]
1504 Permutate    -23.177   -23.252  [      1442]
1505 Permutate    -23.319   -23.395  [      1470]
1506 Permutate    -23.127   -23.251  [      1460]
1507 Permutate    -23.257   -23.313  [      1434]
1508 Permutate    -23.228   -23.264  [      1430]
1509 softmutate   -23.066   -23.251  [      1460]
1510 softmutate   -23.146   -23.251  [      1460]
1511 softmutate   -23.242   -23.240  [      1436]
1512 softmutate   -23.003   -23.201  [      1443]
1513 softmutate   -23.201   -23.201  [      1443]
1514 softmutate   -23.179   -23.184  [      1435]
1515 softmutate   -23.176   -23.184  [      1435]
1516 keptBest     -23.395   -23.395  [      1470]
1517 keptBest     -23.342   -23.342  [      1462]
1518 keptBest     -23.309   -23.309  [      1472]
1519 keptBest     -23.287   -23.287  [      1473]
1520 keptBest     -23.261   -23.261  [      1474]
1521 keptBest     -23.254   -23.254  [      1468]
1522  Heredity    -23.255   -23.284  [1484  1518]
1523  Heredity    -23.060   -23.278  [1501  1520]
1524  Heredity    -23.269   -23.278  [1484  1491]
1525  Heredity    -23.237   -23.349  [1516  1481]
1526  Heredity    -23.169   -23.300  [1518  1501]
1527  Heredity    -23.256   -23.320  [1517  1499]
1528  Heredity    -23.192   -23.254  [1476  1518]
1529  Heredity    -23.178   -23.223  [1513  1511]
1530  Heredity    -23.239   -23.245  [1492  1499]
1531  Heredity    -23.147   -23.315  [1507  1516]
1532  Heredity    -23.204   -23.255  [1511  1501]
1533  Heredity    -23.218   -23.329  [1518  1517]
1534  Heredity    -23.049   -23.279  [1518  1476]
1535  Heredity    -23.207   -23.312  [1520  1516]
1536  Heredity    -23.181   -23.250  [1476  1501]
1537  Heredity    -23.013   -23.275  [1511  1501]
1538  Heredity    -23.169   -23.338  [1516  1499]
1539  Heredity    -23.190   -23.285  [1501  1499]
1540  Heredity    -23.143   -23.194  [1492  1515]
1541  Heredity    -23.251   -23.272  [1491  1476]
1542   Random     -23.005   -23.005  [         0]
1543   Random     -23.217   -23.217  [         0]
1544   Random     -22.962   -22.962  [         0]
1545   Random     -23.198   -23.198  [         0]
1546   Random     -23.105   -23.105  [         0]
1547   Random     -23.156   -23.156  [         0]
1548   Random     -23.074   -23.074  [         0]
1549   Random     -23.075   -23.075  [         0]
1550   Random     -23.254   -23.254  [         0]
1551   Random     -23.201   -23.201  [         0]
1552 Permutate    -23.319   -23.395  [      1516]
1553 Permutate    -23.238   -23.242  [      1511]
1554 Permutate    -23.193   -23.261  [      1520]
1555 Permutate    -23.319   -23.395  [      1516]
1556 softmutate   -23.171   -23.261  [      1520]
1557 softmutate   -23.148   -23.261  [      1520]
1558 softmutate   -23.223   -23.223  [      1476]
1559 softmutate   -23.223   -23.223  [      1476]
1560 softmutate   -23.280   -23.284  [      1499]
1561 softmutate   -23.286   -23.284  [      1499]
1562 keptBest     -23.395   -23.395  [      1516]
1563 keptBest     -23.342   -23.342  [      1517]
1564 keptBest     -23.309   -23.309  [      1518]
1565 keptBest     -23.287   -23.287  [      1501]
1566 keptBest     -23.261   -23.261  [      1520]
1567 keptBest     -23.198   -23.198  [      1478]
