Gen   ID    Origin   Composition    Enthalpy   Volume  Density   Fitness   KPOINTS  SYMM  Q_entr A_order S_order
                                      (eV)     (A^3)  (g/cm^3)
  1   19   Random    [     4 16  ]   -81.051    94.465   1.128    -81.051 [ 3  3  3]  19  0.167  2.204  1.860
  2   30  Random     [     4 16  ]   -81.065    94.471   1.128    -81.065 [ 3  2  4]  33  0.171  2.121  1.741
  3   44 keptBest    [     4 16  ]   -81.066    94.484   1.128    -81.066 [ 3  2  4]  33  0.170  2.124  1.744
  4   82  Rotate     [     4 16  ]   -81.119    93.905   1.135    -81.119 [ 4  3  2]  19  0.174  2.093  1.721
  5   88 keptBest    [     4 16  ]   -81.120    93.917   1.135    -81.120 [ 4  3  2]  19  0.174  2.093  1.721
  6  110 keptBest    [     4 16  ]   -81.120    93.926   1.134    -81.120 [ 4  3  2]  19  0.174  2.093  1.721
  7  132 keptBest    [     4 16  ]   -81.121    93.935   1.134    -81.121 [ 4  3  2]  19  0.174  2.093  1.721
  8  158  Heredity   [     4 16  ]   -81.126    94.020   1.133    -81.126 [ 4  3  2]   1  0.175  1.962  1.587
  9  176 keptBest    [     4 16  ]   -81.127    94.019   1.133    -81.127 [ 4  3  2]   1  0.175  1.962  1.587
