  ID   Compositions    Enthalpies    Volumes    fitness  SYMM
                       (eV/atom)    (A^3/atom)    ()         
 176  [     4 16  ]     -4.0563      4.7010    -81.1265     1
 126  [     4 16  ]     -4.0560      4.7025    -81.1198    19
 177  [     4 16  ]     -4.0544      4.7302    -81.0874    31
 192  [     4 16  ]     -4.0535      4.7316    -81.0696     1
 155  [     4 16  ]     -4.0534      4.7262    -81.0690    33
 193  [     4 16  ]     -4.0534      4.7169    -81.0688    62
 197  [     4 16  ]     -4.0534      4.7273    -81.0686    63
 157  [     4 16  ]     -4.0523      4.7119    -81.0462    14
 162  [     4 16  ]     -4.0520      4.7533    -81.0391     1
 170  [     4 16  ]     -4.0511      4.7308    -81.0214    62
 104  [     4 16  ]     -4.0505      4.7474    -81.0099     1
  83  [     4 16  ]     -4.0503      4.7441    -81.0053     1
  55  [     4 16  ]     -4.0503      4.7339    -81.0052    19
 181  [     4 16  ]     -4.0502      4.7394    -81.0035     1
 116  [     4 16  ]     -4.0501      4.7540    -81.0018     1
 108  [     4 16  ]     -4.0501      4.7412    -81.0012     1
 156  [     4 16  ]     -4.0494      4.7506    -80.9884     1
 112  [     4 16  ]     -4.0492      4.7482    -80.9846     1
  70  [     4 16  ]     -4.0491      4.7430    -80.9821     1
   5  [     4 16  ]     -4.0490      4.7661    -80.9796     7
