Gen   ID    Origin   Composition    Enthalpy   Volume  Density   Fitness   KPOINTS  SYMM  Q_entr A_order S_order
                                      (eV)     (A^3)  (g/cm^3)
  1    1   Random    [     4 16  ]   -80.761    96.917   1.099    -80.761 [ 3  3  3]  43  0.172  2.185  1.825
  1    2   Random    [     4 16  ]   -80.785    96.329   1.106    -80.785 [ 2  3  4]   4  0.202  2.080  1.651
  1    3   Random    [     4 16  ]   -80.837    96.068   1.109    -80.837 [ 3  3  3]  29  0.177  2.038  1.660
  1    4   Random    [     4 16  ]   -80.795    95.389   1.117    -80.795 [ 3  3  3]  18  0.188  2.073  1.663
  1    5   Random    [     4 16  ]   -80.980    95.322   1.118    -80.980 [ 3  3  4]   7  0.167  2.160  1.805
  1    6   Random    [     4 16  ]   -80.824    96.211   1.108    -80.824 [ 3  3  4]   3  0.184  1.637  1.299
  1    7   Random    [     4 16  ]   -80.488    97.835   1.089    -80.488 [ 2  3  4]  19  0.153  1.789  1.475
  1    8   Random    [     4 16  ]   -80.714    96.286   1.107    -80.714 [ 3  3  3]  19  0.165  2.025  1.693
  1    9   Random    [     4 16  ]   -80.808    96.194   1.108    -80.808 [ 3  3  3]  77  0.189  1.932  1.523
  1   10   Random    [     4 16  ]   -80.823    95.835   1.112    -80.823 [ 3  3  3]   1  0.232  1.934  1.406
  1   11   Random    [     4 16  ]   -80.830    95.932   1.111    -80.830 [ 3  3  2]  92  0.110  2.223  1.995
  1   12   Random    [     4 16  ]   -80.859    95.694   1.114    -80.859 [ 3  3  3]   1  0.220  2.012  1.508
  1   13   Random    [     4 16  ]   -80.869    95.420   1.117    -80.869 [ 3  3  3]   4  0.176  2.228  1.857
  1   14   Random    [     4 16  ]   -80.607    97.321   1.095    -80.607 [ 3  3  3] 111  0.172  2.214  1.833
  1   15   Random    [     4 16  ]   -80.855    95.753   1.113    -80.855 [ 3  3  3]   4  0.201  2.158  1.704
  1   16   Random    [     4 16  ]   -80.699    96.764   1.101    -80.699 [ 3  3  3]  19  0.128  1.666  1.452
  1   17   Random    [     4 16  ]   -80.895    95.438   1.116    -80.895 [ 3  4  2]  19  0.195  2.105  1.663
  1   18   Random    [     4 16  ]   -80.968    94.968   1.122    -80.968 [ 4  2  3]   4  0.213  2.260  1.736
  1   19   Random    [     4 16  ]   -81.051    94.465   1.128    -81.051 [ 3  3  3]  19  0.167  2.204  1.860
  1   20   Random    [     4 16  ]   -80.688    96.748   1.101    -80.688 [ 3  3  3]   1  0.233  2.009  1.474
  2   21  Heredity   [     4 16  ]   -80.852    96.270   1.107    -80.852 [ 4  2  3]   1  0.226  1.883  1.386
  2   22  Heredity   [     4 16  ]   -80.979    94.873   1.123    -80.979 [ 3  3  4]   1  0.218  1.967  1.481
  2   23  Heredity   [     4 16  ]   -80.753    96.802   1.101    -80.753 [ 3  3  3]   1  0.221  2.021  1.528
  2   24  Heredity   [     4 16  ]   -80.750    96.618   1.103 100000.000 [ 4  3  3]   1  0.237  1.886  1.351
  2   25  Heredity   [     4 16  ]   -80.987    94.948   1.122    -80.987 [ 3  3  3]   1  0.208  1.825  1.365
  2   26  Heredity   [     4 16  ]   -80.684    96.553   1.104 100000.000 [ 4  3  3]   4  0.205  1.960  1.502
  2   27  Heredity   [     4 16  ]   -80.815    96.330   1.106    -80.815 [ 3  3  3]   1  0.224  1.885  1.403
  2   28  Heredity   [     4 16  ]   -80.708    96.560   1.104    -80.708 [ 4  3  2]   1  0.236  1.960  1.419
  2   29  Heredity   [     4 16  ]   -80.746    96.410   1.105    -80.746 [ 3  3  4]   1  0.222  1.822  1.330
  2   30  Random     [     4 16  ]   -81.065    94.471   1.128    -81.065 [ 3  2  4]  33  0.171  2.121  1.741
  2   31  Random     [     4 16  ]   -80.459    98.542   1.081    -80.459 [ 3  3  3]  16  0.206  2.024  1.567
  2   32  Random     [     4 16  ]   -80.877    96.165   1.108    -80.877 [ 3  3  4]   1  0.205  2.079  1.646
  2   33  Random     [     4 16  ]   -80.755    96.613   1.103 100000.000 [ 3  3  3]  23  0.182  2.026  1.639
  2   34  Rotate     [     4 16  ]   -80.735    96.416   1.105    -80.735 [ 3  3  3]  19  0.182  2.171  1.773
  2   35  Rotate     [     4 16  ]   -80.843    96.201   1.108    -80.843 [ 3  3  4]   3  0.202  1.672  1.271
  2   36  Rotate     [     4 16  ]   -80.826    95.977   1.110    -80.826 [ 3  3  3]  19  0.169  2.302  1.937
  2   37  Rotate     [     4 16  ]   -80.902    95.343   1.118    -80.902 [ 4  2  3]  11  0.192  2.102  1.633
  2   38 softmutate  [     4 16  ]   -80.797    96.066   1.109    -80.797 [ 3  3  3]   1  0.239  2.025  1.457
  2   39 softmutate  [     4 16  ]   -80.917    95.170   1.120    -80.917 [ 3  3  3]   1  0.209  2.037  1.564
  2   40 softmutate  [     4 16  ]   -80.866    95.914   1.111 100000.000 [ 3  3  3]   1  0.203  2.270  1.825
  2   41 keptBest    [     4 16  ]   -81.052    94.454   1.128    -81.052 [ 3  3  3]  19  0.167  2.206  1.861
  2   42 keptBest    [     4 16  ]   -80.897    95.426   1.117    -80.897 [ 3  4  2]  19  0.195  2.104  1.662
  2   43 keptBest    [     4 16  ]   -80.837    96.080   1.109    -80.837 [ 3  3  3]  29  0.177  2.040  1.662
  3   44 keptBest    [     4 16  ]   -81.066    94.484   1.128    -81.066 [ 3  2  4]  33  0.170  2.124  1.744
  3   45 keptBest    [     4 16  ]   -81.053    94.442   1.128    -81.053 [ 3  3  3]  19  0.167  2.207  1.863
  3   46  Heredity   [     4 16  ]   -80.834    96.133   1.108    -80.834 [ 3  3  4]   3  0.192  1.995  1.580
  3   47  Heredity   [     4 16  ]   -80.785    96.469   1.105    -80.785 [ 3  2  4]   1  0.212  1.738  1.299
  3   48  Heredity   [     4 16  ]   -80.925    95.303   1.118    -80.925 [ 3  3  4]   1  0.203  1.954  1.492
  3   49  Heredity   [     4 16  ]   -80.886    95.783   1.112    -80.886 [ 3  2  4]   1  0.205  1.945  1.493
  3   50  Heredity   [     4 16  ]   -80.735    96.551   1.104    -80.735 [ 3  3  3]   1  0.231  1.795  1.278
  3   51  Heredity   [     4 16  ]   -80.761    96.352   1.106 100000.000 [ 3  3  3]   1  0.222  1.996  1.492
  3   52  Heredity   [     4 16  ]   -80.807    96.177   1.108    -80.807 [ 3  2  4]   1  0.215  1.934  1.455
  3   53  Heredity   [     4 16  ]   -80.926    95.428   1.117    -80.926 [ 4  2  3]   1  0.218  1.828  1.348
  3   54  Random     [     4 16  ]   -80.613    97.685   1.091    -80.613 [ 3  3  4]   3  0.204  2.213  1.766
  3   55  Random     [     4 16  ]   -81.005    94.678   1.125    -81.005 [ 4  3  2]  19  0.170  2.047  1.703
  3   56  Random     [     4 16  ]   -80.754    96.524   1.104    -80.754 [ 3  3  3]  77  0.163  2.047  1.660
  3   57  Rotate     [     4 16  ]   -80.680    97.275   1.095    -80.680 [ 3  3  4]   3  0.177  1.852  1.474
  3   58  Rotate     [     4 16  ]   -79.133   106.659   0.999    -79.133 [ 3  4  2]  29  0.161  1.934  1.545
  3   59  Rotate     [     4 16  ]   -80.963    95.361   1.117    -80.963 [ 3  3  3]   1  0.219  1.930  1.448
  3   60  Rotate     [     4 16  ]   -80.893    95.881   1.111    -80.893 [ 3  3  4]   1  0.227  1.851  1.332
  3   61 softmutate  [     4 16  ]   -80.936    95.075   1.121    -80.936 [ 3  4  3]   1  0.209  2.089  1.624
  3   62 softmutate  [     4 16  ]   -80.999    94.871   1.123    -80.999 [ 3  3  3]   1  0.201  1.854  1.407
  3   63 softmutate  [     4 16  ]   -81.049    94.343   1.129 100000.000 [ 3  3  3]   7  0.185  2.315  1.907
  3   64 keptBest    [     4 16  ]   -80.988    94.936   1.122 100000.000 [ 3  3  3]   1  0.208  1.825  1.366
  3   65  Random     [     4 16  ]   -80.691    97.264   1.096    -80.691 [ 3  3  3]  23  0.173  2.165  1.796
  4   66 keptBest    [     4 16  ]   -81.066    94.495   1.128    -81.066 [ 3  2  4]  33  0.170  2.126  1.746
  4   67 keptBest    [     4 16  ]   -81.053    94.432   1.128    -81.053 [ 3  3  3]  19  0.167  2.208  1.864
  4   68  Heredity   [     4 16  ]   -80.637    97.129   1.097    -80.637 [ 3  3  3]   1  0.224  1.775  1.284
  4   69  Heredity   [     4 16  ]   -80.934    95.343   1.118    -80.934 [ 3  3  4]   1  0.222  1.774  1.300
  4   70  Heredity   [     4 16  ]   -80.982    94.860   1.123    -80.982 [ 3  3  4]   1  0.202  2.101  1.649
  4   71  Heredity   [     4 16  ]   -80.443    98.086   1.086    -80.443 [ 3  2  3]   1  0.233  1.911  1.379
  4   72  Heredity   [     4 16  ]   -80.931    95.321   1.118    -80.931 [ 3  2  4]   1  0.206  1.885  1.432
  4   73  Heredity   [     4 16  ]   -80.872    95.488   1.116    -80.872 [ 3  3  3]   1  0.186  1.983  1.567
  4   74  Heredity   [     4 16  ]   -80.842    95.557   1.115    -80.842 [ 3  3  4]   1  0.217  1.750  1.283
  4   75  Heredity   [     4 16  ]   -80.545    97.683   1.091    -80.545 [ 3  3  3]   1  0.239  1.785  1.251
  4   76  Random     [     4 16  ]   -79.764   100.415   1.061    -79.764 [ 3  3  3]   1  0.231  2.011  1.471
  4   77  Random     [     4 16  ]   -80.923    95.550   1.115    -80.923 [ 3  3  4]   4  0.208  2.053  1.575
  4   78  Random     [     4 16  ]   -80.837    95.973   1.110    -80.837 [ 3  3  2]  76  0.139  2.176  1.879
  4   79  Random     [     4 16  ]   -80.762    96.738   1.101    -80.762 [ 3  3  3]   1  0.216  2.139  1.648
  4   80  Rotate     [     4 16  ]   -80.825    96.273   1.107    -80.825 [ 3  3  3]  19  0.168  2.178  1.818
  4   81  Rotate     [     4 16  ]   -80.797    96.406   1.105 100000.000 [ 4  2  3]  19  0.159  1.985  1.668
  4   82  Rotate     [     4 16  ]   -81.119    93.905   1.135    -81.119 [ 4  3  2]  19  0.174  2.093  1.721
  4   83  Rotate     [     4 16  ]   -81.005    94.882   1.123    -81.005 [ 4  2  3]   1  0.207  1.869  1.415
  4   84 softmutate  [     4 16  ]   -80.913    95.554   1.115    -80.913 [ 3  2  4]   1  0.195  2.011  1.583
  4   85 softmutate  [     4 16  ]   -80.949    95.012   1.122    -80.949 [ 3  3  3]   1  0.192  1.853  1.442
  4   86 keptBest    [     4 16  ]   -81.113    94.055   1.133    -81.113 [ 4  3  2]  19  0.171  2.066  1.707
  4   87 softmutate  [     4 16  ]   -80.950    95.040   1.121    -80.950 [ 3  3  3]   1  0.221  1.834  1.334
  5   88 keptBest    [     4 16  ]   -81.120    93.917   1.135    -81.120 [ 4  3  2]  19  0.174  2.093  1.721
  5   89 keptBest    [     4 16  ]   -81.067    94.504   1.128    -81.067 [ 3  2  4]  33  0.170  2.128  1.749
  5   90  Heredity   [     4 16  ]   -80.760    96.026   1.110    -80.760 [ 3  3  3]   1  0.211  2.017  1.544
  5   91  Heredity   [     4 16  ]   -81.053    94.738   1.125 100000.000 [ 3  2  4]   1  0.185  1.972  1.550
  5   92  Heredity   [     4 16  ]   -80.751    96.402   1.105    -80.751 [ 3  3  4]   1  0.217  1.848  1.372
  5   93  Heredity   [     4 16  ]   -80.949    95.239   1.119    -80.949 [ 4  3  2]   1  0.220  2.054  1.555
  5   94  Heredity   [     4 16  ]   -80.751    96.862   1.100    -80.751 [ 4  2  3]   1  0.229  1.919  1.396
  5   95  Heredity   [     4 16  ]   -80.558    96.983   1.099    -80.558 [ 4  2  3]   1  0.231  1.728  1.231
  5   96  Heredity   [     4 16  ]   -80.720    96.837   1.100    -80.720 [ 3  3  4]   1  0.214  1.802  1.345
  5   97  Heredity   [     4 16  ]   -81.030    94.911   1.123    -81.030 [ 4  3  2]   1  0.208  1.998  1.537
  5   98  Random     [     4 16  ]   -80.735    96.890   1.100    -80.735 [ 3  3  4]   1  0.229  1.963  1.447
  5   99  Random     [     4 16  ]   -79.108   106.727   0.998    -79.108 [ 4  3  2]  18  0.156  2.353  2.021
  5  100  Random     [     4 16  ]   -80.341    98.635   1.080    -80.341 [ 2  4  2]   3  0.129  2.025  1.800
  5  101  Random     [     4 16  ]   -80.989    94.941   1.122    -80.989 [ 4  3  3]   1  0.202  2.077  1.631
  5  102  Rotate     [     4 16  ]   -80.846    96.041   1.109    -80.846 [ 4  3  2]  19  0.172  2.101  1.719
  5  103  Rotate     [     4 16  ]   -80.908    95.616   1.114 100000.000 [ 4  2  3]   1  0.210  1.921  1.456
  5  104  Rotate     [     4 16  ]   -81.010    94.948   1.122    -81.010 [ 4  2  3]   1  0.212  1.860  1.392
  5  105  Rotate     [     4 16  ]   -80.848    96.132   1.108    -80.848 [ 3  2  4]   4  0.221  1.969  1.472
  5  106 softmutate  [     4 16  ]   -80.959    94.949   1.122    -80.959 [ 3  3  3]   1  0.205  1.905  1.454
  5  107 softmutate  [     4 16  ]   -80.983    95.050   1.121    -80.983 [ 4  2  3]   1  0.210  1.869  1.414
  5  108 softmutate  [     4 16  ]   -81.001    94.823   1.124    -81.001 [ 3  3  3]   1  0.208  1.866  1.394
  5  109 keptBest    [     4 16  ]   -81.054    94.422   1.129    -81.054 [ 3  3  3]  19  0.167  2.209  1.866
  6  110 keptBest    [     4 16  ]   -81.120    93.926   1.134    -81.120 [ 4  3  2]  19  0.174  2.093  1.721
  6  111 keptBest    [     4 16  ]   -81.068    94.512   1.127    -81.068 [ 3  2  4]  33  0.169  2.131  1.752
  6  112  Heredity   [     4 16  ]   -80.985    94.963   1.122    -80.985 [ 4  3  3]   1  0.225  1.842  1.342
  6  113  Heredity   [     4 16  ]   -80.880    95.479   1.116    -80.880 [ 4  3  3]   1  0.208  1.813  1.372
  6  114  Heredity   [     4 16  ]   -80.779    96.271   1.107    -80.779 [ 4  3  3]   1  0.217  1.877  1.399
  6  115  Heredity   [     4 16  ]   -80.889    95.694   1.114    -80.889 [ 3  3  3]   1  0.215  1.891  1.430
  6  116  Heredity   [     4 16  ]   -81.002    95.080   1.121    -81.002 [ 3  2  4]   1  0.206  2.075  1.611
  6  117  Heredity   [     4 16  ]   -80.838    96.092   1.109    -80.838 [ 4  3  3]   1  0.234  1.914  1.378
  6  118  Heredity   [     4 16  ]   -80.515    98.019   1.087    -80.515 [ 4  3  2]   1  0.230  1.892  1.375
  6  119  Heredity   [     4 16  ]   -80.273    99.044   1.076    -80.273 [ 3  3  3]   1  0.240  1.908  1.342
  6  120  Random     [     4 16  ]   -80.896    95.872   1.111    -80.896 [ 3  3  3]  27  0.134  1.763  1.560
  6  121  Random     [     4 16  ]   -80.893    95.510   1.116    -80.893 [ 2  4  3]   1  0.221  2.047  1.552
  6  122  Random     [     4 16  ]   -80.483    98.237   1.085    -80.483 [ 3  4  3]   3  0.185  2.145  1.727
  6  123  Random     [     4 16  ]   -80.780    96.279   1.107    -80.780 [ 4  3  3]   4  0.183  1.856  1.465
  6  124  Rotate     [     4 16  ]   -80.801    96.201   1.108    -80.801 [ 3  2  4]   4  0.208  2.161  1.709
  6  125  Rotate     [     4 16  ]   -81.049    94.923   1.123    -81.049 [ 3  2  4]  19  0.180  2.134  1.748
  6  126  Rotate     [     4 16  ]   -81.120    94.049   1.133    -81.120 [ 4  3  2]  19  0.171  2.035  1.679
  6  127  Rotate     [     4 16  ]   -80.781    96.483   1.104    -80.781 [ 3  2  4]   4  0.208  2.053  1.604
  6  128 softmutate  [     4 16  ]   -81.027    95.050   1.121    -81.027 [ 3  2  4]   1  0.197  2.196  1.767
  6  129 softmutate  [     4 16  ]   -80.886    96.063   1.109    -80.886 [ 4  3  2]   1  0.191  2.128  1.723
  6  130 softmutate  [     4 16  ]   -81.045    94.800   1.124    -81.045 [ 4  3  2]   1  0.212  1.943  1.484
  6  131 keptBest    [     4 16  ]   -81.055    94.413   1.129    -81.055 [ 3  3  3]  19  0.166  2.210  1.867
  7  132 keptBest    [     4 16  ]   -81.121    93.935   1.134    -81.121 [ 4  3  2]  19  0.174  2.093  1.721
  7  133 keptBest    [     4 16  ]   -81.068    94.519   1.127    -81.068 [ 3  2  4]  33  0.169  2.133  1.755
  7  134  Heredity   [     4 16  ]   -80.722    96.773   1.101    -80.722 [ 3  3  3]   1  0.229  1.982  1.458
  7  135  Heredity   [     4 16  ]   -80.589    97.388   1.094    -80.589 [ 3  3  4]   1  0.200  2.033  1.603
  7  136  Heredity   [     4 16  ]   -80.384    99.077   1.075    -80.384 [ 3  2  3]   1  0.226  1.891  1.375
  7  137  Heredity   [     4 16  ]   -80.809    96.194   1.108    -80.809 [ 4  3  2]   1  0.227  1.913  1.423
  7  138  Heredity   [     4 16  ]   -80.975    95.295   1.118    -80.975 [ 3  3  3]   1  0.214  1.873  1.403
  7  139  Heredity   [     4 16  ]   -81.049    94.803   1.124    -81.049 [ 4  3  2]   1  0.212  1.909  1.435
  7  140  Heredity   [     4 16  ]   -80.102    99.791   1.068    -80.102 [ 4  2  3]   1  0.205  2.069  1.598
  7  141  Heredity   [     4 16  ]   -80.595    97.190   1.096    -80.595 [ 4  2  3]   1  0.218  1.775  1.296
  7  142  Random     [     4 16  ]   -79.843    99.847   1.067    -79.843 [ 4  4  2]   4  0.193  2.487  1.971
  7  143  Random     [     4 16  ]   -80.890    95.535   1.115    -80.890 [ 3  3  3]   1  0.223  1.994  1.490
  7  144  Random     [     4 16  ]   -80.697    97.013   1.098    -80.697 [ 3  3  3]   1  0.217  2.124  1.644
  7  145  Random     [     4 16  ]   -80.846    96.118   1.109    -80.846 [ 4  4  2]   1  0.206  2.205  1.745
  7  146  Rotate     [     4 16  ]   -81.068    94.609   1.126    -81.068 [ 3  3  3]  63  0.139  2.556  2.269
  7  147  Rotate     [     4 16  ]   -80.895    95.599   1.115    -80.895 [ 3  2  4]   1  0.203  2.132  1.667
  7  148  Rotate     [     4 16  ]   -80.853    95.746   1.113    -80.853 [ 3  2  4]   4  0.209  2.044  1.568
  7  149  Rotate     [     4 16  ]   -80.341    99.603   1.070    -80.341 [ 4  3  2]  19  0.164  2.037  1.689
  7  150 softmutate  [     4 16  ]   -81.013    94.712   1.125 100000.000 [ 3  3  3]   1  0.191  2.255  1.841
  7  151 softmutate  [     4 16  ]   -80.919    95.388   1.117    -80.919 [ 4  3  2]   1  0.185  2.112  1.717
  7  152 softmutate  [     4 16  ]   -81.027    94.954   1.122    -81.027 [ 3  2  4]   1  0.197  2.194  1.764
  7  153 keptBest    [     4 16  ]   -81.055    94.404   1.129    -81.055 [ 3  3  3]  19  0.166  2.211  1.868
  8  154 keptBest    [     4 16  ]   -81.121    93.943   1.134 100000.000 [ 4  3  2]  19  0.174  2.092  1.720
  8  155 keptBest    [     4 16  ]   -81.069    94.525   1.127    -81.069 [ 3  2  4]  33  0.168  2.136  1.758
  8  156  Heredity   [     4 16  ]   -80.988    95.011   1.122    -80.988 [ 3  3  3]   1  0.196  1.998  1.572
  8  157  Heredity   [     4 16  ]   -81.046    94.237   1.131    -81.046 [ 3  3  3]  14  0.175  2.207  1.823
  8  158  Heredity   [     4 16  ]   -81.126    94.020   1.133    -81.126 [ 4  3  2]   1  0.175  1.962  1.587
  8  159  Heredity   [     4 16  ]   -80.859    96.008   1.110    -80.859 [ 3  2  4]   1  0.220  1.838  1.360
  8  160  Heredity   [     4 16  ]   -80.871    95.811   1.112    -80.871 [ 3  2  4]   1  0.236  1.966  1.419
  8  161  Heredity   [     4 16  ]   -81.119    94.053   1.133 100000.000 [ 4  3  2]  19  0.163  2.111  1.766
  8  162  Heredity   [     4 16  ]   -81.039    95.066   1.121    -81.039 [ 3  2  4]   1  0.191  2.018  1.591
  8  163  Heredity   [     4 16  ]   -81.087    94.614   1.126    -81.087 [ 3  2  4]  31  0.126  2.079  1.796
  8  164  Random     [     4 16  ]   -80.926    95.356   1.117    -80.926 [ 2  4  4]   1  0.224  2.016  1.504
  8  165  Random     [     4 16  ]   -80.944    95.784   1.112    -80.944 [ 3  4  2]   4  0.172  2.110  1.745
  8  166  Random     [     4 16  ]   -79.088   104.619   1.019    -79.088 [ 3  3  3] 199  0.130  2.469  2.215
  8  167  Random     [     4 16  ]   -79.850   100.207   1.063    -79.850 [ 3  3  3]  79  0.179  2.069  1.661
  8  168  Rotate     [     4 16  ]   -80.767    96.108   1.109    -80.767 [ 3  3  3]   1  0.209  1.735  1.316
  8  169  Rotate     [     4 16  ]   -80.900    95.523   1.116    -80.900 [ 3  2  4]   4  0.212  2.013  1.549
  8  170  Rotate     [     4 16  ]   -81.021    94.616   1.126    -81.021 [ 3  3  3]  62  0.168  2.409  2.050
  8  171  Rotate     [     4 16  ]   -80.690    97.090   1.098    -80.690 [ 3  3  3]   1  0.215  1.770  1.316
  8  172 softmutate  [     4 16  ]   -80.971    94.903   1.123 100000.000 [ 3  3  3]   1  0.196  2.332  1.894
  8  173 softmutate  [     4 16  ]   -81.013    94.704   1.125    -81.013 [ 3  3  3]   1  0.191  2.255  1.840
  8  174 softmutate  [     4 16  ]   -81.029    94.702   1.125 100000.000 [ 4  3  2]   1  0.189  2.075  1.669
  8  175 keptBest    [     4 16  ]   -81.068    94.576   1.127    -81.068 [ 3  3  3]  63  0.139  2.555  2.268
  9  176 keptBest    [     4 16  ]   -81.127    94.019   1.133    -81.127 [ 4  3  2]   1  0.175  1.962  1.587
  9  177 keptBest    [     4 16  ]   -81.087    94.605   1.126    -81.087 [ 3  2  4]  31  0.126  2.078  1.795
  9  178  Heredity   [     4 16  ]   -81.027    94.551   1.127    -81.027 [ 3  3  3]   1  0.192  2.048  1.614
  9  179  Heredity   [     4 16  ]   -80.850    96.098   1.109    -80.850 [ 3  2  4]   1  0.213  1.777  1.326
  9  180  Heredity   [     4 16  ]   -80.724    96.790   1.101    -80.724 [ 3  3  3]   1  0.231  1.913  1.384
  9  181  Heredity   [     4 16  ]   -81.003    94.789   1.124    -81.003 [ 2  3  4]   1  0.209  1.855  1.394
  9  182  Heredity   [     4 16  ]   -80.749    96.766   1.101    -80.749 [ 2  3  4]   1  0.235  1.796  1.273
  9  183  Heredity   [     4 16  ]   -80.794    96.731   1.102    -80.794 [ 3  2  4]   1  0.207  1.846  1.412
  9  184  Heredity   [     4 16  ]   -80.796    96.294   1.107    -80.796 [ 4  3  3]   1  0.223  1.833  1.343
  9  185  Heredity   [     4 16  ]   -80.741    96.672   1.102    -80.741 [ 3  3  3]   1  0.229  1.893  1.377
  9  186  Random     [     4 16  ]   -79.982   100.629   1.059    -79.982 [ 3  3  3]   1  0.225  2.083  1.559
  9  187  Random     [     4 16  ]   -80.376    98.395   1.083    -80.376 [ 3  3  4]  17  0.159  1.929  1.637
  9  188  Random     [     4 16  ]   -80.657    97.066   1.098    -80.657 [ 2  3  4]  19  0.185  1.869  1.478
  9  189  Random     [     4 16  ]   -80.511    98.471   1.082    -80.511 [ 3  3  4]   4  0.195  2.181  1.757
  9  190  Rotate     [     4 16  ]   -80.666    96.853   1.100    -80.666 [ 3  3  3]  19  0.155  2.290  1.984
  9  191  Rotate     [     4 16  ]   -80.910    95.141   1.120    -80.910 [ 3  3  3]   1  0.215  2.123  1.617
  9  192  Rotate     [     4 16  ]   -81.070    94.633   1.126    -81.070 [ 4  3  2]   1  0.199  1.883  1.450
  9  193  Rotate     [     4 16  ]   -81.069    94.337   1.130    -81.069 [ 3  3  3]  62  0.149  2.328  2.003
  9  194 softmutate  [     4 16  ]   -80.922    95.291   1.118    -80.922 [ 3  2  4]   1  0.218  1.970  1.472
  9  195 softmutate  [     4 16  ]   -81.050    94.452   1.128 100000.000 [ 3  3  3]   1  0.189  2.326  1.896
  9  196 softmutate  [     4 16  ]   -81.105    94.098   1.132 100000.000 [ 4  3  2]   1  0.186  1.911  1.506
  9  197 keptBest    [     4 16  ]   -81.069    94.545   1.127    -81.069 [ 3  3  3]  63  0.139  2.555  2.268
