 ID    Origin    Enthalpy   Parent-E   Parent-ID
   1   Random      -4.038    -4.038  [         0]
   2   Random      -4.039    -4.039  [         0]
   3   Random      -4.042    -4.042  [         0]
   4   Random      -4.040    -4.040  [         0]
   5   Random      -4.049    -4.049  [         0]
   6   Random      -4.041    -4.041  [         0]
   7   Random      -4.024    -4.024  [         0]
   8   Random      -4.036    -4.036  [         0]
   9   Random      -4.040    -4.040  [         0]
  10   Random      -4.041    -4.041  [         0]
  11   Random      -4.041    -4.041  [         0]
  12   Random      -4.043    -4.043  [         0]
  13   Random      -4.043    -4.043  [         0]
  14   Random      -4.030    -4.030  [         0]
  15   Random      -4.043    -4.043  [         0]
  16   Random      -4.035    -4.035  [         0]
  17   Random      -4.045    -4.045  [         0]
  18   Random      -4.048    -4.048  [         0]
  19   Random      -4.053    -4.053  [         0]
  20   Random      -4.034    -4.034  [         0]
  21  Heredity     -4.043    -4.050  [    19  18]
  22  Heredity     -4.049    -4.047  [    15   5]
  23  Heredity     -4.038    -4.043  [     3  17]
  24  Heredity     -4.037    -4.044  [    11  18]
  25  Heredity     -4.049    -4.043  [    15  12]
  26  Heredity     -4.034    -4.044  [    17   6]
  27  Heredity     -4.041    -4.049  [    19  15]
  28  Heredity     -4.035    -4.044  [    13  17]
  29  Heredity     -4.037    -4.043  [    13  12]
  30  Random       -4.053    -4.053  [         0]
  31  Random       -4.023    -4.023  [         0]
  32  Random       -4.044    -4.044  [         0]
  33  Random       -4.038    -4.038  [         0]
  34  Rotate       -4.037    -4.053  [        19]
  35  Rotate       -4.042    -4.041  [         6]
  36  Rotate       -4.041    -4.053  [        19]
  37  Rotate       -4.045    -4.048  [        18]
  38 softmutate    -4.040    -4.041  [        10]
  39 softmutate    -4.046    -4.043  [        12]
  40 softmutate    -4.043    -4.043  [        15]
  41 keptBest      -4.053    -4.053  [        19]
  42 keptBest      -4.045    -4.045  [        17]
  43 keptBest      -4.042    -4.042  [         3]
  44 keptBest      -4.053    -4.053  [        30]
  45 keptBest      -4.053    -4.053  [        41]
  46  Heredity     -4.042    -4.043  [    35  42]
  47  Heredity     -4.039    -4.051  [    25  30]
  48  Heredity     -4.046    -4.051  [    41  22]
  49  Heredity     -4.044    -4.047  [    37  30]
  50  Heredity     -4.037    -4.053  [    30  41]
  51  Heredity     -4.038    -4.042  [    36  39]
  52  Heredity     -4.040    -4.051  [    39  30]
  53  Heredity     -4.046    -4.046  [    25  37]
  54  Random       -4.031    -4.031  [         0]
  55  Random       -4.050    -4.050  [         0]
  56  Random       -4.038    -4.038  [         0]
  57  Rotate       -4.034    -4.042  [        35]
  58  Rotate       -3.957    -4.042  [        43]
  59  Rotate       -4.048    -4.041  [        27]
  60  Rotate       -4.045    -4.049  [        22]
  61 softmutate    -4.047    -4.046  [        39]
  62 softmutate    -4.050    -4.049  [        25]
  63 softmutate    -4.052    -4.053  [        41]
  64 keptBest      -4.049    -4.049  [        25]
  65  Random       -4.035    -4.035  [         0]
  66 keptBest      -4.053    -4.053  [        44]
  67 keptBest      -4.053    -4.053  [        45]
  68  Heredity     -4.032    -4.049  [    55  61]
  69  Heredity     -4.047    -4.052  [    44  55]
  70  Heredity     -4.049    -4.048  [    48  44]
  71  Heredity     -4.022    -4.050  [    59  44]
  72  Heredity     -4.047    -4.050  [    59  44]
  73  Heredity     -4.044    -4.048  [    61  62]
  74  Heredity     -4.042    -4.047  [    61  48]
  75  Heredity     -4.027    -4.045  [    46  62]
  76  Random       -3.988    -3.988  [         0]
  77  Random       -4.046    -4.046  [         0]
  78  Random       -4.042    -4.042  [         0]
  79  Random       -4.038    -4.038  [         0]
  80  Rotate       -4.041    -4.053  [        45]
  81  Rotate       -4.040    -4.050  [        55]
  82  Rotate       -4.056    -4.050  [        55]
  83  Rotate       -4.050    -4.046  [        53]
  84 softmutate    -4.046    -4.044  [        49]
  85 softmutate    -4.047    -4.047  [        61]
  86 keptBest      -4.056    -4.050  [        55]
  87 softmutate    -4.048    -4.050  [        62]
  88 keptBest      -4.056    -4.056  [        82]
  89 keptBest      -4.053    -4.053  [        66]
  90  Heredity     -4.038    -4.051  [    69  82]
  91  Heredity     -4.053    -4.051  [    69  66]
  92  Heredity     -4.038    -4.050  [    70  66]
  93  Heredity     -4.047    -4.053  [    82  85]
  94  Heredity     -4.038    -4.050  [    72  82]
  95  Heredity     -4.028    -4.054  [    82  83]
  96  Heredity     -4.036    -4.051  [    70  67]
  97  Heredity     -4.052    -4.049  [    82  69]
  98  Random       -4.037    -4.037  [         0]
  99  Random       -3.955    -3.955  [         0]
 100  Random       -4.017    -4.017  [         0]
 101  Random       -4.049    -4.049  [         0]
 102  Rotate       -4.042    -4.056  [        82]
 103  Rotate       -4.045    -4.050  [        83]
 104  Rotate       -4.050    -4.050  [        83]
 105  Rotate       -4.042    -4.053  [        66]
 106 softmutate    -4.048    -4.047  [        85]
 107 softmutate    -4.049    -4.050  [        83]
 108 softmutate    -4.050    -4.048  [        87]
 109 keptBest      -4.053    -4.053  [        67]
 110 keptBest      -4.056    -4.056  [        88]
 111 keptBest      -4.053    -4.053  [        89]
 112  Heredity     -4.049    -4.049  [  101  107]
 113  Heredity     -4.044    -4.050  [  101  104]
 114  Heredity     -4.039    -4.055  [   88  109]
 115  Heredity     -4.044    -4.050  [  109   93]
 116  Heredity     -4.050    -4.051  [   89  101]
 117  Heredity     -4.042    -4.049  [   97  105]
 118  Heredity     -4.026    -4.050  [    93  89]
 119  Heredity     -4.014    -4.051  [  101  109]
 120  Random       -4.045    -4.045  [         0]
 121  Random       -4.045    -4.045  [         0]
 122  Random       -4.024    -4.024  [         0]
 123  Random       -4.039    -4.039  [         0]
 124  Rotate       -4.040    -4.053  [        89]
 125  Rotate       -4.052    -4.053  [        89]
 126  Rotate       -4.056    -4.056  [        88]
 127  Rotate       -4.039    -4.053  [        89]
 128 softmutate    -4.051    -4.053  [        89]
 129 softmutate    -4.044    -4.042  [       102]
 130 softmutate    -4.052    -4.052  [        97]
 131 keptBest      -4.053    -4.053  [       109]
 132 keptBest      -4.056    -4.056  [       110]
 133 keptBest      -4.053    -4.053  [       111]
 134  Heredity     -4.036    -4.050  [  129  131]
 135  Heredity     -4.029    -4.054  [  126  125]
 136  Heredity     -4.019    -4.053  [  111  131]
 137  Heredity     -4.040    -4.056  [  126  110]
 138  Heredity     -4.049    -4.045  [  115  120]
 139  Heredity     -4.052    -4.055  [  130  110]
 140  Heredity     -4.005    -4.053  [  125  126]
 141  Heredity     -4.030    -4.054  [  110  125]
 142  Random       -3.992    -3.992  [         0]
 143  Random       -4.044    -4.044  [         0]
 144  Random       -4.035    -4.035  [         0]
 145  Random       -4.042    -4.042  [         0]
 146  Rotate       -4.053    -4.053  [       131]
 147  Rotate       -4.045    -4.051  [       128]
 148  Rotate       -4.043    -4.051  [       128]
 149  Rotate       -4.017    -4.056  [       126]
 150 softmutate    -4.051    -4.053  [       131]
 151 softmutate    -4.046    -4.044  [       129]
 152 softmutate    -4.051    -4.053  [       111]
 153 keptBest      -4.053    -4.053  [       131]
 154 keptBest      -4.056    -4.056  [       132]
 155 keptBest      -4.053    -4.053  [       133]
 156  Heredity     -4.049    -4.055  [  153  132]
 157  Heredity     -4.052    -4.052  [  139  152]
 158  Heredity     -4.056    -4.054  [  139  132]
 159  Heredity     -4.043    -4.047  [  133  147]
 160  Heredity     -4.044    -4.047  [  133  134]
 161  Heredity     -4.056    -4.055  [  139  132]
 162  Heredity     -4.052    -4.053  [  146  133]
 163  Heredity     -4.054    -4.053  [  133  146]
 164  Random       -4.046    -4.046  [         0]
 165  Random       -4.047    -4.047  [         0]
 166  Random       -3.954    -3.954  [         0]
 167  Random       -3.993    -3.993  [         0]
 168  Rotate       -4.038    -4.049  [       138]
 169  Rotate       -4.045    -4.053  [       133]
 170  Rotate       -4.051    -4.053  [       153]
 171  Rotate       -4.034    -4.049  [       138]
 172 softmutate    -4.049    -4.053  [       146]
 173 softmutate    -4.051    -4.053  [       153]
 174 softmutate    -4.051    -4.056  [       132]
 175 keptBest      -4.053    -4.053  [       146]
 176 keptBest      -4.056    -4.056  [       158]
 177 keptBest      -4.054    -4.054  [       163]
 178  Heredity     -4.051    -4.052  [  155  173]
 179  Heredity     -4.042    -4.054  [  155  163]
 180  Heredity     -4.036    -4.052  [  156  158]
 181  Heredity     -4.050    -4.049  [  164  175]
 182  Heredity     -4.037    -4.049  [  163  164]
 183  Heredity     -4.040    -4.053  [  162  155]
 184  Heredity     -4.040    -4.052  [  158  164]
 185  Heredity     -4.037    -4.051  [  164  175]
 186  Random       -3.999    -3.999  [         0]
 187  Random       -4.019    -4.019  [         0]
 188  Random       -4.033    -4.033  [         0]
 189  Random       -4.026    -4.026  [         0]
 190  Rotate       -4.033    -4.053  [       175]
 191  Rotate       -4.045    -4.052  [       157]
 192  Rotate       -4.053    -4.056  [       158]
 193  Rotate       -4.053    -4.053  [       175]
 194 softmutate    -4.046    -4.045  [       169]
 195 softmutate    -4.052    -4.051  [       170]
 196 softmutate    -4.055    -4.056  [       158]
 197 keptBest      -4.053    -4.053  [       175]
