Gen   ID   Origin      Composition  Enthalpy(eV)  Volume(A^3)  KPOINTS  SYMM Q_entropy A_order S_order
  1    1   random     [     4     ]    -955.675   1800.05142  [2  2  1]   N/A  0.100   0.0000   5.2199
  1    2   random     [     3     ]    -957.325   1800.05142  [2  2  1]   N/A  0.000   0.0000   4.5208
  1    3   random     [     8     ]    -981.838   1800.05142  [2  2  1]   N/A  0.164   0.0000   3.6041
  1    4   random     [     4     ]    -953.418   1800.05142  [2  2  1]   N/A  0.078   0.0000   3.1662
  1    5   random     [     6     ]    -971.508   1800.05142  [2  2  1]   N/A  0.131   0.0000   4.1069
  1    6   random     [     5     ]    -964.895   1800.05142  [2  2  1]   N/A  0.150   0.0000   4.0532
  1    7   random     [     10    ]    -988.131   1800.05142  [2  2  1]   N/A  0.154   0.0000   2.4808
  1    8   random     [     8     ]    -985.194   1800.05142  [2  2  1]   N/A  0.137   0.0000   3.6929
  1    9   random     [     1     ]    -940.653   1800.05142  [2  2  1]   N/A -0.000   0.0000   4.2927
  1   10   random     [     2     ]    -944.641   1800.05142  [2  2  1]   N/A -0.000   0.0000   3.5856
  1   11   random     [     4     ]    -957.453   1800.05142  [2  2  1]   N/A  0.124   0.0000   5.1636
  1   12   random     [     5     ]    -960.117   1800.05142  [2  2  1]   N/A  0.117   0.0000   4.6305
  1   13   random     [     10    ]    -997.228   1800.05142  [2  2  1]   N/A  0.158   0.0000   3.0982
  1   14   random     [     8     ]    -984.502   1800.05142  [2  2  1]   N/A  0.055   0.0000   3.9440
  1   15   random     [     7     ]    -977.963   1800.05142  [2  2  1]   N/A  0.130   0.0000   4.2192
  1   16   random     [     3     ]    -953.086   1800.05142  [2  2  1]   N/A  0.023   0.0000   7.5069
  1   17   random     [     7     ]    -967.736   1800.05142  [2  2  1]   N/A  0.189   0.0000   2.9938
  1   18   random     [     10    ]    -990.953   1800.05142  [2  2  1]   N/A  0.132   0.0000   2.8344
  1   19   random     [     3     ]    -945.334   1800.05142  [2  2  1]   N/A  0.000   0.0000   4.2362
  1   20   random     [     6     ]    -975.496   1800.05142  [2  2  1]   N/A  0.119   0.0000   4.0101
  1   21   random     [     4     ]    -957.268   1800.05142  [2  2  1]   N/A  0.092   0.0000   6.7083
  1   22   random     [     10    ]    -997.755   1800.05142  [2  2  1]   N/A  0.122   0.0000   2.9008
  1   23   random     [     1     ]    -940.653   1800.05142  [2  2  1]   N/A -0.000   0.0000   4.2927
  1   24   random     [     10    ]    -999.455   1800.05142  [2  2  1]   N/A  0.142   0.0000   3.2385
  1   25   random     [     6     ]    -969.250   1800.05142  [2  2  1]   N/A  0.183   0.0000   3.9737
  1   26   random     [     7     ]    -980.578   1800.05142  [2  2  1]   N/A  0.088   0.0000   4.1846
  1   27   random     [     5     ]    -963.655   1800.05142  [2  2  1]   N/A  0.075   0.0000   4.2231
  1   28   random     [     4     ]    -961.988   1800.05142  [2  2  1]   N/A  0.151   0.0000   3.3754
  1   29   random     [     9     ]    -993.253   1800.05142  [2  2  1]   N/A  0.128   0.0000   3.4164
  1   30   random     [     8     ]    -985.101   1800.05142  [2  2  1]   N/A  0.172   0.0000   3.0886
  1   31   random     [     9     ]    -989.695   1800.05142  [2  2  1]   N/A  0.146   0.0000   3.1501
  1   32   random     [     2     ]    -940.990   1800.05142  [2  2  1]   N/A -0.000   0.0000   3.7304
  1   33   random     [     8     ]    -982.131   1800.05142  [2  2  1]   N/A  0.120   0.0000   3.7988
  1   34   random     [     10    ]    -998.503   1800.05142  [2  2  1]   N/A  0.142   0.0000   3.2007
  1   35   random     [     10    ]    -994.656   1800.05142  [2  2  1]   N/A  0.186   0.0000   2.8574
  1   36   random     [     1     ]    -940.653   1800.05142  [2  2  1]   N/A -0.000   0.0000   4.2927
  1   37   random     [     1     ]    -936.571   1800.05142  [2  2  1]   N/A -0.000   0.0000   4.2927
  1   38   random     [     9     ]    -994.337   1800.05142  [2  2  1]   N/A  0.134   0.0000   3.2404
  1   39   random     [     8     ]    -978.713   1800.05142  [2  2  1]   N/A  0.186   0.0000   2.7492
  1   40   random     [     5     ]    -962.019   1800.05142  [2  2  1]   N/A  0.102   0.0000   4.9406
  1   41   random     [     2     ]    -944.313   1800.05142  [2  2  1]   N/A -0.000   0.0000   8.1218
  1   42   random     [     6     ]    -962.275   1800.05142  [2  2  1]   N/A  0.198   0.0000   3.4637
  1   43   random     [     6     ]    -966.756   1800.05142  [2  2  1]   N/A  0.129   0.0000   4.4072
  1   44   random     [     2     ]    -945.492   1800.05142  [2  2  1]   N/A -0.000   0.0000   8.2479
  1   45   random     [     1     ]    -936.804   1800.05142  [2  2  1]   N/A -0.000   0.0000   4.2927
  1   46   random     [     4     ]    -953.079   1800.05142  [2  2  1]   N/A  0.165   0.0000   3.2497
  1   47   random     [     2     ]    -945.492   1800.05142  [2  2  1]   N/A -0.000   0.0000   8.5357
  1   48   random     [     2     ]    -944.644   1800.05142  [2  2  1]   N/A -0.000   0.0000   3.5504
  1   49   random     [     7     ]    -962.473   1800.05142  [2  2  1]   N/A  0.181   0.0000   2.5465
  1   50   random     [     4     ]    -957.847   1800.05142  [2  2  1]   N/A  0.192   0.0000   5.8382
  1   51   random     [     9     ]    -988.846   1800.05142  [2  2  1]   N/A  0.147   0.0000   3.2151
  1   52   random     [     6     ]    -971.967   1800.05142  [2  2  1]   N/A  0.072   0.0000   4.2396
  1   53   random     [     4     ]    -957.531   1800.05142  [2  2  1]   N/A  0.225   0.0000   3.7599
  1   54   random     [     5     ]    -958.307   1800.05142  [2  2  1]   N/A  0.162   0.0000   3.1496
  1   55   random     [     1     ]    -936.804   1800.05142  [2  2  1]   N/A -0.000   0.0000   4.2927
  1   56   random     [     10    ]    -998.315   1800.05142  [2  2  1]   N/A  0.155   0.0000   2.8933
  1   57   random     [     6     ]    -971.174   1800.05142  [2  2  1]   N/A  0.063   0.0000   4.2090
  1   58   random     [     2     ]    -944.313   1800.05142  [2  2  1]   N/A -0.000   0.0000   8.0329
  1   59   random     [     6     ]    -972.721   1800.05142  [2  2  1]   N/A  0.199   0.0000   3.0695
  1   60   random     [     7     ]    -976.866   1800.05142  [2  2  1]   N/A  0.148   0.0000   3.8433
  2   61   heredity   [     2     ]    -944.730   1800.05142  [2  2  1]   N/A -0.000   0.0000   7.4055
  2   62   heredity   [     6     ]    -970.766   1800.05142  [2  2  1]   N/A  0.136   0.0000   4.2545
  2   63   heredity   [     5     ]    -963.867   1800.05142  [2  2  1]   N/A  0.074   0.0000   5.0056
  2   64   heredity   [     3     ]    -952.006   1800.05142  [2  2  1]   N/A  0.072   0.0000   7.7703
  2   65   heredity   [     7     ]    -977.759   1800.05142  [2  2  1]   N/A  0.173   0.0000   3.3707
  2   66   heredity   [     8     ]    -984.745   1800.05142  [2  2  1]   N/A  0.157   0.0000   3.3857
  2   67   heredity   [     7     ]    -977.962   1800.05142  [2  2  1]   N/A  0.187   0.0000   3.4067
  2   68   heredity   [     8     ]    -984.782   1800.05142  [2  2  1]   N/A  0.142   0.0000   3.7092
  2   69   heredity   [     10    ]    -965.399   1800.05142  [2  2  1]   N/A  0.154   0.0000   2.5115
  2   70   heredity   [     5     ]    -967.599   1800.05142  [2  2  1]   N/A  0.091   0.0000   4.2974
  2   71   heredity   [     4     ]    -961.989   1800.05142  [2  2  1]   N/A  0.158   0.0000   3.3564
  2   72   heredity   [     1     ]    -940.653   1800.05142  [2  2  1]   N/A -0.000   0.0000   4.2927
  2   73 softmutation [     6     ]    -975.503   1800.05142  [2  2  1]   N/A  0.112   0.0000   4.2238
  2   74 softmutation [     3     ]    -957.325   1800.05142  [2  2  1]   N/A  0.000   0.0000   4.5208
  2   75 softmutation [     4     ]    -960.183   1800.05142  [2  2  1]   N/A  0.149   0.0000   4.2638
  2   76 softmutation [     2     ]    -945.483   1800.05142  [2  2  1]   N/A -0.000   0.0000   8.2505
  2   77   random     [     7     ]    -979.346   1800.05142  [2  2  1]   N/A  0.172   0.0000   2.9654
  2   78   random     [     2     ]    -942.434   1800.05142  [2  2  1]   N/A -0.000   0.0000   7.3545
  2   79   random     [     6     ]    -970.700   1800.05142  [2  2  1]   N/A  0.154   0.0000   4.3695
  2   80   random     [     10    ]    -996.136   1800.05142  [2  2  1]   N/A  0.147   0.0000   3.0409
  2   81   random     [     4     ]    -951.540   1800.05142  [2  2  1]   N/A  0.160   0.0000   3.6046
  2   82   random     [     4     ]    -959.696   1800.05142  [2  2  1]   N/A  0.211   0.0000   3.5372
  2   83   random     [     2     ]    -944.313   1800.05142  [2  2  1]   N/A -0.000   0.0000   7.9976
  2   84   random     [     6     ]    -954.387   1800.05142  [2  2  1]   N/A  0.190   0.0000   2.8598
  2   85   random     [     4     ]    -956.775   1800.05142  [2  2  1]   N/A  0.166   0.0000   3.0938
  2   86   random     [     1     ]    -936.635   1800.05142  [2  2  1]   N/A -0.000   0.0000   4.2927
  2   87   random     [     3     ]    -946.434   1800.05142  [2  2  1]   N/A  0.162   0.0000   3.8141
  2   88   random     [     7     ]    -980.578   1800.05142  [2  2  1]   N/A  0.088   0.0000   4.1453
  2   89   random     [     2     ]    -944.313   1800.05142  [2  2  1]   N/A -0.000   0.0000   7.9306
  2   90   random     [     5     ]    -967.654   1800.05142  [2  2  1]   N/A  0.168   0.0000   3.3459
  2   91   random     [     1     ]    -935.036   1800.05142  [2  2  1]   N/A -0.000   0.0000   4.2927
  2   92   random     [     3     ]    -945.334   1800.05142  [2  2  1]   N/A  0.000   0.0000   4.2314
  2   93   random     [     8     ]    -985.539   1800.05142  [2  2  1]   N/A  0.157   0.0000   3.3492
  2   98   random     [     9     ]    -990.589   1800.05142  [2  2  1]   N/A  0.073   0.0000   3.3905
  2   99   random     [     5     ]    -968.097   1800.05142  [2  2  1]   N/A  0.132   0.0000   3.5491
  2  100   keptBest   [     3     ]    -957.325   1800.05142  [2  2  1]   N/A  0.000   0.0000   4.5208
  2  101   keptBest   [     6     ]    -975.497   1800.05142  [2  2  1]   N/A  0.117   0.0000   4.0584
  2  102   random     [     1     ]    -935.036   1800.05142  [2  2  1]   N/A -0.000   0.0000   4.2927
  2  103   keptBest   [     4     ]    -961.988   1800.05142  [2  2  1]   N/A  0.151   0.0000   3.3693
  2  104   keptBest   [     1     ]    -940.653   1800.05142  [2  2  1]   N/A -0.000   0.0000   4.2927
  2  105   keptBest   [     7     ]    -980.577   1800.05142  [2  2  1]   N/A  0.088   0.0000   4.2042
  2  106   keptBest   [     8     ]    -985.284   1800.05142  [2  2  1]   N/A  0.144   0.0000   3.7906
  3  107   heredity   [     8     ]    -983.205   1800.05142  [2  2  1]   N/A  0.165   0.0000   3.2121
  3  108   heredity   [     9     ]    -990.548   1800.05142  [2  2  1]   N/A  0.137   0.0000   3.1277
  3  109   heredity   [     6     ]    -973.394   1800.05142  [2  2  1]   N/A  0.194   0.0000   3.9080
  3  110   heredity   [     7     ]    -953.234   1800.05142  [2  2  1]   N/A  0.122   0.0000   2.6772
  3  111   heredity   [     8     ]    -953.377   1800.05142  [2  2  1]   N/A  0.133   0.0000   2.7376
  3  112   heredity   [     7     ]    -978.480   1800.05142  [2  2  1]   N/A  0.187   0.0000   3.2661
  3  113   heredity   [     2     ]    -948.482   1800.05142  [2  2  1]   N/A -0.000   0.0000   4.0556
  3  114   heredity   [     4     ]    -950.967   1800.05142  [2  2  1]   N/A  0.125   0.0000   3.0585
  3  115   heredity   [     5     ]    -964.403   1800.05142  [2  2  1]   N/A  0.198   0.0000   3.2590
  3  116   heredity   [     6     ]    -966.805   1800.05142  [2  2  1]   N/A  0.184   0.0000   2.8616
  3  117   heredity   [     4     ]    -960.045   1800.05142  [2  2  1]   N/A  0.155   0.0000   4.6127
  3  118 softmutation [     3     ]    -952.433   1800.05142  [2  2  1]   N/A  0.178   0.0000   4.4806
  3  119 softmutation [     10    ]    -989.874   1800.05142  [2  2  1]   N/A  0.172   0.0000   2.7213
  3  120 softmutation [     6     ]    -975.505   1800.05142  [2  2  1]   N/A  0.110   0.0000   4.2878
  3  121 softmutation [     7     ]    -980.578   1800.05142  [2  2  1]   N/A  0.090   0.0000   4.1485
  3  122   random     [     7     ]    -974.817   1800.05142  [2  2  1]   N/A  0.119   0.0000   3.3028
  3  123   random     [     7     ]    -975.654   1800.05142  [2  2  1]   N/A  0.206   0.0000   3.6787
  3  124   random     [     3     ]    -948.278   1800.05142  [2  2  1]   N/A  0.164   0.0000   3.9193
  3  125   random     [     7     ]    -978.990   1800.05142  [2  2  1]   N/A  0.078   0.0000   3.7127
  3  126   heredity   [     5     ]    -963.085   1800.05142  [2  2  1]   N/A  0.068   0.0000   4.2134
  3  127   random     [     6     ]    -975.275   1800.05142  [2  2  1]   N/A  0.128   0.0000   3.6120
  3  128   random     [     3     ]    -949.800   1800.05142  [2  2  1]   N/A  0.182   0.0000   4.4618
  3  129   random     [     8     ]    -987.043   1800.05142  [2  2  1]   N/A  0.081   0.0000   3.5684
  3  130   random     [     1     ]    -936.853   1800.05142  [2  2  1]   N/A -0.000   0.0000   4.2927
  3  131   random     [     8     ]    -983.576   1800.05142  [2  2  1]   N/A  0.156   0.0000   3.0876
  3  132   random     [     10    ]    -999.002   1800.05142  [2  2  1]   N/A  0.127   0.0000   3.3763
  3  133   random     [     3     ]    -945.334   1800.05142  [2  2  1]   N/A  0.000   0.0000   4.2329
  3  134   random     [     3     ]    -949.135   1800.05142  [2  2  1]   N/A  0.172   0.0000   4.0763
  3  135   random     [     8     ]    -983.474   1800.05142  [2  2  1]   N/A  0.131   0.0000   3.7432
  3  136   random     [     9     ]    -984.670   1800.05142  [2  2  1]   N/A  0.160   0.0000   2.9233
  3  137   random     [     5     ]    -966.490   1800.05142  [2  2  1]   N/A  0.087   0.0000   4.7758
  3  138   random     [     4     ]    -958.344   1800.05142  [2  2  1]   N/A  0.126   0.0000   5.0895
  3  139   random     [     6     ]    -971.177   1800.05142  [2  2  1]   N/A  0.176   0.0000   3.6169
  3  140   random     [     4     ]    -955.999   1800.05142  [2  2  1]   N/A  0.141   0.0000   6.6238
  3  141   random     [     6     ]    -969.928   1800.05142  [2  2  1]   N/A  0.118   0.0000   4.0748
  3  142   random     [     10    ]    -997.486   1800.05142  [2  2  1]   N/A  0.151   0.0000   3.2832
  3  146   keptBest   [     3     ]    -957.325   1800.05142  [2  2  1]   N/A  0.000   0.0000   4.5208
  3  147   keptBest   [     6     ]    -975.503   1800.05142  [2  2  1]   N/A  0.111   0.0000   4.2366
  3  149   keptBest   [     4     ]    -961.989   1800.05142  [2  2  1]   N/A  0.151   0.0000   3.3711
  3  150   keptBest   [     5     ]    -968.099   1800.05142  [2  2  1]   N/A  0.130   0.0000   3.5857
  3  151   keptBest   [     1     ]    -940.653   1800.05142  [2  2  1]   N/A -0.000   0.0000   4.2927
  3  152   keptBest   [     8     ]    -985.548   1800.05142  [2  2  1]   N/A  0.157   0.0000   3.3576
  4  153   heredity   [     4     ]    -956.246   1800.05142  [2  2  1]   N/A  0.144   0.0000   4.6757
  4  154   heredity   [     8     ]    -983.997   1800.05142  [2  2  1]   N/A  0.102   0.0000   3.7204
  4  155   heredity   [     7     ]    -977.700   1800.05142  [2  2  1]   N/A  0.139   0.0000   3.9515
  4  156   heredity   [     6     ]    -975.481   1800.05142  [2  2  1]   N/A  0.142   0.0000   3.7972
  4  157   heredity   [     9     ]    -963.176   1800.05142  [2  2  1]   N/A  0.199   0.0000   2.5517
  4  158   heredity   [     4     ]    -960.047   1800.05142  [2  2  1]   N/A  0.155   0.0000   4.6598
  4  159   heredity   [     3     ]    -952.006   1800.05142  [2  2  1]   N/A  0.075   0.0000   7.7269
  4  160   heredity   [     6     ]    -972.880   1800.05142  [2  2  1]   N/A  0.151   0.0000   4.0249
  4  161   heredity   [     7     ]    -977.962   1800.05142  [2  2  1]   N/A  0.152   0.0000   3.6782
  4  162   heredity   [     4     ]    -957.288   1800.05142  [2  2  1]   N/A  0.149   0.0000   4.7089
  4  163   heredity   [     9     ]    -992.152   1800.05142  [2  2  1]   N/A  0.088   0.0000   4.1975
  4  164   mutation   [     6     ]    -975.505   1800.05142  [2  2  1]   N/A  0.111   0.0000   4.3112
  4  165   mutation   [     3     ]    -957.325   1800.05142  [2  2  1]   N/A  0.000   0.0000   4.5314
  4  166   mutation   [     1     ]    -940.653   1800.05142  [2  2  1]   N/A -0.000   0.0000   4.2927
  4  167   mutation   [     1     ]    -940.653   1800.05142  [2  2  1]   N/A -0.000   0.0000   4.2927
  4  168   random     [     3     ]    -950.317   1800.05142  [2  2  1]   N/A  0.027   0.0000   7.3027
  4  169   random     [     1     ]    -940.653   1800.05142  [2  2  1]   N/A -0.000   0.0000   4.2927
  4  170   random     [     4     ]    -953.417   1800.05142  [2  2  1]   N/A  0.075   0.0000   3.1921
  4  171   random     [     3     ]    -945.334   1800.05142  [2  2  1]   N/A  0.000   0.0000   4.2564
  4  172   heredity   [     6     ]    -970.892   1800.05142  [2  2  1]   N/A  0.114   0.0000   3.6410
  4  173   random     [     8     ]    -985.881   1800.05142  [2  2  1]   N/A  0.128   0.0000   3.9538
  4  174   random     [     10    ]    -994.708   1800.05142  [2  2  1]   N/A  0.132   0.0000   3.1535
  4  175   random     [     5     ]    -963.178   1800.05142  [2  2  1]   N/A  0.094   0.0000   4.8854
  4  176   random     [     5     ]    -967.599   1800.05142  [2  2  1]   N/A  0.095   0.0000   4.2770
  4  177   random     [     9     ]    -991.257   1800.05142  [2  2  1]   N/A  0.112   0.0000   3.2580
  4  178   random     [     3     ]    -945.334   1800.05142  [2  2  1]   N/A  0.000   0.0000   4.2418
  4  179   random     [     6     ]    -971.780   1800.05142  [2  2  1]   N/A  0.033   0.0000   5.1119
  4  180   random     [     4     ]    -960.028   1800.05142  [2  2  1]   N/A  0.163   0.0000   4.5444
  4  181   random     [     10    ]    -995.643   1800.05142  [2  2  1]   N/A  0.151   0.0000   3.1139
  4  182   random     [     1     ]    -940.653   1800.05142  [2  2  1]   N/A -0.000   0.0000   4.2927
  4  183   random     [     6     ]    -975.470   1800.05142  [2  2  1]   N/A  0.153   0.0000   3.7633
  4  184   random     [     8     ]    -984.077   1800.05142  [2  2  1]   N/A  0.095   0.0000   3.7844
  4  185   random     [     7     ]    -971.855   1800.05142  [2  2  1]   N/A  0.123   0.0000   3.6899
  4  186   random     [     7     ]    -978.641   1800.05142  [2  2  1]   N/A  0.159   0.0000   3.6722
  4  187   random     [     6     ]    -970.801   1800.05142  [2  2  1]   N/A  0.164   0.0000   4.0732
  4  188   random     [     9     ]    -993.338   1800.05142  [2  2  1]   N/A  0.122   0.0000   3.3139
  4  192   keptBest   [     3     ]    -957.325   1800.05142  [2  2  1]   N/A  0.000   0.0000   4.5208
  4  193   keptBest   [     4     ]    -961.989   1800.05142  [2  2  1]   N/A  0.152   0.0000   3.3644
  4  194   keptBest   [     6     ]    -975.471   1800.05142  [2  2  1]   N/A  0.148   0.0000   3.7738
  4  195   keptBest   [     5     ]    -968.099   1800.05142  [2  2  1]   N/A  0.130   0.0000   3.6051
  4  196   keptBest   [     1     ]    -940.653   1800.05142  [2  2  1]   N/A -0.000   0.0000   4.2927
  4  197   keptBest   [     6     ]    -975.505   1800.05142  [2  2  1]   N/A  0.110   0.0000   4.2842
  5  199   heredity   [     6     ]    -969.583   1800.05142  [2  2  1]   N/A  0.208   0.0000   3.7757
  5  200   heredity   [     9     ]    -991.679   1800.05142  [2  2  1]   N/A  0.113   0.0000   3.4589
  5  201   heredity   [     7     ]    -970.236   1800.05142  [2  2  1]   N/A  0.186   0.0000   3.3344
  5  202   heredity   [     7     ]    -978.470   1800.05142  [2  2  1]   N/A  0.152   0.0000   3.2396
  5  203   heredity   [     8     ]    -982.246   1800.05142  [2  2  1]   N/A  0.165   0.0000   3.0709
  5  204   heredity   [     9     ]    -991.394   1800.05142  [2  2  1]   N/A  0.172   0.0000   3.0031
  5  205   heredity   [     7     ]    -975.739   1800.05142  [2  2  1]   N/A  0.208   0.0000   3.1671
  5  206   heredity   [     6     ]    -969.958   1800.05142  [2  2  1]   N/A  0.147   0.0000   3.7015
  5  207   heredity   [     7     ]    -973.499   1800.05142  [2  2  1]   N/A  0.142   0.0000   3.3321
  5  208   heredity   [     6     ]    -969.004   1800.05142  [2  2  1]   N/A  0.188   0.0000   3.1688
  5  209   heredity   [     7     ]    -978.213   1800.05142  [2  2  1]   N/A  0.133   0.0000   3.6655
  5  210   heredity   [     6     ]    -970.867   1800.05142  [2  2  1]   N/A  0.118   0.0000   4.2276
  5  211 softmutation [     3     ]    -953.086   1800.05142  [2  2  1]   N/A  0.024   0.0000   7.4793
  5  212   mutation   [     4     ]    -960.183   1800.05142  [2  2  1]   N/A  0.151   0.0000   4.2277
  5  213   mutation   [     5     ]    -967.599   1800.05142  [2  2  1]   N/A  0.096   0.0000   4.2641
  5  214 softmutation [     6     ]    -973.133   1800.05142  [2  2  1]   N/A  0.136   0.0000   3.4997
  5  215   random     [     7     ]    -970.554   1800.05142  [2  2  1]   N/A  0.209   0.0000   3.9267
  5  216   random     [     8     ]    -983.733   1800.05142  [2  2  1]   N/A  0.117   0.0000   3.5671
  5  217   random     [     2     ]    -944.635   1800.05142  [2  2  1]   N/A -0.000   0.0000   3.4632
  5  218   random     [     2     ]    -944.632   1800.05142  [2  2  1]   N/A  0.000   0.0000   3.5241
  5  219   random     [     2     ]    -941.043   1800.05142  [2  2  1]   N/A -0.000   0.0000   7.3580
  5  220   random     [     8     ]    -932.938   1800.05142  [2  2  1]   N/A  0.055   0.0000   2.6889
  5  221   random     [     4     ]    -959.369   1800.05142  [2  2  1]   N/A  0.219   0.0000   3.8065
  5  222   random     [     7     ]    -965.495   1800.05142  [2  2  1]   N/A  0.142   0.0000   2.7498
  5  223   random     [     7     ]    -975.837   1800.05142  [2  2  1]   N/A  0.109   0.0000   3.7408
  5  224   random     [     3     ]    -948.787   1800.05142  [2  2  1]   N/A  0.168   0.0000   4.0042
  5  225   random     [     2     ]    -944.729   1800.05142  [2  2  1]   N/A -0.000   0.0000   7.3531
  5  226   random     [     4     ]    -959.612   1800.05142  [2  2  1]   N/A  0.090   0.0000   3.1526
  5  227   random     [     7     ]    -979.256   1800.05142  [2  2  1]   N/A  0.094   0.0000   4.3384
  5  228   random     [     2     ]    -945.583   1800.05142  [2  2  1]   N/A -0.000   0.0000   3.5369
  5  229   random     [     9     ]    -988.965   1800.05142  [2  2  1]   N/A  0.158   0.0000   3.1467
  5  230   random     [     6     ]    -968.211   1800.05142  [2  2  1]   N/A  0.136   0.0000   3.6044
  5  231   random     [     1     ]    -936.853   1800.05142  [2  2  1]   N/A -0.000   0.0000   4.2927
  5  232   random     [     1     ]    -936.658   1800.05142  [2  2  1]   N/A -0.000   0.0000   4.2927
  5  233   random     [     2     ]    -944.637   1800.05142  [2  2  1]   N/A -0.000   0.0000   3.5335
  5  234   random     [     8     ]    -983.164   1800.05142  [2  2  1]   N/A  0.184   0.0000   3.6019
  5  238   keptBest   [     3     ]    -957.325   1800.05142  [2  2  1]   N/A  0.000   0.0000   4.5315
  5  239   keptBest   [     6     ]    -975.505   1800.05142  [2  2  1]   N/A  0.111   0.0000   4.3259
  5  240   keptBest   [     4     ]    -961.989   1800.05142  [2  2  1]   N/A  0.152   0.0000   3.3668
  5  241   keptBest   [     5     ]    -968.099   1800.05142  [2  2  1]   N/A  0.129   0.0000   3.6097
  5  242   keptBest   [     1     ]    -940.653   1800.05142  [2  2  1]   N/A -0.000   0.0000   4.2927
  5  244   keptBest   [     8     ]    -986.164   1800.05142  [2  2  1]   N/A  0.158   0.0000   3.4868
  6  245   heredity   [     4     ]    -958.389   1800.05142  [2  2  1]   N/A  0.188   0.0000   4.2386
  6  246   heredity   [     6     ]    -971.934   1800.05142  [2  2  1]   N/A  0.184   0.0000   3.4179
  6  247   heredity   [     6     ]    -968.102   1800.05142  [2  2  1]   N/A  0.093   0.0000   3.7129
  6  248   heredity   [     5     ]    -965.881   1800.05142  [2  2  1]   N/A  0.175   0.0000   4.9160
  6  249   heredity   [     2     ]    -948.482   1800.05142  [2  2  1]   N/A -0.000   0.0000   4.0534
  6  250   heredity   [     8     ]    -986.164   1800.05142  [2  2  1]   N/A  0.139   0.0000   3.2144
  6  251   heredity   [     7     ]    -977.866   1800.05142  [2  2  1]   N/A  0.165   0.0000   3.9195
  6  252   heredity   [     6     ]    -968.487   1800.05142  [2  2  1]   N/A  0.191   0.0000   3.7273
  6  253   heredity   [     5     ]    -958.148   1800.05142  [2  2  1]   N/A  0.185   0.0000   2.7911
  6  254   heredity   [     7     ]    -970.547   1800.05142  [2  2  1]   N/A  0.113   0.0000   3.8072
  6  255   heredity   [     9     ]    -987.550   1800.05142  [2  2  1]   N/A  0.101   0.0000   3.1775
  6  256   heredity   [     3     ]    -952.027   1800.05142  [2  2  1]   N/A  0.179   0.0000   5.8927
  6  257   mutation   [     4     ]    -960.183   1800.05142  [2  2  1]   N/A  0.149   0.0000   4.2408
  6  258   mutation   [     3     ]    -957.325   1800.05142  [2  2  1]   N/A  0.000   0.0000   4.5315
  6  259   mutation   [     3     ]    -957.325   1800.05142  [2  2  1]   N/A  0.000   0.0000   4.5208
  6  260 softmutation [     5     ]    -967.207   1800.05142  [2  2  1]   N/A  0.177   0.0000   3.6741
  6  261   random     [     10    ]    -999.091   1800.05142  [2  2  1]   N/A  0.113   0.0000   3.3603
  6  262   random     [     7     ]    -975.690   1800.05142  [2  2  1]   N/A  0.167   0.0000   3.4923
  6  263   random     [     1     ]    -936.657   1800.05142  [2  2  1]   N/A -0.000   0.0000   4.2927
  6  264   random     [     1     ]    -936.637   1800.05142  [2  2  1]   N/A -0.000   0.0000   4.2927
  6  265   random     [     1     ]    -936.640   1800.05142  [2  2  1]   N/A -0.000   0.0000   4.2927
  6  266   random     [     3     ]    -953.211   1800.05142  [2  2  1]   N/A  0.173   0.0000   4.3052
  6  267   random     [     1     ]    -940.653   1800.05142  [2  2  1]   N/A -0.000   0.0000   4.2927
  6  268   random     [     7     ]    -979.597   1800.05142  [2  2  1]   N/A  0.168   0.0000   3.0000
  6  269   random     [     5     ]    -945.536   1800.05142  [2  2  1]   N/A  0.176   0.0000   3.2315
  6  270   random     [     4     ]    -960.054   1800.05142  [2  2  1]   N/A  0.153   0.0000   4.6431
  6  271   random     [     1     ]    -940.653   1800.05142  [2  2  1]   N/A -0.000   0.0000   4.2927
  6  272   random     [     10    ]    -995.986   1800.05142  [2  2  1]   N/A  0.193   0.0000   3.0772
  6  273   random     [     3     ]    -952.433   1800.05142  [2  2  1]   N/A  0.178   0.0000   4.4551
  6  274   random     [     1     ]    -940.653   1800.05142  [2  2  1]   N/A -0.000   0.0000   4.2927
  6  275   random     [     10    ]    -997.027   1800.05142  [2  2  1]   N/A  0.118   0.0000   3.3109
  6  276   random     [     5     ]    -968.685   1800.05142  [2  2  1]   N/A  0.178   0.0000   3.5383
  6  277   random     [     6     ]    -971.354   1800.05142  [2  2  1]   N/A  0.007   0.0000   4.1919
  6  278   random     [     3     ]    -949.800   1800.05142  [2  2  1]   N/A  0.182   0.0000   4.4485
  6  279   random     [     4     ]    -957.380   1800.05142  [2  2  1]   N/A  0.166   0.0000   3.8020
  6  280   random     [     5     ]    -962.819   1800.05142  [2  2  1]   N/A  0.144   0.0000   3.4842
  6  285   keptBest   [     3     ]    -957.325   1800.05142  [2  2  1]   N/A  0.000   0.0000   4.5315
  6  286   keptBest   [     6     ]    -975.505   1800.05142  [2  2  1]   N/A  0.111   0.0000   4.3000
  6  287   keptBest   [     5     ]    -968.100   1800.05142  [2  2  1]   N/A  0.130   0.0000   3.5997
  6  288   keptBest   [     1     ]    -940.653   1800.05142  [2  2  1]   N/A -0.000   0.0000   4.2927
  6  289   keptBest   [     4     ]    -959.613   1800.05142  [2  2  1]   N/A  0.087   0.0000   3.1599
  6  290   keptBest   [     8     ]    -987.624   1800.05142  [2  2  1]   N/A  0.148   0.0000   3.4222
  7  291   heredity   [     7     ]    -977.019   1800.05142  [2  2  1]   N/A  0.145   0.0000   3.5994
  7  292   heredity   [     4     ]    -957.102   1800.05142  [2  2  1]   N/A  0.026   0.0000   6.5730
  7  293   heredity   [     5     ]    -964.212   1800.05142  [2  2  1]   N/A  0.144   0.0000   4.3976
  7  294   heredity   [     8     ]    -985.936   1800.05142  [2  2  1]   N/A  0.183   0.0000   3.2025
  7  295   heredity   [     7     ]    -976.325   1800.05142  [2  2  1]   N/A  0.206   0.0000   2.9295
  7  296   heredity   [     5     ]    -964.752   1800.05142  [2  2  1]   N/A  0.116   0.0000   4.6597
  7  297   heredity   [     7     ]    -983.000   1800.05142  [2  2  1]   N/A  0.119   0.0000   3.4741
  7  298   heredity   [     10    ]    -970.669   1800.05142  [2  2  1]   N/A  0.235   0.0000   2.6393
  7  299   heredity   [     6     ]    -975.472   1800.05142  [2  2  1]   N/A  0.149   0.0000   3.7713
  7  300   heredity   [     3     ]    -952.035   1800.05142  [2  2  1]   N/A  0.152   0.0000   6.0821
  7  301   heredity   [     5     ]    -966.772   1800.05142  [2  2  1]   N/A  0.027   0.0000   6.1329
  7  302   heredity   [     4     ]    -960.040   1800.05142  [2  2  1]   N/A  0.157   0.0000   4.5946
  7  303 softmutation [     4     ]    -960.040   1800.05142  [2  2  1]   N/A  0.158   0.0000   4.5992
  7  304   mutation   [     3     ]    -952.034   1800.05142  [2  2  1]   N/A  0.150   0.0000   6.0867
  7  305 softmutation [     7     ]    -981.406   1800.05142  [2  2  1]   N/A  0.145   0.0000   3.7272
  7  306   mutation   [     8     ]    -987.733   1800.05142  [2  2  1]   N/A  0.138   0.0000   3.6194
  7  307   random     [     2     ]    -944.313   1800.05142  [2  2  1]   N/A -0.000   0.0000   8.0378
  7  308   random     [     10    ]    -997.225   1800.05142  [2  2  1]   N/A  0.112   0.0000   3.1642
  7  309   random     [     8     ]    -981.072   1800.05142  [2  2  1]   N/A  0.171   0.0000   3.0821
  7  310   random     [     10    ]    -999.716   1800.05142  [2  2  1]   N/A  0.161   0.0000   3.2453
  7  311   random     [     1     ]    -936.853   1800.05142  [2  2  1]   N/A -0.000   0.0000   4.2927
  7  312   random     [     10    ]    -992.720   1800.05142  [2  2  1]   N/A  0.191   0.0000   3.0412
  7  313   random     [     4     ]    -957.348   1800.05142  [2  2  1]   N/A  0.210   0.0000   3.8518
  7  314   random     [     2     ]    -948.482   1800.05142  [2  2  1]   N/A -0.000   0.0000   4.0556
  7  315   random     [     6     ]    -970.102   1800.05142  [2  2  1]   N/A  0.188   0.0000   3.2956
  7  316   random     [     1     ]    -936.853   1800.05142  [2  2  1]   N/A -0.000   0.0000   4.2927
  7  317   random     [     1     ]    -937.469   1800.05142  [2  2  1]   N/A -0.000   0.0000   4.2927
  7  318   random     [     1     ]    -940.653   1800.05142  [2  2  1]   N/A -0.000   0.0000   4.2927
  7  319   random     [     4     ]    -956.415   1800.05142  [2  2  1]   N/A  0.160   0.0000   4.2214
  7  320   random     [     8     ]    -986.031   1800.05142  [2  2  1]   N/A  0.139   0.0000   3.9337
  7  321   random     [     10    ]    -996.419   1800.05142  [2  2  1]   N/A  0.112   0.0000   3.4128
  7  322   random     [     4     ]    -959.366   1800.05142  [2  2  1]   N/A  0.151   0.0000   4.7016
  7  323   random     [     2     ]    -945.486   1800.05142  [2  2  1]   N/A -0.000   0.0000   8.0430
  7  324   random     [     2     ]    -944.710   1800.05142  [2  2  1]   N/A -0.000   0.0000   7.3281
  7  325   random     [     2     ]    -948.482   1800.05142  [2  2  1]   N/A -0.000   0.0000   4.0556
  7  326   random     [     2     ]    -944.640   1800.05142  [2  2  1]   N/A -0.000   0.0000   3.5185
  7  330   keptBest   [     6     ]    -975.505   1800.05142  [2  2  1]   N/A  0.111   0.0000   4.3182
  7  331   keptBest   [     5     ]    -968.685   1800.05142  [2  2  1]   N/A  0.178   0.0000   3.5480
  7  332   keptBest   [     7     ]    -981.393   1800.05142  [2  2  1]   N/A  0.158   0.0000   3.6878
  7  333   keptBest   [     1     ]    -940.653   1800.05142  [2  2  1]   N/A -0.000   0.0000   4.2927
  7  335   keptBest   [     5     ]    -968.100   1800.05142  [2  2  1]   N/A  0.129   0.0000   3.6120
  7  336   keptBest   [     3     ]    -957.325   1800.05142  [2  2  1]   N/A  0.000   0.0000   4.5315
  8  337   heredity   [     8     ]    -987.361   1800.05142  [2  2  1]   N/A  0.129   0.0000   3.6047
  8  338   heredity   [     9     ]    -991.490   1800.05142  [2  2  1]   N/A  0.126   0.0000   3.6863
  8  339   heredity   [     9     ]    -990.887   1800.05142  [2  2  1]   N/A  0.123   0.0000   3.2603
  8  340   heredity   [     9     ]    -990.245   1800.05142  [2  2  1]   N/A  0.160   0.0000   2.9818
  8  341   heredity   [     8     ]    -985.992   1800.05142  [2  2  1]   N/A  0.077   0.0000   3.6839
  8  342   heredity   [     5     ]    -965.083   1800.05142  [2  2  1]   N/A  0.100   0.0000   3.2759
  8  343   heredity   [     6     ]    -971.814   1800.05142  [2  2  1]   N/A  0.056   0.0000   4.5989
  8  344   heredity   [     7     ]    -975.204   1800.05142  [2  2  1]   N/A  0.173   0.0000   4.0291
  8  345   heredity   [     7     ]    -977.998   1800.05142  [2  2  1]   N/A  0.132   0.0000   4.2095
  8  346   heredity   [     8     ]    -986.389   1800.05142  [2  2  1]   N/A  0.180   0.0000   3.1089
  8  347   heredity   [     5     ]    -965.622   1800.05142  [2  2  1]   N/A  0.218   0.0000   4.0342
  8  348   heredity   [     6     ]    -970.472   1800.05142  [2  2  1]   N/A  0.133   0.0000   3.9043
  8  349   mutation   [     5     ]    -968.100   1800.05142  [2  2  1]   N/A  0.129   0.0000   3.6021
  8  350 softmutation [     5     ]    -968.685   1800.05142  [2  2  1]   N/A  0.179   0.0000   3.5606
  8  351 softmutation [     5     ]    -968.684   1800.05142  [2  2  1]   N/A  0.179   0.0000   3.5382
  8  352 softmutation [     8     ]    -987.725   1800.05142  [2  2  1]   N/A  0.142   0.0000   3.5165
  8  353   random     [     7     ]    -979.843   1800.05142  [2  2  1]   N/A  0.122   0.0000   3.9701
  8  354   random     [     4     ]    -958.070   1800.05142  [2  2  1]   N/A  0.037   0.0000   4.6760
  8  355   random     [     6     ]    -971.021   1800.05142  [2  2  1]   N/A  0.174   0.0000   3.7509
  8  356   random     [     9     ]    -987.445   1800.05142  [2  2  1]   N/A  0.185   0.0000   2.8975
  8  357   random     [     6     ]    -975.501   1800.05142  [2  2  1]   N/A  0.110   0.0000   4.4411
  8  358   random     [     2     ]    -944.637   1800.05142  [2  2  1]   N/A -0.000   0.0000   3.5524
  8  359   random     [     4     ]    -953.419   1800.05142  [2  2  1]   N/A  0.078   0.0000   3.2879
  8  360   random     [     2     ]    -944.632   1800.05142  [2  2  1]   N/A -0.000   0.0000   3.4758
  8  361   random     [     8     ]    -986.719   1800.05142  [2  2  1]   N/A  0.189   0.0000   2.9985
  8  362   random     [     1     ]    -940.653   1800.05142  [2  2  1]   N/A -0.000   0.0000   4.2927
  8  363   random     [     2     ]    -944.313   1800.05142  [2  2  1]   N/A -0.000   0.0000   8.1067
  8  364   random     [     5     ]    -961.697   1800.05142  [2  2  1]   N/A  0.147   0.0000   3.5457
  8  365   random     [     6     ]    -966.956   1800.05142  [2  2  1]   N/A  0.203   0.0000   2.6369
  8  366   random     [     3     ]    -948.824   1800.05142  [2  2  1]   N/A  0.050   0.0000   3.2549
  8  367   random     [     10    ]    -989.228   1800.05142  [2  2  1]   N/A  0.187   0.0000   2.6991
  8  368   random     [     1     ]    -940.653   1800.05142  [2  2  1]   N/A -0.000   0.0000   4.2927
  8  369   random     [     2     ]    -944.644   1800.05142  [2  2  1]   N/A -0.000   0.0000   3.5693
  8  370   random     [     1     ]    -940.653   1800.05142  [2  2  1]   N/A -0.000   0.0000   4.2927
  8  371   random     [     7     ]    -975.508   1800.05142  [2  2  1]   N/A  0.162   0.0000   3.6345
  8  372   random     [     5     ]    -964.856   1800.05142  [2  2  1]   N/A  0.185   0.0000   2.8239
  8  376   keptBest   [     3     ]    -957.325   1800.05142  [2  2  1]   N/A  0.000   0.0000   4.5208
  8  377   keptBest   [     6     ]    -975.505   1800.05142  [2  2  1]   N/A  0.110   0.0000   4.3214
  8  378   keptBest   [     5     ]    -968.685   1800.05142  [2  2  1]   N/A  0.178   0.0000   3.5397
  8  379   keptBest   [     5     ]    -968.100   1800.05142  [2  2  1]   N/A  0.130   0.0000   3.6013
  8  380   keptBest   [     1     ]    -940.653   1800.05142  [2  2  1]   N/A -0.000   0.0000   4.2927
  8  381   keptBest   [     7     ]    -983.000   1800.05142  [2  2  1]   N/A  0.119   0.0000   3.4737
