Gen   ID    Origin   Composition    Enthalpy   Volume  Density   Fitness   KPOINTS  SYMM  Q_entr A_order S_order
                                      (eV)     (A^3)  (g/cm^3)
  1   44   Random    [     60    ] -7321.647   622.460   1.922  -7321.647 [ 1  1  1]   0  0.000  0.012  0.004
  2   81 softmutate  [     60    ] -7321.647   637.384   1.877  -7321.647 [ 1  1  1]   0  0.000  0.012  0.004
  3  122 keptBest    [     60    ] -7321.647   637.384   1.877  -7321.647 [ 1  1  1]   0  0.000  0.012  0.004
  4  157 keptBest    [     60    ] -7321.647   637.384   1.877  -7321.647 [ 1  1  1]   0  0.000  0.012  0.004
  5  193 keptBest    [     60    ] -7321.647   637.384   1.877  -7321.647 [ 1  1  1]   0  0.000  0.012  0.004
  6  228 keptBest    [     60    ] -7321.647   637.384   1.877  -7321.647 [ 1  1  1]   0  0.000  0.012  0.004
  7  262 keptBest    [     60    ] -7321.647   637.384   1.877  -7321.647 [ 1  1  1]   0  0.000  0.012  0.004
  8  297 keptBest    [     60    ] -7321.647   637.384   1.877  -7321.647 [ 1  1  1]   0  0.000  0.012  0.004
  9  332 keptBest    [     60    ] -7321.647   637.384   1.877  -7321.647 [ 1  1  1]   0  0.000  0.012  0.004
 10  362 softmutate  [     60    ] -7321.647   621.853   1.924  -7321.647 [ 1  1  1]   0  0.000  0.012  0.004
 11  401 softmutate  [     60    ] -7321.647   615.718   1.944  -7321.647 [ 1  1  1]   0  0.000  0.012  0.004
 12  438 keptBest    [     60    ] -7321.647   615.718   1.944  -7321.647 [ 1  1  1]   0  0.000  0.012  0.004
 13  468 softmutate  [     60    ] -7321.647   609.763   1.962  -7321.647 [ 1  1  1]   0  0.000  0.012  0.004
 14  508 keptBest    [     60    ] -7321.647   609.763   1.962  -7321.647 [ 1  1  1]   0  0.000  0.012  0.004
 15  543 keptBest    [     60    ] -7321.647   609.763   1.962  -7321.647 [ 1  1  1]   0  0.000  0.012  0.004
 16  570   Random    [     60    ] -7321.647   614.414   1.948  -7321.647 [ 1  1  1]   0  0.000  0.012  0.004
 17  613 keptBest    [     60    ] -7321.647   614.414   1.948  -7321.647 [ 1  1  1]   0  0.000  0.012  0.004
 18  648 keptBest    [     60    ] -7321.647   614.414   1.948  -7321.647 [ 1  1  1]   0  0.000  0.012  0.004
 19  681 softmutate  [     60    ] -7321.647   628.174   1.905  -7321.647 [ 1  1  1]   0  0.000  0.012  0.004
 20  718 keptBest    [     60    ] -7321.647   628.174   1.905  -7321.647 [ 1  1  1]   0  0.000  0.012  0.004
 21  753 keptBest    [     60    ] -7321.647   628.174   1.905  -7321.647 [ 1  1  1]   0  0.000  0.012  0.004
 22  786 softmutate  [     60    ] -7321.647   629.601   1.901  -7321.647 [ 1  1  1]   0  0.000  0.012  0.004
 23  823 keptBest    [     60    ] -7321.647   629.601   1.901  -7321.647 [ 1  1  1]   0  0.000  0.012  0.004
 24  859 keptBest    [     60    ] -7321.647   629.601   1.901  -7321.647 [ 1  1  1]   0  0.000  0.012  0.004
 25  895 keptBest    [     60    ] -7321.647   629.601   1.901  -7321.647 [ 1  1  1]   0  0.000  0.012  0.004
 26  922 softmutate  [     60    ] -7321.647   616.437   1.941  -7321.647 [ 1  1  1]   0  0.000  0.012  0.004
 27  966 keptBest    [     60    ] -7321.647   616.437   1.941  -7321.647 [ 1  1  1]   0  0.000  0.012  0.004
 28 1000 keptBest    [     60    ] -7321.647   616.437   1.941  -7321.647 [ 1  1  1]   0  0.000  0.012  0.004
 29 1035 keptBest    [     60    ] -7321.647   616.437   1.941  -7321.647 [ 1  1  1]   0  0.000  0.012  0.004
 30 1070 keptBest    [     60    ] -7321.647   616.437   1.941  -7321.647 [ 1  1  1]   0  0.000  0.012  0.004
 31 1105 keptBest    [     60    ] -7321.647   616.437   1.941  -7321.647 [ 1  1  1]   0  0.000  0.012  0.004
 32 1140 keptBest    [     60    ] -7321.647   616.437   1.941  -7321.647 [ 1  1  1]   0  0.000  0.012  0.004
 33 1159   Random    [     60    ] -7321.647   619.570   1.931  -7321.647 [ 1  1  1]   0  0.000  0.012  0.004
 34 1209 keptBest    [     60    ] -7321.647   619.570   1.931  -7321.647 [ 1  1  1]   0  0.000  0.012  0.004
 35 1242 keptBest    [     60    ] -7321.647   619.570   1.931  -7321.647 [ 1  1  1]   0  0.000  0.012  0.004
 36 1279 keptBest    [     60    ] -7321.647   619.570   1.931  -7321.647 [ 1  1  1]   0  0.000  0.012  0.004
 37 1284 keptBest    [     60    ] -7321.647   619.570   1.931  -7321.647 [ 1  1  1]   0  0.000  0.012  0.004
 38 1346 keptBest    [     60    ] -7321.647   619.570   1.931  -7321.647 [ 1  1  1]   0  0.000  0.012  0.004
 39 1382 keptBest    [     60    ] -7321.647   619.570   1.931  -7321.647 [ 1  1  1]   0  0.000  0.012  0.004
 40 1417 keptBest    [     60    ] -7321.647   619.570   1.931  -7321.647 [ 1  1  1]   0  0.000  0.012  0.004
 41 1422 keptBest    [     60    ] -7321.647   619.570   1.931  -7321.647 [ 1  1  1]   0  0.000  0.012  0.004
 42 1486 keptBest    [     60    ] -7321.647   619.570   1.931  -7321.647 [ 1  1  1]   0  0.000  0.012  0.004
 43 1521 keptBest    [     60    ] -7321.647   619.570   1.931  -7321.647 [ 1  1  1]   0  0.000  0.012  0.004
 44 1556 keptBest    [     60    ] -7321.647   619.570   1.931  -7321.647 [ 1  1  1]   0  0.000  0.012  0.004
 45 1591 keptBest    [     60    ] -7321.647   619.570   1.931  -7321.647 [ 1  1  1]   0  0.000  0.012  0.004
 46 1623   Random    [     60    ] -7321.647   631.972   1.894  -7321.647 [ 1  1  1]   0  0.000  0.012  0.004
 47 1660 keptBest    [     60    ] -7321.647   631.972   1.894  -7321.647 [ 1  1  1]   0  0.000  0.012  0.004
 48 1694 keptBest    [     60    ] -7321.647   631.972   1.894  -7321.647 [ 1  1  1]   0  0.000  0.012  0.004
 49 1730 keptBest    [     60    ] -7321.647   631.972   1.894  -7321.647 [ 1  1  1]   0  0.000  0.012  0.004
 50 1764 keptBest    [     60    ] -7321.647   631.972   1.894  -7321.647 [ 1  1  1]   0  0.000  0.012  0.004
 51 1800 keptBest    [     60    ] -7321.647   631.972   1.894  -7321.647 [ 1  1  1]   0  0.000  0.012  0.004
 52 1835 keptBest    [     60    ] -7321.647   631.972   1.894  -7321.647 [ 1  1  1]   0  0.000  0.012  0.004
 53 1868   Random    [     60    ] -7321.647   601.234   1.990  -7321.647 [ 1  1  1]   0  0.000  0.012  0.004
 54 1904 keptBest    [     60    ] -7321.647   601.234   1.990  -7321.647 [ 1  1  1]   0  0.000  0.012  0.004
 55 1941 keptBest    [     60    ] -7321.647   601.234   1.990  -7321.647 [ 1  1  1]   0  0.000  0.012  0.004
 56 1976 keptBest    [     60    ] -7321.647   601.234   1.990  -7321.647 [ 1  1  1]   0  0.000  0.012  0.004
 57 2011 keptBest    [     60    ] -7321.647   601.234   1.990  -7321.647 [ 1  1  1]   0  0.000  0.012  0.004
 58 2045 keptBest    [     60    ] -7321.647   601.234   1.990  -7321.647 [ 1  1  1]   0  0.000  0.012  0.004
 59 2081 keptBest    [     60    ] -7321.647   601.234   1.990  -7321.647 [ 1  1  1]   0  0.000  0.012  0.004
 60 2116 keptBest    [     60    ] -7321.647   601.234   1.990  -7321.647 [ 1  1  1]   0  0.000  0.012  0.004
 61 2151 keptBest    [     60    ] -7321.647   601.234   1.990  -7321.647 [ 1  1  1]   0  0.000  0.012  0.004
 62 2186 keptBest    [     60    ] -7321.647   601.234   1.990  -7321.647 [ 1  1  1]   0  0.000  0.012  0.004
 63 2219   Random    [     60    ] -7321.647   617.298   1.939  -7321.647 [ 1  1  1]   0  0.000  0.012  0.004
 64 2255 keptBest    [     60    ] -7321.647   617.298   1.939  -7321.647 [ 1  1  1]   0  0.000  0.012  0.004
 65 2290 keptBest    [     60    ] -7321.647   617.298   1.939  -7321.647 [ 1  1  1]   0  0.000  0.012  0.004
 66 2324 keptBest    [     60    ] -7321.647   617.298   1.939  -7321.647 [ 1  1  1]   0  0.000  0.012  0.004
 67 2360 keptBest    [     60    ] -7321.647   617.298   1.939  -7321.647 [ 1  1  1]   0  0.000  0.012  0.004
 68 2395 keptBest    [     60    ] -7321.647   617.298   1.939  -7321.647 [ 1  1  1]   0  0.000  0.012  0.004
 69 2430 keptBest    [     60    ] -7321.647   617.298   1.939  -7321.647 [ 1  1  1]   0  0.000  0.012  0.004
 70 2465 keptBest    [     60    ] -7321.647   617.298   1.939  -7321.647 [ 1  1  1]   0  0.000  0.012  0.004
 71 2500 keptBest    [     60    ] -7321.647   617.298   1.939  -7321.647 [ 1  1  1]   0  0.000  0.012  0.004
 72 2535 keptBest    [     60    ] -7321.647   617.298   1.939  -7321.647 [ 1  1  1]   0  0.000  0.012  0.004
 73 2569 keptBest    [     60    ] -7321.647   617.298   1.939  -7321.647 [ 1  1  1]   0  0.000  0.012  0.004
 74 2606 keptBest    [     60    ] -7321.647   617.298   1.939  -7321.647 [ 1  1  1]   0  0.000  0.012  0.004
 75 2641 keptBest    [     60    ] -7321.647   617.298   1.939  -7321.647 [ 1  1  1]   0  0.000  0.012  0.004
 76 2676 keptBest    [     60    ] -7321.647   617.298   1.939  -7321.647 [ 1  1  1]   0  0.000  0.012  0.004
 77 2710 keptBest    [     60    ] -7321.647   617.298   1.939  -7321.647 [ 1  1  1]   0  0.000  0.012  0.004
 78 2746 keptBest    [     60    ] -7321.647   617.298   1.939  -7321.647 [ 1  1  1]   0  0.000  0.012  0.004
 79 2781 keptBest    [     60    ] -7321.647   617.298   1.939  -7321.647 [ 1  1  1]   0  0.000  0.012  0.004
 80 2816 keptBest    [     60    ] -7321.647   617.298   1.939  -7321.647 [ 1  1  1]   0  0.000  0.012  0.004
 81 2851 keptBest    [     60    ] -7321.647   617.298   1.939  -7321.647 [ 1  1  1]   0  0.000  0.012  0.004
 82 2886 keptBest    [     60    ] -7321.647   617.298   1.939  -7321.647 [ 1  1  1]   0  0.000  0.012  0.004
 83 2921 keptBest    [     60    ] -7321.647   617.298   1.939  -7321.647 [ 1  1  1]   0  0.000  0.012  0.004
 84 2956 keptBest    [     60    ] -7321.647   617.298   1.939  -7321.647 [ 1  1  1]   0  0.000  0.012  0.004
 85 2990 keptBest    [     60    ] -7321.647   617.298   1.939  -7321.647 [ 1  1  1]   0  0.000  0.012  0.004
 86 2997 keptBest    [     60    ] -7321.647   617.298   1.939  -7321.647 [ 1  1  1]   0  0.000  0.012  0.004
 87 3057 keptBest    [     60    ] -7321.647   617.298   1.939  -7321.647 [ 1  1  1]   0  0.000  0.012  0.004
 88 3092 keptBest    [     60    ] -7321.647   617.298   1.939  -7321.647 [ 1  1  1]   0  0.000  0.012  0.004
 89 3124   Random    [     60    ] -7321.647   624.633   1.916  -7321.647 [ 1  1  1]   0  0.000  0.012  0.004
 90 3157   Random    [     60    ] -7321.647   621.291   1.926  -7321.647 [ 1  1  1]   0  0.000  0.012  0.004
 91 3186 keptBest    [     60    ] -7321.647   621.291   1.926  -7321.647 [ 1  1  1]   0  0.000  0.012  0.004
 92 3229 keptBest    [     60    ] -7321.647   621.291   1.926  -7321.647 [ 1  1  1]   0  0.000  0.012  0.004
 93 3260   Random    [     60    ] -7321.647   625.757   1.912  -7321.647 [ 1  1  1]   0  0.000  0.012  0.004
 94 3298 keptBest    [     60    ] -7321.647   625.757   1.912  -7321.647 [ 1  1  1]   0  0.000  0.012  0.004
 95 3333 keptBest    [     60    ] -7321.647   625.757   1.912  -7321.647 [ 1  1  1]   0  0.000  0.012  0.004
 96 3367 keptBest    [     60    ] -7321.647   625.757   1.912  -7321.647 [ 1  1  1]   0  0.000  0.012  0.004
 97 3402 keptBest    [     60    ] -7321.647   625.757   1.912  -7321.647 [ 1  1  1]   0  0.000  0.012  0.004
 98 3438 keptBest    [     60    ] -7321.647   625.757   1.912  -7321.647 [ 1  1  1]   0  0.000  0.012  0.004
 99 3473 keptBest    [     60    ] -7321.647   625.757   1.912  -7321.647 [ 1  1  1]   0  0.000  0.012  0.004
100 3478 keptBest    [     60    ] -7321.647   625.757   1.912  -7321.647 [ 1  1  1]   0  0.000  0.012  0.004
