  ID   Compositions    Enthalpies    Volumes    fitness  SYMM
                       (eV/atom)    (A^3/atom)    ()         
  81  [     60    ]   -122.0274     10.6231   -7321.6468     0
3327  [     60    ]   -121.9739     10.4683   -7318.4329     0
3209  [     60    ]   -121.9164     10.1150   -7314.9855     0
2637  [     60    ]   -121.8919     11.2001   -7313.5135     0
1477  [     60    ]   -121.8743      9.3324   -7312.4605     0
3292  [     60    ]   -121.8734      9.5003   -7312.4052     0
1221  [     60    ]   -121.8515     10.1112   -7311.0889     0
3354  [     60    ]   -121.8346     10.8665   -7310.0784     0
3374  [     60    ]   -121.8166      9.8012   -7308.9939     0
3415  [     60    ]   -121.7993     11.4185   -7307.9559     0
 178  [     60    ]   -121.7902     10.8325   -7307.4119     0
3391  [     60    ]   -121.7843     10.8475   -7307.0555     0
 185  [     60    ]   -121.7735     11.3391   -7306.4087     0
3384  [     60    ]   -121.7679     11.5234   -7306.0721     0
3380  [     60    ]   -121.7511     11.3095   -7305.0655     0
3375  [     60    ]   -121.7358     12.3244   -7304.1476     0
 464  [     60    ]   -121.7313     13.6358   -7303.8803     0
3112  [     60    ]   -121.7194      9.9768   -7303.1665     0
2689  [     60    ]   -121.7141     10.5940   -7302.8482     0
2584  [     60    ]   -121.7110     10.7822   -7302.6587     0
2973  [     60    ]   -121.6985     11.1377   -7301.9074     0
2447  [     60    ]   -121.6960     11.5332   -7301.7586     0
3168  [     60    ]   -121.6888     10.1094   -7301.3260     0
1546  [     60    ]   -121.6847     10.8760   -7301.0838     0
2649  [     60    ]   -121.6802     14.1050   -7300.8107     0
1753  [     60    ]   -121.6771     12.3820   -7300.6246     0
 955  [     60    ]   -121.6754      9.4564   -7300.5243     0
 866  [     60    ]   -121.6746     11.8343   -7300.4751     0
2234  [     60    ]   -121.6735     12.4345   -7300.4105     0
3381  [     60    ]   -121.6734     10.3924   -7300.4065     0
