testing
0.0500 accuracy
2  form of lattice parameters: to be entered as lengths and angles
 7.504  3.718  7.995 90.000 102.795 90.000 a,b,c,alpha,beta,gamma
1  form of primitive lattice vectors
1 0 0 primitive lattice vectors
0 1 0
0 0 1
  28 number of atoms in the primitive unit cell
 1 1 1 1 2 2 2 2 2 2 2 2 3 3 3 3 3 3 3 3 3 3 3 3 3 3 3 3 type of each atom
    0.201119     0.000000     0.086429
    0.798881     0.000000     0.913571
    0.961950     0.500000     0.759383
    0.038050     0.500000     0.240617
    0.286668     0.500000     0.073188
    0.713332     0.500000     0.926812
    0.466316     0.000000     0.142327
    0.533684     0.000000     0.857673
    0.556076     0.619750     0.888434
    0.443924     0.619750     0.111566
    0.443924     0.380250     0.111566
    0.556076     0.380250     0.888434
    0.714227     0.000000     0.070643
    0.285773     0.000000     0.929357
    0.528080     0.396605     0.691172
    0.471920     0.396605     0.308828
    0.471920     0.603395     0.308828
    0.528080     0.603395     0.691172
    0.378822     0.842209     0.826054
    0.621178     0.842209     0.173946
    0.621178     0.157791     0.173946
    0.378822     0.157791     0.826054
    0.000000     0.500000     0.000000
    0.130121     0.500000     0.133078
    0.869879     0.500000     0.866922
    0.000000     0.277365     0.500000
    0.000000     0.722635     0.500000
    0.000000     0.000000     0.000000
