Gen   ID    Origin   Composition    Enthalpy   Volume  Density   Fitness   KPOINTS  SYMM  Q_entr A_order S_order
                                      (eV)     (A^3)  (g/cm^3)
  1   19   Random    [      8    ] -1240.710    43.740   3.648  -1240.710 [ 4  4  6] 227  0.000  3.408  3.415
  2   42 keptBest    [      8    ] -1240.712    43.742   3.648  -1240.712 [ 4  4  6] 227  0.000  3.409  3.416
  3   65 keptBest    [      8    ] -1240.712    43.742   3.648  -1240.712 [ 4  4  6] 227  0.000  3.409  3.416
  4   88 keptBest    [      8    ] -1240.712    43.742   3.648  -1240.712 [ 4  4  6] 227  0.000  3.409  3.416
  5  111 keptBest    [      8    ] -1240.712    43.742   3.648  -1240.712 [ 4  4  6] 227  0.000  3.409  3.416
  6  134 keptBest    [      8    ] -1240.712    43.742   3.648  -1240.712 [ 4  4  6] 227  0.000  3.409  3.416
  7  157 keptBest    [      8    ] -1240.712    43.742   3.648  -1240.712 [ 4  4  6] 227  0.000  3.409  3.416
  8  180 keptBest    [      8    ] -1240.712    43.742   3.648  -1240.712 [ 4  4  6] 227  0.000  3.409  3.416
  9  203 keptBest    [      8    ] -1240.712    43.742   3.648  -1240.712 [ 4  4  6] 227  0.000  3.409  3.416
 10  227 keptBest    [      8    ] -1240.712    43.742   3.648  -1240.712 [ 4  4  6] 227  0.000  3.409  3.416
