-1215.686 -1220.078 -1222.827 -1222.922
-1236.241 -1236.995 -1239.122 -1238.963
-1223.829 -1232.632 -1235.618 -1235.638
-1229.170 -1230.748 -1232.594 -1232.410
-1237.001 -1237.525 -1239.135 -1238.964
-1220.652 -1237.998 -1240.636 -1240.503
-1215.892 -1230.044 -1240.673 -1240.701
-1234.749 -1233.578 -1235.344 -1235.144
-1229.134 -1229.266 -1235.427 -1235.556
-1231.568 -1237.584 -1240.840 -1240.707
-1224.951 -1232.073 -1240.122 -1240.083
-1215.505 -1230.094 -1233.870 -1233.870
-1205.855 -1236.614 -1238.160 -1237.952
-1218.254 -1232.304 -1239.642 -1239.973
-1214.297 -1234.645 -1239.613 -1239.998
-1220.506 -1234.846 -1239.902 -1240.094
-1234.263 -1235.162 -1236.595 -1236.389
-1226.001 -1231.162 -1233.889 -1233.989
-1224.069 -1238.941 -1240.857 -1240.710
-1213.853 -1238.354 -1240.861 -1240.710
-1237.596 -1238.597 -1240.886 -1240.697
-1226.412 -1231.038 -1234.865 -1235.089
-1227.618 -1230.102 -1232.790 -1232.674
-1238.699 -1237.725 -1240.840 -1240.709
-1229.108 -1232.151 -1235.799 -1235.663
-1239.651 -1236.686 -1240.817 -1240.707
-1234.037 -1234.517 -1239.344 -1239.243
-1233.322 -1233.266 -1235.760 -1235.570
-1229.295 -1235.611 -1237.659 -1237.472
-1231.601 -1233.862 -1237.827 -1237.818
-1230.298 -1237.423 -1240.837 -1240.707
-1233.419 -1233.555 -1236.649 -1236.497
-1234.271 -1236.055 -1238.002 -1237.815
-1218.868 -1228.173 -1230.010 -1238.592
-1224.537 -1234.357 -1237.237 -1237.071
-1229.256 -1228.175 -1233.612 -1233.594
-1229.057 -1230.982 -1234.777 -1234.708
-1233.007 -1233.083 -1236.433 -1236.317
-1236.434 -1237.383 -1240.199 -1240.117
-1235.160 -1233.069 -1237.152 -1237.021
-1232.938 -1231.770 -1236.485 -1236.373
-1224.069 -1238.941 -1240.896 -1240.712
-1220.506 -1234.846 -1240.413 -1240.230
-1205.855 -1236.614 -1238.183 -1237.953
-1227.572 -1230.507 -1234.119 -1233.977
-1231.921 -1231.651 -1234.446 -1234.282
-1228.570 -1229.280 -1232.330 -1232.190
-1227.211 -1230.550 -1234.873 -1234.887
-1238.191 -1236.079 -1240.809 -1240.707
-1236.184 -1237.252 -1240.625 -1240.491
-1230.188 -1231.289 -1233.133 -1232.970
-1236.872 -1237.759 -1239.148 -1238.942
-1231.696 -1229.807 -1235.527 -1235.407
-1239.088 -1235.912 -1240.603 -1240.501
-1217.222 -1233.852 -1239.076 -1238.936
-1231.223 -1231.766 -1233.985 -1233.816
-1214.508 -1227.934 -1240.608 -1240.696
-1220.271 -1235.191 -1239.820 -1240.072
-1237.183 -1236.985 -1239.994 -1240.133
-1238.668 -1239.464 -1240.903 -1240.698
-1235.571 -1234.601 -1237.957 -1237.789
-1236.612 -1238.089 -1240.635 -1240.503
-1231.117 -1233.459 -1235.774 -1235.600
-1232.932 -1233.580 -1234.948 -1234.739
-1224.069 -1238.941 -1240.896 -1240.712
-1220.506 -1234.846 -1240.431 -1240.237
-1205.855 -1236.614 -1238.183 -1237.953
-1230.549 -1230.318 -1233.683 -1233.567
-1232.114 -1234.357 -1237.071 -1236.954
-1230.448 -1230.345 -1233.972 -1233.851
-1230.959 -1231.405 -1237.086 -1237.153
-1234.435 -1234.573 -1238.062 -1237.943
-1228.926 -1230.254 -1234.432 -1234.333
-1237.812 -1237.638 -1240.127 -1240.163
-1233.220 -1234.502 -1237.140 -1236.895
-1230.974 -1231.532 -1233.931 -1233.755
-1234.753 -1236.611 -1238.398 -1238.227
-1229.227 -1230.579 -1233.615 -1233.478
-1213.671 -1231.809 -1238.958 -1238.872
-1238.765 -1237.422 -1240.868 -1240.693
-1227.936 -1230.497 -1233.106 -1232.910
-1232.056 -1233.046 -1234.968 -1234.911
-1228.167 -1234.730 -1237.498 -1237.343
-1234.236 -1233.969 -1239.880 -1240.094
-1237.589 -1237.826 -1240.839 -1240.709
-1232.437 -1233.776 -1237.071 -1236.920
-1233.294 -1234.418 -1239.839 -1240.083
-1224.069 -1238.941 -1240.896 -1240.712
-1220.506 -1234.846 -1240.433 -1240.239
-1236.872 -1237.759 -1239.175 -1238.944
-1235.441 -1233.370 -1237.897 -1237.819
-1237.354 -1236.799 -1240.114 -1240.139
-1229.849 -1230.071 -1233.816 -1233.684
-1232.723 -1233.285 -1236.760 -1236.670
-1233.044 -1236.138 -1237.878 -1237.728
-1230.745 -1233.538 -1237.359 -1237.264
-1234.778 -1235.815 -1240.077 -1240.161
-1231.109 -1232.228 -1234.265 -1234.099
-1235.498 -1234.150 -1237.154 -1237.002
-1236.067 -1237.451 -1240.867 -1240.694
-1236.364 -1234.884 -1239.959 -1240.131
-1228.059 -1238.994 -1240.653 -1240.504
-1230.880 -1236.496 -1238.113 -1237.916
-1227.785 -1237.770 -1240.634 -1240.503
-1237.433 -1237.507 -1240.833 -1240.709
-1230.051 -1231.905 -1239.392 -1239.941
-1226.255 -1231.105 -1236.369 -1236.255
-1227.158 -1233.820 -1236.423 -1236.257
-1231.705 -1231.582 -1234.537 -1234.358
-1225.467 -1233.417 -1234.876 -1234.696
-1224.069 -1238.941 -1240.896 -1240.712
-1220.506 -1234.846 -1240.432 -1240.238
-1236.872 -1237.759 -1239.175 -1238.944
-1230.771 -1235.457 -1240.177 -1240.158
-1234.717 -1237.059 -1240.098 -1240.123
-1230.394 -1229.648 -1235.465 -1235.520
-1236.717 -1236.049 -1240.608 -1240.489
-1237.849 -1236.368 -1240.174 -1240.142
-1237.839 -1236.520 -1240.184 -1240.163
-1235.447 -1237.700 -1240.834 -1240.708
-1234.581 -1238.671 -1240.648 -1240.504
-1238.272 -1237.343 -1240.182 -1240.159
-1230.696 -1232.821 -1236.600 -1236.457
-1233.431 -1232.037 -1234.896 -1234.668
-1218.904 -1222.644 -1234.363 -1235.583
-1214.874 -1227.144 -1232.883 -1232.691
-1237.173 -1236.193 -1240.845 -1240.690
-1219.410 -1231.622 -1236.817 -1236.713
-1237.020 -1239.397 -1240.660 -1240.504
-1227.925 -1227.552 -1230.973 -1230.846
-1230.441 -1233.355 -1236.194 -1236.010
-1237.327 -1235.638 -1239.363 -1239.246
-1237.236 -1235.789 -1239.366 -1239.245
-1224.069 -1238.941 -1240.896 -1240.712
-1220.506 -1234.846 -1240.432 -1240.238
-1236.872 -1237.759 -1239.175 -1238.944
-1230.042 -1227.396 -1231.419 -1231.325
-1234.657 -1235.140 -1236.876 -1236.671
-1232.480 -1230.054 -1235.599 -1235.503
-1233.049 -1236.473 -1239.379 -1239.247
-1237.645 -1237.890 -1240.147 -1240.150
-1236.047 -1238.008 -1239.436 -1239.278
-1227.730 -1230.229 -1232.553 -1232.436
-1226.174 -1226.119 -1230.123 -1229.994
-1226.873 -1226.861 -1231.795 -1231.959
-1236.935 -1239.177 -1240.868 -1240.710
-1224.136 -1230.439 -1235.595 -1235.609
-1232.469 -1233.438 -1236.325 -1236.197
-1237.982 -1233.884 -1239.073 -1238.958
-1220.048 -1228.267 -1232.974 -1232.948
-1237.667 -1237.785 -1240.179 -1240.119
-1229.353 -1235.827 -1237.986 -1237.790
-1237.435 -1238.590 -1240.646 -1240.504
-1237.081 -1237.383 -1238.808 -1238.597
-1234.436 -1235.602 -1237.911 -1237.822
-1230.345 -1234.699 -1237.636 -1237.457
-1224.069 -1238.941 -1240.896 -1240.712
-1220.506 -1234.846 -1240.432 -1240.238
-1236.872 -1237.759 -1239.175 -1238.944
-1229.220 -1234.836 -1238.111 -1237.947
-1238.013 -1238.063 -1240.843 -1240.710
-1235.384 -1236.596 -1238.396 -1238.226
-1230.074 -1230.484 -1234.960 -1234.963
-1235.049 -1236.624 -1238.396 -1238.227
-1236.535 -1235.152 -1238.369 -1238.226
-1235.096 -1235.696 -1239.113 -1238.939
-1239.142 -1238.478 -1240.850 -1240.709
-1230.405 -1234.322 -1236.352 -1236.122
-1214.282 -1234.568 -1237.214 -1237.069
-1221.070 -1237.580 -1240.154 -1240.177
-1220.148 -1232.029 -1240.735 -1240.705
-1231.342 -1231.497 -1234.723 -1234.658
-1229.899 -1233.651 -1235.655 -1235.721
-1239.161 -1239.630 -1240.873 -1240.701
-1237.038 -1237.351 -1240.170 -1240.174
-1227.692 -1226.087 -1230.848 -1230.910
-1230.937 -1232.101 -1235.946 -1235.790
-1234.674 -1236.045 -1239.998 -1240.056
-1237.113 -1235.814 -1240.048 -1240.131
-1224.069 -1238.941 -1240.896 -1240.712
-1220.506 -1234.846 -1240.432 -1240.238
-1236.872 -1237.759 -1239.175 -1238.944
-1239.188 -1238.596 -1240.852 -1240.710
-1237.716 -1236.697 -1240.222 -1240.158
-1236.669 -1235.305 -1240.107 -1240.145
-1232.602 -1231.336 -1234.226 -1234.176
-1239.067 -1237.063 -1240.616 -1240.501
-1239.237 -1239.170 -1240.869 -1240.710
-1231.863 -1232.728 -1234.976 -1234.819
-1238.519 -1236.602 -1240.151 -1240.150
-1228.027 -1228.560 -1232.701 -1232.581
-1236.999 -1237.886 -1240.238 -1240.164
-1228.120 -1232.814 -1236.600 -1236.563
-1232.378 -1231.946 -1235.076 -1234.901
-1220.829 -1236.709 -1239.961 -1240.110
-1209.863 -1231.463 -1235.321 -1235.570
-1216.383 -1230.362 -1231.270 -1231.203
-1235.161 -1235.822 -1237.547 -1237.385
-1232.754 -1232.892 -1236.323 -1236.119
-1235.686 -1237.100 -1239.421 -1239.277
-1240.008 -1239.639 -1240.669 -1240.493
-1232.935 -1235.759 -1239.982 -1240.119
-1224.069 -1238.941 -1240.896 -1240.712
-1220.506 -1234.846 -1240.432 -1240.238
-1236.872 -1237.759 -1239.175 -1238.944
-1233.093 -1237.748 -1240.630 -1240.503
-1235.758 -1234.527 -1238.125 -1238.141
-1236.936 -1237.385 -1240.259 -1240.161
-1229.377 -1232.944 -1235.294 -1235.222
-1237.622 -1237.483 -1240.187 -1240.157
-1228.100 -1229.667 -1231.807 -1232.072
-1230.507 -1230.256 -1234.108 -1233.949
-1231.116 -1231.475 -1234.896 -1234.711
-1232.194 -1233.694 -1236.651 -1236.492
-1238.177 -1239.139 -1240.862 -1240.710
-1238.345 -1238.852 -1240.856 -1240.710
-1236.580 -1236.506 -1240.104 -1240.140
-1214.631 -1226.221 -1237.219 -1237.332
-1223.942 -1229.135 -1233.219 -1233.058
-1229.505 -1236.364 -1239.059 -1238.875
-1261.448 -1239.648 -1240.873 -1240.623
-1230.837 -1233.361 -1234.281 -1234.148
-1234.431 -1233.501 -1237.128 -1236.970
-1231.372 -1230.523 -1233.698 -1233.838
-1229.094 -1227.504 -1232.620 -1232.618
-1234.403 -1234.090 -1237.165 -1237.078
-1224.069 -1238.941 -1240.896 -1240.712
-1220.506 -1234.846 -1240.432 -1240.238
-1236.872 -1237.759 -1239.175 -1238.944
