  ID   Compositions    Enthalpies    Volumes    fitness  SYMM
                       (eV/atom)    (A^3/atom)    ()         
  42  [      8    ]   -155.0890      5.4678   -1240.7118   227
 221  [      8    ]   -155.0779      5.4730   -1240.6232   194
 121  [      8    ]   -155.0631      5.4809   -1240.5045   194
  89  [      8    ]   -155.0299      7.4269   -1240.2394   166
 170  [      8    ]   -155.0221      7.3983   -1240.1769   194
 175  [      8    ]   -155.0218      7.4217   -1240.1740   166
 184  [      8    ]   -155.0197      7.3735   -1240.1576    12
 106  [      8    ]   -154.9927      7.3646   -1239.9413     2
 142  [      8    ]   -154.9097      5.7163   -1239.2779    12
   5  [      8    ]   -154.8705      5.7625   -1238.9640   139
  90  [      8    ]   -154.8680      5.7068   -1238.9442    12
 220  [      8    ]   -154.8594      5.7685   -1238.8748    64
 154  [      8    ]   -154.8247      6.5919   -1238.5972    12
  34  [      8    ]   -154.8241      6.6320   -1238.5925   194
  77  [      8    ]   -154.7784      5.4994   -1238.2270    20
  44  [      8    ]   -154.7441      6.1212   -1237.9529     5
 103  [      8    ]   -154.7394      6.1169   -1237.9155   140
 155  [      8    ]   -154.7278      6.2442   -1237.8221    65
  33  [      8    ]   -154.7269      5.9817   -1237.8150    12
 152  [      8    ]   -154.7238      5.9875   -1237.7905    12
