Gen   ID    Origin   Composition    Enthalpy   Volume  Density   Fitness   KPOINTS  SYMM  Q_entr A_order S_order
                                      (eV)     (A^3)  (g/cm^3)
  1    1   Random    [      8    ] -1222.922    53.044   3.008  -1222.922 [ 4  4  5]  10  0.007  2.119  2.116
  1    2   Random    [      8    ] -1238.963    46.098   3.461  -1238.963 [ 4  4  6] 139  0.000  2.345  2.354
  1    3   Random    [      8    ] -1235.638    66.059   2.415  -1235.638 [ 3  3  6]  12  0.001  2.006  2.014
  1    4   Random    [      8    ] -1232.410    58.109   2.746  -1232.410 [ 4  4  4] 155  0.103  1.863  1.630
  1    5   Random    [      8    ] -1238.964    46.100   3.461  -1238.964 [ 4  4  6] 139  0.000  2.345  2.354
  1    6   Random    [      8    ] -1240.503    43.844   3.639  -1240.503 [ 4  4  6] 194  0.000  2.753  2.761
  1    7   Random    [      8    ] -1240.701    43.729   3.649  -1240.701 [ 4  4  6] 227  0.000  3.403  3.410
  1    8   Random    [      8    ] -1235.144    42.832   3.725  -1235.144 [ 5  5  5] 206  0.000  2.555  2.564
  1    9   Random    [      8    ] -1235.556    64.943   2.457  -1235.556 [ 3  4  6]   2  0.008  2.037  2.033
  1   10   Random    [      8    ] -1240.707    43.737   3.648  -1240.707 [ 4  4  6] 227  0.000  3.407  3.414
  1   11   Random    [      8    ] -1240.083    60.530   2.636  -1240.083 [ 3  4  5]   2  0.000  2.714  2.721
  1   12   Random    [      8    ] -1233.870    57.521   2.774  -1233.870 [ 6  4  3]   1  0.182  1.859  1.497
  1   13   Random    [      8    ] -1237.952    48.971   3.258  -1237.952 [ 5  4  5]   5  0.111  2.039  1.831
  1   14   Random    [      8    ] -1239.973    60.797   2.624  -1239.973 [ 4  6  3]   2  0.002  2.690  2.694
  1   15   Random    [      8    ] -1239.998    59.235   2.694  -1239.998 [ 4  4  6]  12  0.000  2.619  2.626
  1   16   Random    [      8    ] -1240.094    58.438   2.730  -1240.094 [ 4  4  4] 166  0.000  3.250  3.256
  1   17   Random    [      8    ] -1236.389    51.899   3.074  -1236.389 [ 5  5  4] 141  0.000  2.251  2.260
  1   18   Random    [      8    ] -1233.989    67.511   2.363  -1233.989 [ 5  5  3]  63  0.049  2.631  2.517
  1   19   Random    [      8    ] -1240.710    43.740   3.648  -1240.710 [ 4  4  6] 227  0.000  3.408  3.415
  1   20   Random    [      8    ] -1240.710    43.739   3.648  -1240.710 [ 4  4  6] 227  0.000  3.408  3.415
  2   21  Heredity   [      8    ] -1240.697    43.734   3.648  -1240.697 [ 5  5  5] 227  0.000  3.406  3.413
  2   22  Heredity   [      8    ] -1235.089    63.076   2.530  -1235.089 [ 3  5  5]   1  0.160  1.868  1.555
  2   23  Heredity   [      8    ] -1232.674    54.311   2.938  -1232.674 [ 5  4  4]   1  0.110  1.961  1.763
  2   24  Heredity   [      8    ] -1240.709    43.738   3.648  -1240.709 [ 4  4  6] 227  0.000  3.408  3.414
  2   25  Heredity   [      8    ] -1235.663    45.822   3.482  -1235.663 [ 4  4  6]   2  0.128  1.680  1.476
  2   26  Heredity   [      8    ] -1240.707    43.737   3.648  -1240.707 [ 4  4  6] 227  0.000  3.407  3.414
  2   27  Heredity   [      8    ] -1239.243    45.859   3.479  -1239.243 [ 4  4  6]  10  0.128  1.984  1.733
  2   28  Heredity   [      8    ] -1235.570    49.278   3.238  -1235.570 [ 4  4  6]   2  0.147  1.671  1.424
  2   29  Heredity   [      8    ] -1237.472    48.680   3.278  -1237.472 [ 4  5  5]   5  0.064  1.869  1.767
  2   30  Heredity   [      8    ] -1237.818    49.817   3.203  -1237.818 [ 3  4  6]  10  0.054  2.119  2.022
  2   31  Heredity   [      8    ] -1240.707    43.738   3.648  -1240.707 [ 6  4  4] 227  0.000  3.408  3.414
  2   32  Heredity   [      8    ] -1236.497    45.608   3.498  -1236.497 [ 4  4  6]   5  0.076  1.801  1.685
  2   33   Random    [      8    ] -1237.815    47.854   3.334  -1237.815 [ 4  5  5]  12  0.014  2.012  1.999
  2   34   Random    [      8    ] -1238.592    53.056   3.007  -1238.592 [ 4  4  5] 194  0.051  3.019  2.884
  2   35   Random    [      8    ] -1237.071    54.262   2.940  -1237.071 [ 5  4  5]   2  0.123  1.891  1.674
  2   36   Random    [      8    ] -1233.594    53.238   2.997  -1233.594 [ 5  4  5]   1  0.153  1.769  1.502
  2   37 softmutate  [      8    ] -1234.708    56.087   2.845  -1234.708 [ 4  3  6]  11  0.131  2.232  1.946
  2   38 softmutate  [      8    ] -1236.317    50.747   3.144  -1236.317 [ 4  4  6]  12  0.129  2.032  1.772
  2   39 softmutate  [      8    ] -1240.117    59.666   2.674  -1240.117 [ 4  4  5]  12  0.000  2.668  2.675
  2   40 softmutate  [      8    ] -1237.021    44.236   3.607  -1237.021 [ 6  4  4]   2  0.065  1.742  1.650
  2   41 softmutate  [      8    ] -1236.373    49.991   3.192  -1236.373 [ 6  4  4]   1  0.164  1.682  1.397
  2   42 keptBest    [      8    ] -1240.712    43.742   3.648  -1240.712 [ 4  4  6] 227  0.000  3.409  3.416
  2   43 keptBest    [      8    ] -1240.230    59.345   2.689  -1240.230 [ 4  4  4] 166  0.000  3.065  3.071
  2   44 keptBest    [      8    ] -1237.953    48.970   3.258  -1237.953 [ 5  4  5]   5  0.111  2.040  1.831
  3   45  Heredity   [      8    ] -1233.977    60.090   2.655  -1233.977 [ 5  4  5]  69  0.087  2.473  2.281
  3   46  Heredity   [      8    ] -1234.282    51.600   3.092  -1234.282 [ 4  4  6]   2  0.128  1.821  1.594
  3   47  Heredity   [      8    ] -1232.190    50.184   3.179  -1232.190 [ 5  4  4]   1  0.179  1.730  1.404
  3   48  Heredity   [      8    ] -1234.887    57.255   2.787  -1234.887 [ 5  4  5]  12  0.098  2.035  1.839
  3   49  Heredity   [      8    ] -1240.707    43.736   3.648  -1240.707 [ 4  4  6] 227  0.000  3.407  3.413
  3   50  Heredity   [      8    ] -1240.491    43.845   3.639  -1240.491 [ 4  4  7] 194  0.000  2.754  2.762
  3   51  Heredity   [      8    ] -1232.970    57.224   2.788  -1232.970 [ 5  4  5]   1  0.177  1.778  1.444
  3   52  Heredity   [      8    ] -1238.942    45.650   3.495  -1238.942 [ 5  4  5]  12  0.084  1.890  1.751
  3   53  Heredity   [      8    ] -1235.407    52.904   3.016  -1235.407 [ 4  5  5]   1  0.115  1.952  1.736
  3   54  Heredity   [      8    ] -1240.501    43.843   3.639  -1240.501 [ 4  4  6] 194  0.000  2.753  2.761
  3   55   Random    [      8    ] -1238.936    45.643   3.496  -1238.936 [ 5  4  5]  12  0.083  1.890  1.751
  3   56   Random    [      8    ] -1233.816    43.299   3.685  -1233.816 [ 5  5  5]  88  0.000  2.049  2.060
  3   57   Random    [      8    ] -1240.696    43.722   3.649  -1240.696 [ 4  4  6] 227  0.000  3.400  3.406
  3   58   Random    [      8    ] -1240.072    58.306   2.736  -1240.072 [ 4  4  4] 166  0.000  3.277  3.283
  3   59 softmutate  [      8    ] -1240.133    59.302   2.691  -1240.133 [ 4  3  6]  12  0.000  2.677  2.685
  3   60 softmutate  [      8    ] -1240.698    43.735   3.648  -1240.698 [ 5  5  5] 227  0.000  3.407  3.413
  3   61 softmutate  [      8    ] -1237.789    47.896   3.331  -1237.789 [ 4  5  5]  12  0.081  1.867  1.731
  3   62 softmutate  [      8    ] -1240.503    43.845   3.639  -1240.503 [ 4  4  6] 194  0.000  2.753  2.761
  3   63 softmutate  [      8    ] -1235.600    50.989   3.129  -1235.600 [ 4  5  4]   2  0.081  1.981  1.839
  3   64 softmutate  [      8    ] -1234.739    49.799   3.204  -1234.739 [ 5  5  5]  12  0.112  1.801  1.602
  3   65 keptBest    [      8    ] -1240.712    43.742   3.648  -1240.712 [ 4  4  6] 227  0.000  3.409  3.416
  3   66 keptBest    [      8    ] -1240.237    59.397   2.686  -1240.237 [ 4  4  4] 166  0.000  3.064  3.071
  3   67 keptBest    [      8    ] -1237.953    48.970   3.258  -1237.953 [ 5  4  5]   5  0.111  2.040  1.831
  4   68  Heredity   [      8    ] -1233.567    53.866   2.962  -1233.567 [ 4  4  5]   1  0.140  1.872  1.617
  4   69  Heredity   [      8    ] -1236.954    50.641   3.151  -1236.954 [ 4  5  5]   2  0.103  1.814  1.638
  4   70  Heredity   [      8    ] -1233.851    50.622   3.152  -1233.851 [ 5  4  4]   1  0.184  1.580  1.263
  4   71  Heredity   [      8    ] -1237.153    60.362   2.643  -1237.153 [ 4  4  5]   2  0.082  2.069  1.910
  4   72  Heredity   [      8    ] -1237.943    48.952   3.259  -1237.943 [ 4  5  5]   5  0.111  2.041  1.833
  4   73  Heredity   [      8    ] -1234.333    55.173   2.892  -1234.333 [ 4  4  5]   1  0.157  1.844  1.549
  4   74  Heredity   [      8    ] -1240.163    59.403   2.686  -1240.163 [ 4  3  6] 166  0.000  2.924  2.931
  4   75  Heredity   [      8    ] -1236.895    47.919   3.330  -1236.895 [ 4  3  6]  15  0.125  1.792  1.562
  4   76  Heredity   [      8    ] -1233.755    51.721   3.085  -1233.755 [ 5  4  5]   5  0.053  2.031  1.939
  4   77  Heredity   [      8    ] -1238.227    43.995   3.627  -1238.227 [ 4  4  6]  20  0.046  1.955  1.880
  4   78  Heredity   [      8    ] -1233.478    55.113   2.895  -1233.478 [ 5  4  4]   1  0.183  1.710  1.376
  4   79   Random    [      8    ] -1238.872    46.146   3.458  -1238.872 [ 5  5  4]  64  0.000  2.035  2.046
  4   80   Random    [      8    ] -1240.693    43.729   3.649  -1240.693 [ 5  5  5] 227  0.000  3.404  3.411
  4   81   Random    [      8    ] -1232.910    49.907   3.197  -1232.910 [ 5  4  4]   3  0.183  1.932  1.539
  4   82   Random    [      8    ] -1234.911    47.759   3.341  -1234.911 [ 6  6  2]   5  0.126  2.255  1.960
  4   83 softmutate  [      8    ] -1237.343    50.470   3.161  -1237.343 [ 5  3  7]  74  0.000  1.965  1.976
  4   84 softmutate  [      8    ] -1240.094    58.892   2.709  -1240.094 [ 4  3  6]  12  0.018  2.646  2.611
  4   85 softmutate  [      8    ] -1240.709    43.740   3.648  -1240.709 [ 4  4  6] 227  0.000  3.408  3.415
  4   86 softmutate  [      8    ] -1236.920    46.921   3.400  -1236.920 [ 4  4  6]   2  0.102  1.737  1.579
  4   87 softmutate  [      8    ] -1240.083    58.923   2.708  -1240.083 [ 4  3  6] 166  0.000  2.790  2.797
  4   88 keptBest    [      8    ] -1240.712    43.742   3.648  -1240.712 [ 4  4  6] 227  0.000  3.409  3.416
  4   89 keptBest    [      8    ] -1240.239    59.415   2.685  -1240.239 [ 4  4  4] 166  0.000  3.064  3.071
  4   90 keptBest    [      8    ] -1238.944    45.654   3.495  -1238.944 [ 5  4  5]  12  0.084  1.890  1.751
  5   91  Heredity   [      8    ] -1237.819    49.955   3.194  -1237.819 [ 5  4  5]  65  0.051  2.146  2.054
  5   92  Heredity   [      8    ] -1240.139    58.734   2.717  -1240.139 [ 4  4  4] 166  0.000  3.139  3.146
  5   93  Heredity   [      8    ] -1233.684    59.861   2.665  -1233.684 [ 5  4  4]   1  0.153  1.812  1.531
  5   94  Heredity   [      8    ] -1236.670    54.963   2.903  -1236.670 [ 5  3  7]   8  0.156  2.058  1.724
  5   95  Heredity   [      8    ] -1237.728    47.209   3.380  -1237.728 [ 4  4  7]  44  0.112  2.102  1.872
  5   96  Heredity   [      8    ] -1237.264    50.983   3.130  -1237.264 [ 4  4  6]  44  0.175  1.993  1.601
  5   97  Heredity   [      8    ] -1240.161    59.280   2.692  -1240.161 [ 3  4  5] 166  0.000  3.062  3.069
  5   98  Heredity   [      8    ] -1234.099    51.884   3.075  -1234.099 [ 5  4  4]   2  0.181  1.606  1.288
  5   99  Heredity   [      8    ] -1237.002    46.904   3.402  -1237.002 [ 4  4  6]   1  0.146  1.635  1.401
  5  100  Heredity   [      8    ] -1240.694    43.731   3.648  -1240.694 [ 5  5  5]   1  0.000  3.405  3.412
  5  101   Random    [      8    ] -1240.131    59.581   2.678  -1240.131 [ 3  4  6]  12  0.000  2.661  2.668
  5  102   Random    [      8    ] -1240.504    43.847   3.639  -1240.504 [ 4  4  6] 194  0.000  2.753  2.761
  5  103   Random    [      8    ] -1237.916    48.935   3.260  -1237.916 [ 5  5  5] 140  0.000  2.470  2.479
  5  104   Random    [      8    ] -1240.503    43.846   3.639  -1240.503 [ 6  4  4] 194  0.000  2.753  2.761
  5  105 softmutate  [      8    ] -1240.709    43.739   3.648  -1240.709 [ 4  4  6] 227  0.000  3.408  3.415
  5  106 softmutate  [      8    ] -1239.941    58.916   2.708  -1239.941 [ 4  4  6]   2  0.000  2.592  2.600
  5  107 softmutate  [      8    ] -1236.255    49.250   3.240  -1236.255 [ 5  4  5]   2  0.108  1.728  1.559
  5  108 softmutate  [      8    ] -1236.257    49.252   3.240  -1236.257 [ 4  4  5]   2  0.108  1.728  1.559
  5  109 softmutate  [      8    ] -1234.358    48.072   3.319  -1234.358 [ 4  4  6]   2  0.085  1.949  1.805
  5  110 softmutate  [      8    ] -1234.696    47.366   3.369  -1234.696 [ 4  4  6]  13  0.030  1.632  1.601
  5  111 keptBest    [      8    ] -1240.712    43.742   3.648  -1240.712 [ 4  4  6] 227  0.000  3.409  3.416
  5  112 keptBest    [      8    ] -1240.238    59.411   2.686  -1240.238 [ 4  4  4] 166  0.000  3.064  3.071
  5  113 keptBest    [      8    ] -1238.944    45.654   3.495  -1238.944 [ 5  4  5]  12  0.084  1.890  1.751
  6  114  Heredity   [      8    ] -1240.158    59.277   2.692  -1240.158 [ 5  4  4] 166  0.000  2.836  2.843
  6  115  Heredity   [      8    ] -1240.123    59.749   2.670  -1240.123 [ 3  4  7]  69  0.000  2.647  2.654
  6  116  Heredity   [      8    ] -1235.520    57.378   2.781  -1235.520 [ 5  5  4]   1  0.141  1.844  1.588
  6  117  Heredity   [      8    ] -1240.489    43.843   3.639  -1240.489 [ 4  4  7] 194  0.000  2.753  2.762
  6  118  Heredity   [      8    ] -1240.142    59.173   2.696  -1240.142 [ 4  4  4] 166  0.000  2.754  2.761
  6  119  Heredity   [      8    ] -1240.163    58.884   2.710  -1240.163 [ 4  4  4] 166  0.000  3.097  3.103
  6  120  Heredity   [      8    ] -1240.708    43.740   3.648  -1240.708 [ 4  4  6]   1  0.000  3.408  3.415
  6  121  Heredity   [      8    ] -1240.504    43.847   3.639  -1240.504 [ 4  6  4] 194  0.000  2.753  2.762
  6  122  Heredity   [      8    ] -1240.159    58.861   2.711  -1240.159 [ 4  4  4] 166  0.000  3.126  3.132
  6  123  Heredity   [      8    ] -1236.457    55.053   2.898  -1236.457 [ 5  4  5]  15  0.081  1.877  1.739
  6  124  Heredity   [      8    ] -1234.668    51.711   3.085  -1234.668 [ 3  4  6]   1  0.175  1.794  1.454
  6  125   Random    [      8    ] -1235.583    62.009   2.573  -1235.583 [ 5  5  3]   2  0.147  1.925  1.632
  6  126   Random    [      8    ] -1232.691    53.964   2.957  -1232.691 [ 4  4  5]   1  0.203  1.612  1.251
  6  127   Random    [      8    ] -1240.690    43.727   3.649  -1240.690 [ 5  5  5] 227  0.000  3.403  3.409
  6  128   Random    [      8    ] -1236.713    47.294   3.374  -1236.713 [ 3  5  6]  10  0.088  1.907  1.761
  6  129 softmutate  [      8    ] -1240.504    43.847   3.639  -1240.504 [ 4  4  6] 194  0.000  2.753  2.761
  6  130 softmutate  [      8    ] -1230.846    49.215   3.242  -1230.846 [ 4  4  6]   1  0.161  1.630  1.370
  6  131 softmutate  [      8    ] -1236.010    48.258   3.306  -1236.010 [ 5  3  7]   8  0.156  2.027  1.694
  6  132 softmutate  [      8    ] -1239.246    45.862   3.479  -1239.246 [ 4  4  6]  10  0.128  1.984  1.733
  6  133 softmutate  [      8    ] -1239.245    45.862   3.479  -1239.245 [ 4  4  6]  10  0.128  1.984  1.733
  6  134 keptBest    [      8    ] -1240.712    43.742   3.648  -1240.712 [ 4  4  6] 227  0.000  3.409  3.416
  6  135 keptBest    [      8    ] -1240.238    59.406   2.686  -1240.238 [ 4  4  4] 166  0.000  3.065  3.071
  6  136 keptBest    [      8    ] -1238.944    45.654   3.495  -1238.944 [ 5  4  5]  12  0.084  1.890  1.751
  7  137  Heredity   [      8    ] -1231.325    50.734   3.145  -1231.325 [ 4  5  5]   1  0.167  1.685  1.391
  7  138  Heredity   [      8    ] -1236.671    52.330   3.049  -1236.671 [ 4  5  5]   8  0.165  1.749  1.429
  7  139  Heredity   [      8    ] -1235.503    53.650   2.974  -1235.503 [ 4  4  5]  12  0.057  2.179  2.070
  7  140  Heredity   [      8    ] -1239.247    45.864   3.479  -1239.247 [ 4  4  6]  10  0.128  1.984  1.733
  7  141  Heredity   [      8    ] -1240.150    59.694   2.673  -1240.150 [ 3  4  6]  12  0.000  2.672  2.680
  7  142  Heredity   [      8    ] -1239.278    45.730   3.489  -1239.278 [ 4  4  6]  12  0.120  2.033  1.793
  7  143  Heredity   [      8    ] -1232.436    56.809   2.809  -1232.436 [ 5  4  4]   1  0.153  1.882  1.594
  7  144  Heredity   [      8    ] -1229.994    52.361   3.047  -1229.994 [ 4  4  6]   5  0.198  1.718  1.333
  7  145  Heredity   [      8    ] -1231.959    50.296   3.172  -1231.959 [ 4  5  5]   1  0.196  1.616  1.271
  7  146  Heredity   [      8    ] -1240.710    43.740   3.648  -1240.710 [ 4  6  4] 227  0.000  3.409  3.415
  7  147   Random    [      8    ] -1235.609    65.383   2.440  -1235.609 [ 6  3  4]   2  0.006  1.978  1.977
  7  148   Random    [      8    ] -1236.197    52.390   3.045  -1236.197 [ 3  5  5]   8  0.151  1.871  1.579
  7  149   Random    [      8    ] -1238.958    46.093   3.462  -1238.958 [ 4  4  6] 139  0.000  2.343  2.353
  7  150   Random    [      8    ] -1232.948    54.034   2.953  -1232.948 [ 5  5  4]  22  0.141  1.814  1.536
  7  151 softmutate  [      8    ] -1240.119    59.378   2.687  -1240.119 [ 4  4  5]  12  0.000  2.641  2.649
  7  152 softmutate  [      8    ] -1237.790    47.900   3.331  -1237.790 [ 5  4  5]  12  0.081  1.867  1.731
  7  153 softmutate  [      8    ] -1240.504    43.846   3.639  -1240.504 [ 4  4  6] 194  0.000  2.753  2.761
  7  154 softmutate  [      8    ] -1238.597    52.735   3.026  -1238.597 [ 3  5  7]  12  0.131  2.259  1.966
  7  155 softmutate  [      8    ] -1237.822    49.954   3.194  -1237.822 [ 5  4  5]  65  0.049  2.177  2.086
  7  156 softmutate  [      8    ] -1237.457    48.839   3.267  -1237.457 [ 5  5  4]  13  0.048  1.778  1.711
  7  157 keptBest    [      8    ] -1240.712    43.742   3.648  -1240.712 [ 4  4  6] 227  0.000  3.409  3.416
  7  158 keptBest    [      8    ] -1240.238    59.406   2.686  -1240.238 [ 4  4  4] 166  0.000  3.065  3.071
  7  159 keptBest    [      8    ] -1238.944    45.654   3.495  -1238.944 [ 5  4  5]  12  0.084  1.890  1.751
  8  160  Heredity   [      8    ] -1237.947    48.960   3.259  -1237.947 [ 5  4  5]   5  0.111  2.040  1.832
  8  161  Heredity   [      8    ] -1240.710    43.740   3.648  -1240.710 [ 4  4  6] 227  0.000  3.408  3.415
  8  162  Heredity   [      8    ] -1238.226    43.994   3.627  -1238.226 [ 4  4  6]  20  0.046  1.956  1.881
  8  163  Heredity   [      8    ] -1234.963    53.871   2.962  -1234.963 [ 3  5  7]   8  0.190  1.949  1.543
  8  164  Heredity   [      8    ] -1238.227    43.993   3.627  -1238.227 [ 4  4  6]  20  0.046  1.958  1.883
  8  165  Heredity   [      8    ] -1238.226    43.994   3.627  -1238.226 [ 4  4  6]  20  0.046  1.957  1.882
  8  166  Heredity   [      8    ] -1238.939    45.645   3.496  -1238.939 [ 4  5  5]  12  0.083  1.890  1.751
  8  167  Heredity   [      8    ] -1240.709    43.739   3.648  -1240.709 [ 4  4  6] 227  0.000  3.408  3.414
  8  168  Heredity   [      8    ] -1236.122    49.328   3.235  -1236.122 [ 4  3  6]  38  0.147  2.002  1.712
  8  169   Random    [      8    ] -1237.069    54.264   2.940  -1237.069 [ 4  5  5]   2  0.122  1.891  1.674
  8  170   Random    [      8    ] -1240.177    59.186   2.696  -1240.177 [ 4  3  6] 194  0.045  3.141  3.016
  8  171   Random    [      8    ] -1240.705    43.733   3.648  -1240.705 [ 4  6  4] 227  0.000  3.405  3.412
  8  172   Random    [      8    ] -1234.658    57.002   2.799  -1234.658 [ 5  4  4]   2  0.091  1.979  1.821
  8  173   Random    [      8    ] -1235.721    64.445   2.476  -1235.721 [ 5  5  3]  10  0.013  1.947  1.934
  8  174 softmutate  [      8    ] -1240.701    43.737   3.648  -1240.701 [ 3  5  6] 227  0.000  3.407  3.414
  8  175 softmutate  [      8    ] -1240.174    59.374   2.687  -1240.174 [ 3  4  7] 166  0.000  2.883  2.890
  8  176 softmutate  [      8    ] -1230.910    57.166   2.791  -1230.910 [ 5  4  4]  12  0.045  2.103  2.028
  8  177 softmutate  [      8    ] -1235.790    52.320   3.050  -1235.790 [ 5  4  5]  65  0.034  2.122  2.068
  8  178 softmutate  [      8    ] -1240.056    59.336   2.689  -1240.056 [ 5  4  4]  12  0.000  2.606  2.614
  8  179 softmutate  [      8    ] -1240.131    58.855   2.711  -1240.131 [ 4  4  4]  12  0.000  2.688  2.695
  8  180 keptBest    [      8    ] -1240.712    43.742   3.648  -1240.712 [ 4  4  6] 227  0.000  3.409  3.416
  8  181 keptBest    [      8    ] -1240.238    59.400   2.686  -1240.238 [ 4  4  4] 166  0.000  3.065  3.072
  8  182 keptBest    [      8    ] -1238.944    45.654   3.495  -1238.944 [ 5  4  5]  12  0.084  1.890  1.751
  9  183  Heredity   [      8    ] -1240.710    43.739   3.648  -1240.710 [ 4  4  6] 227  0.000  3.408  3.415
  9  184  Heredity   [      8    ] -1240.158    58.988   2.705  -1240.158 [ 4  4  4]  12  0.000  2.710  2.717
  9  185  Heredity   [      8    ] -1240.145    59.243   2.693  -1240.145 [ 4  3  6] 166  0.000  2.919  2.926
  9  186  Heredity   [      8    ] -1234.176    47.952   3.327  -1234.176 [ 4  3  6]   1  0.099  1.822  1.658
  9  187  Heredity   [      8    ] -1240.501    43.843   3.639  -1240.501 [ 4  4  6] 194  0.000  2.753  2.761
  9  188  Heredity   [      8    ] -1240.710    43.740   3.648  -1240.710 [ 4  4  6] 227  0.000  3.408  3.415
  9  189  Heredity   [      8    ] -1234.819    54.025   2.953  -1234.819 [ 4  4  5]  12  0.137  1.917  1.663
  9  190  Heredity   [      8    ] -1240.150    58.804   2.713  -1240.150 [ 4  4  4]   1  0.000  3.164  3.170
  9  191  Heredity   [      8    ] -1232.581    54.762   2.914  -1232.581 [ 4  4  5]   1  0.196  1.600  1.257
  9  192  Heredity   [      8    ] -1240.164    59.551   2.679  -1240.164 [ 4  4  5]   1  0.000  2.808  2.815
  9  193   Random    [      8    ] -1236.563    53.191   3.000  -1236.563 [ 6  4  4]  63  0.126  1.854  1.613
  9  194   Random    [      8    ] -1234.901    55.081   2.897  -1234.901 [ 5  5  5] 229  0.000  2.794  2.802
  9  195   Random    [      8    ] -1240.110    59.072   2.701  -1240.110 [ 4  3  6] 166  0.001  2.832  2.838
  9  196   Random    [      8    ] -1235.570    70.250   2.271  -1235.570 [ 3  3  6]   5  0.151  2.476  2.064
  9  197   Random    [      8    ] -1231.203    54.007   2.954  -1231.203 [ 4  4  6]   5  0.094  2.048  1.873
  9  198 softmutate  [      8    ] -1237.385    46.378   3.440  -1237.385 [ 4  4  6]   2  0.126  1.745  1.535
  9  199 softmutate  [      8    ] -1236.119    49.323   3.235  -1236.119 [ 4  3  6]  38  0.147  2.002  1.712
  9  200 softmutate  [      8    ] -1239.277    45.727   3.489  -1239.277 [ 4  4  6]  12  0.120  2.033  1.792
  9  201 softmutate  [      8    ] -1240.493    43.848   3.639  -1240.493 [ 4  4  7] 194  0.000  2.754  2.762
  9  202 softmutate  [      8    ] -1240.119    59.132   2.698  -1240.119 [ 4  3  6] 166  0.000  2.848  2.855
  9  203 keptBest    [      8    ] -1240.712    43.742   3.648  -1240.712 [ 4  4  6] 227  0.000  3.409  3.416
  9  204 keptBest    [      8    ] -1240.238    59.400   2.686  -1240.238 [ 4  4  4] 166  0.000  3.065  3.072
  9  205 keptBest    [      8    ] -1238.944    45.654   3.495  -1238.944 [ 5  4  5]  12  0.084  1.890  1.751
 10  206  Heredity   [      8    ] -1240.503    43.844   3.639  -1240.503 [ 4  4  6] 194  0.000  2.753  2.761
 10  207  Heredity   [      8    ] -1238.141    59.817   2.667  -1238.141 [ 4  4  5]   2  0.096  1.991  1.801
 10  208  Heredity   [      8    ] -1240.161    59.354   2.688  -1240.161 [ 4  3  6] 166  0.000  2.987  2.994
 10  209  Heredity   [      8    ] -1235.222    47.354   3.369  -1235.222 [ 4  4  7]   1  0.107  1.833  1.652
 10  210  Heredity   [      8    ] -1240.157    59.227   2.694  -1240.157 [ 4  4  4] 166  0.000  2.863  2.870
 10  211  Heredity   [      8    ] -1232.072    54.134   2.947  -1232.072 [ 3  4  6]   1  0.158  1.792  1.509
 10  212  Heredity   [      8    ] -1233.949    50.278   3.173  -1233.949 [ 4  4  6]   1  0.107  1.782  1.607
 10  213  Heredity   [      8    ] -1234.711    48.509   3.289  -1234.711 [ 4  4  5]   1  0.179  1.639  1.334
 10  214  Heredity   [      8    ] -1236.492    47.087   3.388  -1236.492 [ 4  4  6]   2  0.130  1.676  1.466
 10  215  Heredity   [      8    ] -1240.710    43.739   3.648  -1240.710 [ 4  4  6] 227  0.000  3.408  3.415
 10  216  Heredity   [      8    ] -1240.710    43.740   3.648  -1240.710 [ 4  4  6] 227  0.000  3.409  3.415
 10  217   Random    [      8    ] -1240.140    58.734   2.717  -1240.140 [ 4  4  4] 166  0.000  3.122  3.129
 10  218   Random    [      8    ] -1237.332    50.427   3.164  -1237.332 [ 3  6  4]  74  0.000  1.972  1.983
 10  219   Random    [      8    ] -1233.058    57.941   2.754  -1233.058 [ 4  4  4]   5  0.107  1.919  1.718
 10  220   Random    [      8    ] -1238.875    46.148   3.457  -1238.875 [ 5  5  4]  64  0.000  2.035  2.046
 10  221   Random    [      8    ] -1240.623    43.784   3.644  -1240.623 [ 7  7  2] 194  0.026  2.901  2.841
 10  222 softmutate  [      8    ] -1234.148    49.578   3.218  -1234.148 [ 3  4  6]   1  0.138  1.793  1.551
 10  223 softmutate  [      8    ] -1236.970    54.647   2.920  -1236.970 [ 4  4  4]  65  0.065  1.931  1.821
 10  224 softmutate  [      8    ] -1233.838    54.240   2.942  -1233.838 [ 5  4  4]   5  0.142  1.891  1.615
 10  225 softmutate  [      8    ] -1232.618    64.341   2.480  -1232.618 [ 5  3  4]   1  0.213  1.763  1.338
 10  226 softmutate  [      8    ] -1237.078    60.808   2.624  -1237.078 [ 4  5  4]   2  0.035  1.917  1.868
 10  227 keptBest    [      8    ] -1240.712    43.742   3.648  -1240.712 [ 4  4  6] 227  0.000  3.409  3.416
 10  228 keptBest    [      8    ] -1240.238    59.408   2.686  -1240.238 [ 4  4  4] 166  0.000  3.065  3.071
 10  229 keptBest    [      8    ] -1238.944    45.654   3.495  -1238.944 [ 5  4  5]  12  0.084  1.890  1.751
