 ID    Origin    Enthalpy   Parent-E   Parent-ID
   1   Random    -152.865  -152.865  [         0]
   2   Random    -154.870  -154.870  [         0]
   3   Random    -154.455  -154.455  [         0]
   4   Random    -154.051  -154.051  [         0]
   5   Random    -154.870  -154.870  [         0]
   6   Random    -155.063  -155.063  [         0]
   7   Random    -155.088  -155.088  [         0]
   8   Random    -154.393  -154.393  [         0]
   9   Random    -154.444  -154.444  [         0]
  10   Random    -155.088  -155.088  [         0]
  11   Random    -155.010  -155.010  [         0]
  12   Random    -154.234  -154.234  [         0]
  13   Random    -154.744  -154.744  [         0]
  14   Random    -154.997  -154.997  [         0]
  15   Random    -155.000  -155.000  [         0]
  16   Random    -155.012  -155.012  [         0]
  17   Random    -154.549  -154.549  [         0]
  18   Random    -154.249  -154.249  [         0]
  19   Random    -155.089  -155.089  [         0]
  20   Random    -155.089  -155.089  [         0]
  21  Heredity   -155.087  -155.039  [    16  19]
  22  Heredity   -154.386  -155.042  [     6  15]
  23  Heredity   -154.084  -155.023  [    15  19]
  24  Heredity   -155.089  -155.075  [    19   6]
  25  Heredity   -154.458  -155.019  [    15   6]
  26  Heredity   -155.088  -155.054  [    19  11]
  27  Heredity   -154.905  -154.874  [    13   6]
  28  Heredity   -154.446  -155.051  [    19  11]
  29  Heredity   -154.684  -154.904  [    13  15]
  30  Heredity   -154.727  -155.078  [    19   6]
  31  Heredity   -155.088  -154.914  [    17   6]
  32  Heredity   -154.562  -154.477  [    19  18]
  33   Random    -154.727  -154.727  [         0]
  34   Random    -154.824  -154.824  [         0]
  35   Random    -154.634  -154.634  [         0]
  36   Random    -154.199  -154.199  [         0]
  37 softmutate  -154.338  -155.089  [        19]
  38 softmutate  -154.540  -155.000  [        15]
  39 softmutate  -155.015  -155.000  [        15]
  40 softmutate  -154.628  -154.234  [        12]
  41 softmutate  -154.547  -154.234  [        12]
  42 keptBest    -155.089  -155.089  [        19]
  43 keptBest    -155.029  -155.012  [        16]
  44 keptBest    -154.744  -154.744  [        13]
  45  Heredity   -154.247  -154.678  [    35  44]
  46  Heredity   -154.285  -154.926  [    39  30]
  47  Heredity   -154.024  -154.653  [    33  40]
  48  Heredity   -154.361  -154.844  [    39  30]
  49  Heredity   -155.088  -154.885  [    34  43]
  50  Heredity   -155.061  -154.754  [    25  42]
  51  Heredity   -154.121  -155.073  [    42  43]
  52  Heredity   -154.868  -154.927  [    39  44]
  53  Heredity   -154.426  -154.808  [    35  27]
  54  Heredity   -155.063  -154.917  [    42  34]
  55   Random    -154.867  -154.867  [         0]
  56   Random    -154.227  -154.227  [         0]
  57   Random    -155.087  -155.087  [         0]
  58   Random    -155.009  -155.009  [         0]
  59 softmutate  -155.017  -154.824  [        34]
  60 softmutate  -155.087  -155.029  [        43]
  61 softmutate  -154.724  -155.029  [        43]
  62 softmutate  -155.063  -154.727  [        30]
  63 softmutate  -154.450  -155.029  [        43]
  64 softmutate  -154.342  -155.029  [        43]
  65 keptBest    -155.089  -155.089  [        42]
  66 keptBest    -155.030  -155.029  [        43]
  67 keptBest    -154.744  -154.744  [        44]
  68  Heredity   -154.196  -154.900  [    58  67]
  69  Heredity   -154.619  -154.847  [    53  58]
  70  Heredity   -154.231  -154.931  [    67  66]
  71  Heredity   -154.644  -155.032  [    62  58]
  72  Heredity   -154.743  -154.848  [    59  63]
  73  Heredity   -154.292  -154.913  [    61  62]
  74  Heredity   -155.020  -155.065  [    59  65]
  75  Heredity   -154.612  -154.708  [    62  63]
  76  Heredity   -154.219  -155.021  [    66  59]
  77  Heredity   -154.778  -154.972  [    52  65]
  78  Heredity   -154.185  -154.739  [    58  53]
  79   Random    -154.859  -154.859  [         0]
  80   Random    -155.087  -155.087  [         0]
  81   Random    -154.114  -154.114  [         0]
  82   Random    -154.364  -154.364  [         0]
  83 softmutate  -154.668  -155.089  [        65]
  84 softmutate  -155.012  -155.089  [        65]
  85 softmutate  -155.089  -155.089  [        65]
  86 softmutate  -154.615  -155.089  [        65]
  87 softmutate  -155.010  -155.063  [        62]
  88 keptBest    -155.089  -155.089  [        65]
  89 keptBest    -155.030  -155.030  [        66]
  90 keptBest    -154.868  -154.868  [        52]
  91  Heredity   -154.727  -154.800  [    90  72]
  92  Heredity   -155.017  -154.927  [    89  90]
  93  Heredity   -154.211  -154.909  [    79  84]
  94  Heredity   -154.584  -154.772  [    79  83]
  95  Heredity   -154.716  -154.721  [    77  86]
  96  Heredity   -154.658  -154.872  [    88  83]
  97  Heredity   -155.020  -154.714  [    71  72]
  98  Heredity   -154.262  -154.921  [    89  79]
  99  Heredity   -154.625  -155.063  [    88  87]
 100  Heredity   -155.087  -154.708  [    86  90]
 101   Random    -155.016  -155.016  [         0]
 102   Random    -155.063  -155.063  [         0]
 103   Random    -154.739  -154.739  [         0]
 104   Random    -155.063  -155.063  [         0]
 105 softmutate  -155.089  -155.089  [        88]
 106 softmutate  -154.993  -155.089  [        88]
 107 softmutate  -154.532  -154.868  [        90]
 108 softmutate  -154.532  -154.868  [        90]
 109 softmutate  -154.295  -154.615  [        86]
 110 softmutate  -154.337  -154.615  [        86]
 111 keptBest    -155.089  -155.089  [        88]
 112 keptBest    -155.030  -155.030  [        89]
 113 keptBest    -154.868  -154.868  [        90]
 114  Heredity   -155.020  -155.020  [  112  106]
 115  Heredity   -155.015  -155.045  [  101  111]
 116  Heredity   -154.440  -154.972  [  113  112]
 117  Heredity   -155.061  -154.927  [   91  111]
 118  Heredity   -155.018  -155.025  [  112   92]
 119  Heredity   -155.020  -155.014  [  112  106]
 120  Heredity   -155.089  -154.965  [  102  113]
 121  Heredity   -155.063  -155.047  [  112  102]
 122  Heredity   -155.020  -155.023  [  112   92]
 123  Heredity   -154.557  -155.007  [  106  101]
 124  Heredity   -154.333  -155.017  [  101   92]
 125   Random    -154.448  -154.448  [         0]
 126   Random    -154.086  -154.086  [         0]
 127   Random    -155.086  -155.086  [         0]
 128   Random    -154.589  -154.589  [         0]
 129 softmutate  -155.063  -155.063  [       102]
 130 softmutate  -153.856  -154.625  [        99]
 131 softmutate  -154.501  -154.625  [        99]
 132 softmutate  -154.906  -155.016  [       101]
 133 softmutate  -154.906  -155.016  [       101]
 134 keptBest    -155.089  -155.089  [       111]
 135 keptBest    -155.030  -155.030  [       112]
 136 keptBest    -154.868  -154.868  [       113]
 137  Heredity   -153.916  -155.019  [  118  114]
 138  Heredity   -154.584  -154.850  [  118  128]
 139  Heredity   -154.438  -155.018  [  115  114]
 140  Heredity   -154.906  -154.994  [  132  135]
 141  Heredity   -155.019  -154.908  [  115  136]
 142  Heredity   -154.910  -154.954  [  134  128]
 143  Heredity   -154.055  -154.895  [  136  132]
 144  Heredity   -153.749  -154.864  [  124  134]
 145  Heredity   -153.995  -154.905  [  114  128]
 146  Heredity   -155.089  -154.982  [  121  136]
 147   Random    -154.451  -154.451  [         0]
 148   Random    -154.525  -154.525  [         0]
 149   Random    -154.870  -154.870  [         0]
 150   Random    -154.119  -154.119  [         0]
 151 softmutate  -155.015  -155.018  [       118]
 152 softmutate  -154.724  -155.018  [       118]
 153 softmutate  -155.063  -155.063  [       121]
 154 softmutate  -154.825  -155.015  [       115]
 155 softmutate  -154.728  -154.868  [       136]
 156 softmutate  -154.682  -154.868  [       136]
 157 keptBest    -155.089  -155.089  [       134]
 158 keptBest    -155.030  -155.030  [       135]
 159 keptBest    -154.868  -154.868  [       136]
 160  Heredity   -154.743  -154.941  [  153  159]
 161  Heredity   -155.089  -154.899  [  155  153]
 162  Heredity   -154.778  -154.972  [  157  142]
 163  Heredity   -154.370  -154.986  [  157  154]
 164  Heredity   -154.778  -155.039  [  153  158]
 165  Heredity   -154.778  -155.070  [  153  157]
 166  Heredity   -154.867  -154.975  [  153  159]
 167  Heredity   -155.089  -155.000  [  157  142]
 168  Heredity   -154.515  -154.982  [  153  149]
 169   Random    -154.634  -154.634  [         0]
 170   Random    -155.022  -155.022  [         0]
 171   Random    -155.088  -155.088  [         0]
 172   Random    -154.332  -154.332  [         0]
 173   Random    -154.465  -154.465  [         0]
 174 softmutate  -155.088  -155.019  [       141]
 175 softmutate  -155.022  -155.019  [       141]
 176 softmutate  -153.864  -155.030  [       158]
 177 softmutate  -154.474  -155.030  [       158]
 178 softmutate  -155.007  -155.030  [       158]
 179 softmutate  -155.016  -155.030  [       158]
 180 keptBest    -155.089  -155.089  [       157]
 181 keptBest    -155.030  -155.030  [       158]
 182 keptBest    -154.868  -154.868  [       159]
 183  Heredity   -155.089  -155.036  [  180  179]
 184  Heredity   -155.020  -154.657  [  177  178]
 185  Heredity   -155.018  -154.814  [  168  175]
 186  Heredity   -154.272  -154.834  [  168  181]
 187  Heredity   -155.063  -154.874  [  181  164]
 188  Heredity   -155.089  -155.047  [  180  175]
 189  Heredity   -154.352  -154.882  [  180  169]
 190  Heredity   -155.019  -155.024  [  179  181]
 191  Heredity   -154.073  -154.929  [  164  179]
 192  Heredity   -155.021  -155.017  [  170  178]
 193   Random    -154.570  -154.570  [         0]
 194   Random    -154.363  -154.363  [         0]
 195   Random    -155.014  -155.014  [         0]
 196   Random    -154.446  -154.446  [         0]
 197   Random    -153.900  -153.900  [         0]
 198 softmutate  -154.673  -154.515  [       168]
 199 softmutate  -154.515  -154.515  [       168]
 200 softmutate  -154.910  -155.022  [       175]
 201 softmutate  -155.062  -155.022  [       175]
 202 softmutate  -155.015  -155.089  [       180]
 203 keptBest    -155.089  -155.089  [       180]
 204 keptBest    -155.030  -155.030  [       181]
 205 keptBest    -154.868  -154.868  [       182]
 206  Heredity   -155.063  -155.023  [  184  204]
 207  Heredity   -154.768  -154.780  [  196  204]
 208  Heredity   -155.020  -154.834  [  198  185]
 209  Heredity   -154.403  -154.435  [  194  199]
 210  Heredity   -155.020  -155.024  [  204  190]
 211  Heredity   -154.009  -155.046  [  192  203]
 212  Heredity   -154.244  -154.969  [  200  203]
 213  Heredity   -154.339  -155.050  [  190  187]
 214  Heredity   -154.561  -155.041  [  184  187]
 215  Heredity   -155.089  -155.051  [  187  204]
 216  Heredity   -155.089  -155.048  [  203  184]
 217   Random    -155.017  -155.017  [         0]
 218   Random    -154.667  -154.667  [         0]
 219   Random    -154.132  -154.132  [         0]
 220   Random    -154.859  -154.859  [         0]
 221   Random    -155.078  -155.078  [         0]
 222 softmutate  -154.269  -155.030  [       204]
 223 softmutate  -154.621  -155.020  [       184]
 224 softmutate  -154.230  -155.020  [       184]
 225 softmutate  -154.077  -155.018  [       185]
 226 softmutate  -154.635  -155.018  [       185]
 227 keptBest    -155.089  -155.089  [       203]
 228 keptBest    -155.030  -155.030  [       204]
 229 keptBest    -154.868  -154.868  [       205]
